elements:      [Nb]
cutoff:        5.0
pair_type:     gaussian
feature_type:  gtinv
model_type:    4
max_p:         2
max_l:         12

gtinv_order:   4
gtinv_maxl:    [12, 8, 2]
gtinv_sym:     [0, 0, 0]
gtinv_version: 1

electrostatic: 0
mass:          [92.91]

n_pair_params: 6
pair_params:
- [0.5, 0.0]
- [0.5, 0.75]
- [0.5, 1.5]
- [0.5, 2.25]
- [0.5, 3.0]
- [0.0, 0.0]

n_type_pairs: 1
type_pairs:
- atom_type_pair:      [0, 0]
  pair_params_indices: [0, 1, 2, 3, 4, 5]

type_full:    1
type_indices: [0]

n_coeffs: 4062
coeffs: [-2.793947010671912e+01, -1.703160420404877e+02, -6.886473766997151e+02, -1.892072047132517e+02, 3.382560187538424e+01, 6.988820179724796e+01, 1.000821250627973e+02, 3.490826969229605e+02, 3.478719660002316e+02, 3.776893953308895e+02, 2.089387918064721e+02, 1.093190247494027e+02, -7.429229146295351e+01, -1.329750661743309e+02, -1.140345110093238e+03, -4.094902006683878e+03, 7.026854476520181e+02, -2.018949243037783e+03, 9.779172851483065e+02, 1.191332561559478e+03, -2.115002836718334e+01, -4.803669143846648e+02, -7.066817984821051e+02, -4.823970974632059e+03, -6.248453563190727e+03, -4.255507540114734e+03, -3.116366973181287e+03, -3.818068499917141e+03, 2.259457528311639e+03, -1.500518975461646e+03, 4.294701590424061e+03, 2.881746793744570e+03, 5.308166727182483e+03, 1.870794727779985e+03, -4.577137884881242e+03, -3.601612716968497e+03, -3.834129379822079e+03, -2.704876729401157e+03, 4.221955548235293e+03, -2.170807979095064e+03, -2.696466519560756e+03, -2.273340310653799e+03, 2.098536888447615e+03, 2.145671735200482e+03, 4.896961945566657e+03, -3.555145004364316e+03, 3.616015537386986e+03, -1.614470680013783e+03, 2.678317503334462e+03, 7.604112000516412e+02, -1.924326536005790e+02, -2.274949683774826e+03, 7.144610837725588e+02, -2.367844770335711e+03, 3.851065752031710e+03, 3.281916125681329e+03, -2.251341018652231e+03, -1.138980380502276e+03, 1.485280692403725e+01, 2.081823364256729e+03, -3.299960008920954e+01, -2.266785698877908e+03, 1.737966524667142e+03, 6.626030266748218e+02, -5.367239233141630e+02, 8.717767848634340e+02, 7.957458088162557e+02, 8.730354521901412e+02, 3.438076139829037e+02, -4.425095672838879e+03, 6.865594081103308e+03, -5.581913394196323e+03, 5.324612318418669e+03, -6.304044256043922e+03, -2.341008009170211e+03, -1.905038360333051e+05, -1.203756970656178e+04, 3.948317530058156e+04, 6.645940467093227e+03, 7.358043170995357e+03, -1.411110201418680e+04, 5.036222134650391e+03, -2.225763424373249e+01, -1.235075650466301e+01, -9.247251743878190e+00, 8.279496949224806e+01, 7.309850512698621e+01, -9.399960317831400e+01, -7.322128974804048e+01, -2.370478595269215e+01, -4.129759382403059e+00, -2.847528320427076e+01, -6.777341476681238e+01, -3.872168652434716e+01, 2.695328438921218e+01, 3.386231732007531e+01, 2.437777158051258e+01, 2.090035043223099e+02, -9.826737624681184e+01, 1.262704626408762e+02, -1.292275511235458e+02, -9.481345359881419e+01, 4.835696014882522e+01, 7.867859065420181e+01, 5.570448558597003e+01, 1.294918109591228e+03, 1.121655344129659e+03, 6.809560720387136e+02, 3.841010005662814e+02, 3.606869424656599e+02, -1.603642161979177e+02, 1.456838246793238e+02, -1.939812763559636e+02, -4.470469269870665e+02, -5.626781246033440e+02, -5.914729544694632e+02, 4.709073805525126e+02, 3.200769063304371e+02, 3.804900066177929e+02, 1.604457056581294e+02, -3.662215531879102e+02, 1.900749476219623e+02, 1.906455359782856e+02, 1.712478876882038e+02, -2.672824886589869e+02, -2.414578976656273e+02, -5.577702108553293e+02, 3.019942541474851e+02, -3.812805253927056e+02, 1.554868897640561e+02, -1.930937166234388e+02, -4.086902492708035e+01, 7.238385478234375e+01, 2.483718305208112e+02, -1.140601174966014e+02, 1.978153042415700e+02, -3.037107173858324e+02, -3.327693286911365e+02, 1.796450562390929e+02, 9.244578238651496e+01, -7.199755180989598e+00, -1.813225204014290e+02, 1.772990539662439e+01, 2.147184900723819e+02, -1.176881794055304e+02, -6.290180901581169e+01, 6.366477080766454e+01, -1.239561601391910e+02, -6.562134881833738e+01, -1.117101046085991e+02, -2.792874851982935e+01, -2.957735218210213e+01, -1.349351053510504e+02, -1.562541655098719e+02, -4.254325359199286e+02, -9.856856863752157e+01, -2.468221604042379e+02, -2.008561581769449e+04, -2.476034478012925e+02, 8.356462819377438e+02, 1.731004838735279e+02, 1.916481001373806e+02, -3.675387504895243e+02, 1.311736696201467e+02, -9.055513773341305e+00, -3.540624320983308e+00, -3.394619307502247e+01, -1.630142097811952e+01, -3.988025134557572e+01, 9.724122109171308e+00, -2.383584975599377e+00, -2.181581183973081e+01, -3.598979682981252e+00, 2.583155719869615e-01, 7.304942049665645e+00, 4.224082574242504e+00, 1.726196972931218e-02, -2.164413325654108e+00, 2.131814960693194e+00, 1.301123704480236e+01, -2.151788432067051e+01, 9.784932737796060e-01, 7.277357078707983e+00, 9.645194162970537e+00, -1.476551098304979e+01, -1.074726355080373e+01, -5.492226624252298e+00, -1.033246467272252e+02, -9.131242305045409e+01, -1.040957242733219e+02, -7.898370344325751e+01, -7.031543871424907e+01, 3.308707608367321e+01, -2.438879351716102e+01, -1.826184863897138e+01, 5.027712214099326e+01, 6.343028002747344e+01, 9.367745745149061e+01, -7.826890467839192e+01, -3.373536187294521e+01, -7.176672218220060e+01, 2.495449102190210e+00, 5.258128344750264e+01, -2.057815430565345e+01, -1.546441960242524e+01, -1.179385962055694e+01, 4.702519623026593e+01, 3.823913395227959e+01, 1.057113503960207e+02, -3.257057533795000e+01, 5.912141502660147e+01, -1.422113202291977e+01, 1.499386396999356e+01, -7.160170000485230e-01, -1.807935666422957e+01, -4.242711242012326e+01, 1.372962433290443e+01, -3.051148984474625e+01, 3.090013103063114e+01, 4.343087685422633e+01, -1.874207858841081e+01, -6.539236816136015e+00, 1.940716255704984e+00, 1.355764604773482e+01, -1.223837018056897e+00, -5.609749185940397e+00, 1.710636988772991e+00, 5.082134694157190e+00, -2.591545703988377e+00, 9.381432910076114e+00, 5.244593945296065e+00, 1.267022294619171e+01, 2.243361123520114e+00, -5.860033513091585e+00, -2.534599407365836e+01, 4.140273016031108e+00, 2.890081406215474e+00, 4.129603568509108e+01, -6.632576323481580e+01, -5.397377735406238e+03, 4.754414107054630e+01, -1.192765708871720e+02, -4.464534388952359e+01, -4.942913472064455e+01, 9.479410762612513e+01, -3.383171223539308e+01, -3.884940276773668e+00, 1.138886221465878e+00, -3.348544015804785e+01, -5.456553827352920e+01, -2.188085897225017e+01, 1.856464620611139e+01, 8.943284544704914e+00, 4.151851508839120e+00, -5.530311854231154e+00, -1.797716955614120e+00, -8.507498604184172e-01, -2.028875484068757e-01, -9.835803241373449e-01, -5.151637825678014e-01, 3.315750767178544e-01, 3.018393175916729e+00, -5.548206277307100e+00, 2.088162944392774e+00, 2.555083386709737e+00, -3.063156203070783e+00, 1.840255032597610e+00, 6.817166510127972e-01, 1.394372230687920e+00, 8.276381062344491e+01, 1.099366092050623e+02, 9.489354935228872e+01, 6.279660095511275e+01, 2.320751881705771e+01, -6.037992487275199e+00, 4.684305910526828e+00, 2.970024258546772e-01, -5.289616459200110e+01, -4.920413989453377e+01, -8.208692265622290e+01, 5.094537991823472e+01, 3.581940728249179e+01, 2.688646296624174e+01, 1.454187283731698e+00, -1.359732555683422e+01, 7.428498787627460e+00, 3.383205498050772e+00, 1.973468609644186e+00, -3.961607652408023e+01, -2.195399344453556e+01, -6.597129249744226e+01, 1.343634919050623e+01, -1.936846714486707e+01, 6.049112108670595e+00, -5.722308751875064e-01, -1.731491763170286e-01, 1.291792171384049e+01, 1.859013415913368e+01, -3.776580229572652e+00, 1.814543538407517e+01, -2.420899065927919e+00, -1.069716081437412e+01, 2.884173940759093e+00, 1.319283585572525e+00, -1.337267892683984e+00, -4.495002711381674e+00, -1.343212468497270e+00, -3.472639498512730e+00, 1.328303067064290e+00, -5.419238017163462e-01, -5.003478352155530e-01, 3.358292499968722e-01, 4.067090228704297e-03, -1.741540985378056e+00, -1.805749393215971e-01, 1.766503201069010e-01, -1.066836641880161e+01, -1.359857908184652e+00, -5.933923644121142e+00, -1.377508476247887e+01, -1.363853569104799e+01, -1.109858769974413e+03, 1.750835701326760e+01, -7.976354651983782e+01, 7.389281285897134e-01, 8.180297950819876e-01, -1.569042462205387e+00, 5.599026533084365e-01, -3.477264190995733e+00, 9.648909625996444e-01, 1.139520386526106e+01, 2.077308517403470e+01, 1.321733808337294e+01, -4.889529629517723e+00, 3.712982726202283e+00, 2.792215936565829e+00, -5.049835183298553e-01, -3.011034362459297e+00, -2.746542665281970e+00, -3.048032027166664e+00, -1.119442198685595e+00, -7.382839009090915e-01, 2.633394539960406e-01, 1.849698830693231e+01, -9.995585614824444e+00, -4.380785581255930e-01, 3.133372040142326e+00, -1.921197258264401e+00, 5.880722481719630e-01, -3.450778017660686e-01, 1.788045128563773e-02, 3.397139281912546e+01, -3.665290595639792e+01, -1.541473934602500e+01, 6.018876422653994e+00, 7.838592145325060e+00, -4.207632909377574e+00, 1.192149574036844e-01, -1.540464149117166e+01, 2.136780403718703e+01, 1.788870034991520e+01, -1.052489055201988e+00, -7.054004046943146e+00, 1.088319676614398e+01, 6.128343885484233e-01, 3.864475819974443e+00, -1.697880287563297e+00, -3.893279985425173e+00, 2.258218059661468e+00, 2.028002609128510e-01, 1.121913635082159e+01, -8.053012827963427e+00, -7.219523277038412e+00, 1.152507434263517e+01, -1.503528838001779e+01, 1.254935934739586e+00, -8.685561841357982e+00, -2.483232012746001e+00, -1.912933748236838e+00, 6.453980436057949e+00, -1.557811114832873e+00, 1.140476271246622e+01, -9.698241109054296e+00, -6.027525461197844e+00, 2.463136604066979e+00, 3.407344914257484e+00, -8.111025214639837e-01, -1.245035696196142e+01, 7.936287115733534e-01, 1.352276109800624e+01, -4.379546873064875e+00, -2.832600644786927e+00, 1.912780998238419e+00, -3.270275395602429e+00, -7.687309246083057e-01, 1.637946720237425e-01, -1.022574639982378e-02, 1.750776724179082e-01, 3.230266829793044e+00, -3.034204449400117e+00, -5.343399357661487e+01, 1.520722730564031e+01, -1.209529358468889e+00, -9.839494323999432e+01, 2.374502418134292e+01, -1.358242831345547e+01, -1.622295814496318e+00, -1.796173141249878e+00, 3.444506364700218e+00, -1.229330843594857e+00, -7.334856788160611e-01, 8.412197442573224e-01, -6.429424633557746e+00, -5.052093800341745e+00, -3.291459134349491e+00, 2.737625498114548e+00, 5.929086359960751e-01, -5.993038638653527e-01, -3.634307664298445e-01, 1.346330370739856e-01, -6.820568577632040e-02, 8.466030904743831e-01, 5.492509028454232e-01, 4.760863697718524e-01, 2.416894968748955e-02, 2.900825698376769e+00, -2.004923834759255e+00, 6.155157900404985e-02, -9.455707596504117e-01, -3.638138735316456e-01, -9.811550453399549e-01, -1.227105670687473e+00, 2.752677079410779e-01, -1.352101489002421e+01, 3.357967425004508e+00, -3.656173907689420e-01, -3.588490593206517e+00, -1.791541314141143e+00, 1.629289800292822e+00, -6.396541548329649e-01, 3.773747314594015e+00, -2.755778237887994e+00, -3.468811074306650e+00, 1.738592649827404e+00, -3.350951054025875e-01, -2.894013558151131e+00, 1.866819119480016e-01, -1.713981334412003e-02, 5.827244796596475e-01, 1.579306839737886e-01, -7.603242887567642e-01, -3.023267909686177e-01, -2.816773603811721e+00, 1.402902394872458e+00, 1.971240238964994e+00, -1.692660799227274e+00, 1.349920317173080e+00, -5.404820989128125e-01, 8.063928652428725e-01, 4.143773760910229e-01, 1.745544051751780e-01, -1.370426289329648e+00, 4.937970798697436e-01, -2.058687516682537e+00, 3.986938109260305e-01, 1.179422631841088e+00, -5.655272750194251e-01, -7.618504505866250e-01, 3.545025081689275e-01, 2.080491260435938e+00, 2.006373520954426e-01, -2.027454675056352e+00, 8.426525802911426e-01, 5.808870585658918e-01, -3.191034708801740e-01, 6.943526070905733e-01, 1.162742336869542e-01, 1.272554081237112e-01, 5.398123017278601e-02, -2.801540174415498e-01, 2.214120855143490e+00, -8.703424340380607e-02, 7.656361843034944e+00, -2.442647653087558e+00, -2.692423322961189e+00, -2.191009088009114e+02, -3.767305146130852e+00, 9.118129726578596e+00, -4.103863076251467e-01, -4.543381303282649e-01, 8.713304639208026e-01, -3.109787804103892e-01, -1.703160412293520e+02, -1.140344964770714e+03, -4.425097230923493e+03, -4.094902386020506e+03, 6.865594571305900e+03, 3.111374942479719e+03, -7.026857035392213e+02, 5.581913813750136e+03, 1.696652918926728e+04, 4.284257834779914e+03, -2.018949161760813e+03, 3.902733332403073e+03, 5.836994707940051e+03, 2.017764486089284e+04, 3.294717447083088e+03, 9.779172534108297e+02, -2.614373870432868e+03, -1.338071570100694e+04, -2.015715919539331e+04, -1.291414541484979e+04, 1.064058986302502e+04, 1.191332544550996e+03, -5.462242880324058e+03, -2.493652714254310e+03, -1.296552937459765e+04, -6.164149957957189e+03, 9.862761623679868e+03, 2.902893780767487e+03, 2.114990369720681e+01, -5.531618508529155e+03, -1.429617952274843e+04, -1.208252641900942e+04, -1.002592765267177e+04, 1.209054759168933e+04, 6.377089762385302e+03, 5.425559427968025e+03, 4.803667981260355e+02, -2.466925956943736e+03, -8.325315440680251e+03, -1.042931788149392e+04, -5.813431750260051e+03, 7.273916593388129e+03, 9.731646933891158e+02, 4.590343581042073e+03, 1.460792035473042e+03, 7.066818273149690e+02, -2.126129785390081e+03, -1.223045514282900e+04, -1.146639210130526e+04, -6.761531200215057e+03, 1.018307437290410e+04, 3.985666850879380e+03, 5.772217988900362e+03, 3.550513536991489e+03, 4.913346468233511e+03, 1.179289065891498e+03, -2.195580235427553e+03, -6.195871853409326e+03, -1.140759247391221e+04, -4.417739215965099e+03, 6.338389279987319e+03, 2.545189175187831e+03, 4.461457017089680e+03, 3.963661504168510e+03, 4.640960257327838e+03, 1.981091819409538e+03, 7.907917051795113e+02, -1.985947507529938e+03, -4.962467926022247e+03, -1.025389357258604e+04, -3.681679073126520e+03, 5.574765634800107e+03, 3.843116014313453e+03, 5.378536003322063e+03, 3.268333161797667e+03, 3.768234231344255e+03, 3.047349142193655e+03, 1.814243270132586e+03, 1.375062666375131e+02, 8.044981539063681e+02, 8.922510510243827e+03, 9.132292173606502e+03, 3.689645428864673e+03, -6.650906777465646e+03, -3.931211513026043e+03, -4.404500011950310e+03, -3.747045031656511e+03, -4.409315693496485e+03, -2.576995940416401e+03, -3.084029406460461e+03, 1.463432865760629e+03, -6.478268265817925e+02, 3.483558850241993e+02, 2.871122270559224e+03, 5.992053612642834e+03, 3.929450172589565e+03, -5.911255588094189e+03, -2.199671093312425e+03, -4.654414595387421e+03, -2.113444966536951e+03, -9.974215655177853e+02, -1.455741855666585e+03, -6.946650893755225e+02, 1.522260350570554e+03, 6.229582596817703e+02, -8.140469771522301e+01, -5.142798075119059e+02, -2.148920600332107e+03, -1.844382551927771e+03, -1.132485845359186e+03, 1.483638736176445e+03, 7.005947400870850e+02, 5.491303158557141e+02, 6.155817505100425e+02, 9.117751284728508e+02, 8.867682238048851e+02, 8.376449810101482e+02, -5.305601541227443e+02, -5.668741758472352e+02, -1.235075728328144e+01, 4.817604994973892e+01, 5.385611032998759e+01, -2.601465807043818e+03, -2.725037562531900e+02, -2.271348890770627e-01, 1.533933627977402e+03, -3.338117781051777e+02, 6.224105550404189e+02, 1.409793126561106e+02, 5.302814239679780e+02, 1.185796413919373e+02, 1.028061176269635e+03, -6.186372155441220e+02, -4.159549199629296e+01, 2.437774377899613e+01, -2.957743369033624e+01, -4.761562556877437e+02, 3.237013371868078e+03, -5.150507318985057e+03, -8.282568926072692e+03, -4.748149050051112e+03, 4.271215172414027e+03, 1.568775969066397e+03, 1.481829326679861e+03, 1.408863241758820e+03, 2.765373746811631e+03, 1.308892600687585e+03, 2.986850332935694e+03, -2.535335439626821e+03, -2.100603192103778e+03, 2.090035970009061e+02, -1.349351695115127e+02, 3.280452284568738e+02, 4.860988493687707e+01, -2.794733769159620e+03, -9.784668293396906e+03, -8.266039078243659e+03, -2.462585776473637e+03, 4.696783152534606e+03, 8.752801175102896e+02, 2.002493394478715e+03, 2.101636467095640e+03, 3.066260275383570e+03, 2.367369972568820e+03, 2.224246533050993e+03, -2.302520667752856e+03, -2.039152244779060e+03, 9.826733217534832e+01, 1.562541515805497e+02, 3.747314084320859e+02, 1.115881957445660e+02, -8.172075430769137e+01, 8.666610859312803e+00, -2.485141547225900e+03, -3.170920064749070e+03, -2.335628850857985e+03, 3.261209372808166e+03, 2.716577312873079e+02, 1.207909668920570e+03, 1.008186212136840e+02, 2.299644869650218e+03, 1.239499806824822e+03, 1.762556120768322e+03, -1.224495287287011e+03, -9.637394091887650e+02, 1.262704027965963e+02, 1.844346759156976e+02, 7.908211411989632e+02, 2.100749181517160e+02, 5.298257744201273e+02, -1.660118020260332e+02, -1.113324780702824e+03, 4.283846782654197e+03, 3.799120845065698e+03, 1.274108981436024e+03, -3.384628451790141e+03, -1.367753202248259e+03, -1.904099948684748e+03, -1.388246745011478e+03, -2.311980335078889e+03, -2.566831983368232e+03, -1.785019898089124e+03, 1.626557961401484e+03, 1.121384520820488e+03, -1.292275860297171e+02, -1.523511074861304e+02, -9.653984119192169e+02, -4.481704660195525e+02, -4.702837538212533e+02, 1.195558928995204e+02, 6.604348733707332e+01, -1.294181554214794e+03, 1.152336322609952e+03, 2.606717407626795e+03, 1.743914074288151e+03, -2.002470032312274e+03, -1.100804948469544e+03, -2.319224980926007e+03, -1.264975599955157e+03, -1.912679407777695e+03, -1.355791291039929e+03, -1.311852464379597e+03, 8.335034119431197e+02, 8.520847007098603e+02, -9.481349816974823e+01, -1.003723430831127e+02, -1.063846323620719e+03, -3.419206765130682e+02, -3.405065264187958e+02, 2.612597517618257e+02, 1.821144097075158e+02, -6.108464196695711e+00, -1.071547624995005e+03, 1.137464918592239e+03, 3.045000340736017e+03, 1.875444339677422e+03, -2.707211296082664e+03, -1.284696905672101e+03, -2.126492690029039e+03, -1.495315123699528e+03, -1.919232692719143e+03, -8.872509740805106e+02, -1.713684331445322e+03, 1.297013096520650e+03, 6.077554716309118e+02, -4.835696028281750e+01, -1.302635565267499e+02, -6.828582233722132e+02, -3.791641970278887e+02, -1.843215077482161e+02, 2.283039882863491e+02, 8.135530191741367e+01, -1.212727261573341e+01, -4.993851022798533e+01, -1.916455749536737e+02, 7.075254257339240e+01, 2.555008449055060e+03, 1.979011426257196e+03, -2.326446132707382e+03, -1.090845925469978e+03, -1.611911263043823e+03, -1.056828587895826e+03, -1.074772250669109e+03, -8.973487307910527e+02, -1.007159196536649e+03, 8.893516958231814e+02, 6.182793423019881e+02, -7.867861371968297e+01, -1.566133740724934e+02, -5.250866174394871e+02, -2.147029105802289e+02, -1.866911467198494e+02, 2.247545398432385e+02, 2.919722845527517e+02, -3.848303375987416e+01, 9.495005547472097e+01, -5.992935058298168e+01, -7.576485481512265e+02, 1.348958504328657e+03, 3.151804328996736e+03, 1.540591308824095e+03, -2.365777039952858e+03, -1.127227043665357e+03, -1.553135160350767e+03, -8.333875069886258e+02, -1.846729540700668e+03, -8.600045721645222e+02, -1.222188610055445e+03, 9.769063035954395e+02, 8.581556291466359e+02, -5.570446776086180e+01, -7.109696683793847e+01, -4.501749322144569e+02, -1.274966408702600e+02, -1.227842439545788e+02, -1.532796983130570e+01, 1.626362861419328e+02, 1.823474657291502e+02, 2.598948223176372e+02, 1.145406216797021e+01, 4.874933918953771e+01, 5.655067906414849e+02, 2.501009929673362e+03, 3.027933328904917e+03, 1.837689846511391e+03, -2.079365895919371e+03, -1.443944547034761e+03, -1.928868750239805e+03, -9.445475907922025e+02, -1.316300517999746e+03, -1.070717708603709e+03, -9.768155994230602e+02, 5.786198531661448e+02, 6.549525537477421e+02, -6.578368960547517e+01, -2.519933463535929e+01, -3.389162049737420e+02, -1.033538058586861e+01, -1.582991852948389e+02, 2.063763562288903e+02, 1.289608221925959e+02, 1.012695552357951e+02, 1.688668215038982e+02, 2.540675654866168e+02, 1.289602006640454e+02, -7.881620621932760e+01, 1.088554222731489e+02, 1.794588226324937e+03, 2.674242725077521e+03, 1.497691338996222e+03, -1.854584095183400e+03, -5.049856018966015e+02, -1.322289932009733e+03, -7.064693609110218e+02, -1.107795384246128e+03, -7.715320237719303e+02, -9.278669221186672e+02, 7.477724701676519e+02, 6.881720545020314e+02, -5.936539373393706e+01, -2.488184671805095e+01, -5.323653038272637e+02, -9.265720676110068e+01, -1.384274578404930e+02, 2.500830987507998e+02, 1.522625671767112e+02, 1.098847228008870e+02, 1.419450707842415e+02, 1.837352798056085e+02, 2.029026483596364e+02, 1.102699563231215e+02, 1.736524612652437e+02, 1.849147534947477e+02, -2.047443098704819e+03, -2.505834614623592e+03, -1.310431311675691e+03, 1.894023687174466e+03, 1.010482291435712e+03, 1.372378881706032e+03, 4.464333828458276e+02, 1.116123384810799e+03, 8.527610290685980e+02, 1.072470583539207e+03, -9.209413790787721e+02, -7.932474446253018e+02, 7.740116860839817e+01, 9.060960721485174e+01, 2.933998459611129e+02, 1.415441961788079e+02, 1.933833319872806e+02, -9.634388184603449e+01, -2.563686533644606e+02, -1.301838003730227e+02, -1.359433370887710e+02, -1.435128070638490e+02, -2.055500970396293e+02, -1.332541198618724e+02, 1.607688673037372e+02, 7.097551868834194e+01, -4.898111087650873e+02, -1.117039281781392e+03, -1.595071004790831e+03, -7.999353014778711e+02, 1.325235587083673e+03, 3.685466817726621e+02, 9.163465751770876e+02, 3.327734018422966e+02, 8.244360993378434e+02, 5.419550531924748e+02, 2.526738425633210e+02, -3.793146895063661e+02, -4.760541692460226e+02, 6.230024968996234e+01, 1.335364683742511e+02, 3.296264482592874e+02, 4.483440111707262e+02, 1.103813548559816e+02, -1.509279763468059e+02, -1.987146451029232e+02, -2.136530014599736e+01, -2.215449246411881e+02, -2.344723865963612e+02, -1.872098531206576e+02, -2.518928810889073e+02, 2.007600428647543e+02, 1.167384600085056e+02, -1.528003924620075e+01, -2.449425982023997e+01, 1.453136867267257e+02, -5.817449825210445e+01, 2.825689333509788e+02, 1.538219772328348e+02, -1.921073742625109e+02, -2.384183129186994e+02, -4.175968042024193e+01, 1.965995628267278e+01, 4.672991527838302e+01, 3.369526337426728e+01, 3.354994611968226e-01, 2.382085836048117e+01, -6.980550607373314e+00, 1.202963834112996e+01, 1.294770822383758e+02, 1.185351398321442e+02, 7.787120496775327e+01, -9.910711341438648e+01, -3.890178077850597e+01, -3.579155426981637e+01, -2.665434673076183e+01, -4.055292058048689e+01, -4.207588855135266e+01, -3.237278881134493e+01, 3.091299332178949e+01, 1.898141508029392e+01, -3.540624994693225e+00, 2.305916161681178e+01, 3.147817149885398e+02, 5.142841602157947e+02, 3.987203640833606e+02, 3.939710314240904e+02, -1.234812873121501e+02, -2.973422140173652e+02, -9.210405123081482e+01, -1.624742618771691e+02, -2.193586368912809e+02, -2.261291102781367e+02, -1.190022704462168e+02, 4.971835141840535e+01, 1.385935193303556e+02, 3.567011780127078e+00, -1.201142736501981e+01, 5.013138827071134e+01, -3.927928968381734e+01, -4.498078920309633e+01, -7.585044921635864e+01, 4.422613624603313e+01, -1.358702129799786e+01, 2.449738644452597e+01, 3.372702008165979e+00, 1.277677759307941e+00, -3.082770625182502e+01, -2.740457579682876e-01, -1.878385715352226e+01, 2.131767959858669e+00, -5.860039638623679e+00, -2.529020375511714e+02, 6.258671968395303e+02, 4.556046369307194e+02, 3.775991203509751e+03, 2.578070388755656e+03, -1.727750803463539e+03, -2.545647760975038e+02, -7.263740805420841e+02, -1.584751779830422e+02, -2.060022131995291e+02, -4.709459002175090e+02, -1.750569416563348e+02, -2.883044744397827e+02, 1.610799081650918e+02, 7.728040112078527e+00, -3.781847653502543e+02, -6.512678624062355e+02, -3.434526966500213e+02, 7.237210998434898e+01, 1.258518886837162e+01, 1.894303978705267e+02, 4.869881898404624e-01, 3.690176617058913e+01, -1.603890473363359e+01, 1.410685824218741e+02, 3.178803831352572e+01, 1.523280265742252e+02, -3.216244421167382e+01, 1.301116640060982e+01, -2.534602151240487e+01, 8.815162547890189e+01, 3.386472136821730e+01, 1.321429366132389e+02, 1.524855553810555e+03, 1.714206357496351e+03, 1.131868985196435e+03, -4.828452262843691e+02, -9.467033122454210e+02, -1.231119228487032e+03, -1.383878314523574e+02, -6.836427989360154e+02, -7.519883747682869e+01, -4.401240929224980e+02, 2.161622979659569e+01, -1.059954667064674e+01, -4.765226347778232e+00, -1.713712520142516e+02, 1.866499142961703e+02, 1.742066542076142e+02, 7.615803166822087e+01, -3.015686203978979e+02, 1.693140048554315e+02, 2.198596003755581e+01, -1.153417487863431e+02, -1.277500113648159e+02, -7.022163855317855e+01, -1.046081230167589e+01, 2.681559731795292e+01, -4.066095884879499e+01, 2.151788352467104e+01, -4.140254240807122e+00, -5.971483143851441e+01, -2.878032825280219e+01, 5.786371577119834e+01, 1.086347961553416e+02, 1.854564207357603e+03, 1.415060110797025e+03, 5.123406777377155e+02, -3.671238654022575e+02, 5.524636147610489e+00, -7.167282901009563e+02, -4.216638029483606e+02, -4.462686405627375e+02, -2.097738093424312e+02, -5.182818683395164e+01, 1.373608231098144e+02, -6.884004802025412e+01, 8.992797177460631e+00, -1.517863698263320e+02, -2.706336235310233e+02, 6.911896313388539e+01, -5.800728924074319e+01, -1.307555584185565e+02, 4.112229663893628e+01, -1.620499056301580e+00, 1.501656786146598e+02, -2.917071625988299e+01, 8.395526626200562e+01, -3.557681042435964e+01, -6.691749999158644e+01, -3.282335861777977e+01, 9.784932510295252e-01, -6.848839901812331e+00, -4.739542141991411e+01, -5.216472056581737e+01, 1.427396394484619e+01, 1.655979652790473e+01, -5.032949372525789e+02, -1.335925996141247e+03, -1.048640801057847e+03, -4.637398680579303e+02, 5.367779528319664e+02, 1.493235225250637e+02, 3.685204619864376e+02, 7.980002364646208e+01, 3.934647786817823e+02, -3.331306510921208e+01, 3.667766172174892e+02, -1.800111883503649e+02, -6.552632096188556e+01, 3.210902937134758e+01, 1.777445136115738e+02, -1.058110917144360e+02, -2.555164775761402e+02, -8.707168598138128e+01, 1.150893417842132e+02, 2.386002351093766e+01, 2.506022681411854e+01, 5.798884606382484e+01, 1.054020175406398e+02, 7.619763642714092e+01, 1.990047996486807e+01, -2.899236581798096e+01, 2.355198341116557e+01, 7.277317455505897e+00, 1.999384049823964e+01, 9.248268910594084e+01, 1.765538307014386e+02, 8.426132250157431e+01, -5.661364444861665e+01, 3.132429378199258e+01, 5.805886423559304e+01, -1.062027115778897e+03, -1.279099207494575e+03, -6.816362440345525e+02, 7.510752270636117e+02, 8.952068948327577e+01, 4.386100439486639e+02, 2.014818005465005e+02, 4.412140621102313e+02, 5.209067558919945e+02, 2.733191124900144e+02, 7.556988136252514e+01, -4.859865391011594e+01, 1.644562685185905e+01, 1.119659285938181e+02, 1.770521878585481e+02, -7.046824275445395e+01, 3.770268171292622e+01, -3.094790946049689e+01, -4.264791409102845e+01, 9.749318874679808e+00, -4.892864651976535e+01, -2.089496075218744e+01, -7.526624342171590e+01, -4.698686698881917e+01, 7.187928691089675e+00, 4.192444382010707e+01, 9.645220428824441e+00, 8.332238465823352e+00, 2.080778937108460e+00, 2.364825625272036e+01, -2.275785885268418e+01, -4.098824737130067e+01, -4.205434397540121e+00, 3.586806388551160e+01, -2.239082257311310e+02, 4.201086352520579e+01, -1.015308849814726e+03, -1.450568658582740e+02, 2.336110462133863e+02, 8.066659730009084e+01, 4.953264104706877e+02, 4.611830149348485e+02, 3.395495033838593e+02, 3.138631479356485e+02, 2.548309819314544e+02, -2.237184090139836e+02, -2.555302319847543e+02, 4.519502430049653e+01, 6.772553893584647e+01, 5.246468149159983e+01, -1.124388085498030e+02, -9.748962358544793e+01, 1.696809217157838e+02, 9.644020187455375e+01, 3.435696078941812e+01, 2.056924097098331e+01, 5.784481141651898e+01, 3.004549315435961e+01, 7.242721012853308e+01, -2.226270862574654e+01, 3.005151537833623e+01, 1.476549521701725e+01, 5.054467161722026e-02, 8.688846117327807e+01, 6.908601238845375e+01, 6.528100478423859e+01, -7.726077833030192e+01, -2.786804316821824e+01, -8.225400883843768e+00, 2.154150229499012e+01, -6.274841587732838e+01, -4.108753362525920e+02, -7.814223774777111e+02, -1.535941473888214e+02, 1.723413600336281e+02, 3.276333289667505e+02, 7.947229213165560e+02, 3.007377581185558e+02, 4.743290272427289e+02, 3.266194639027031e+02, 3.702441290882479e+02, -4.506521134580547e+01, -2.156733955339063e+01, 1.610222124601947e+01, -1.192231863781017e+01, 2.014093055389773e+02, -1.979679833610160e+01, -9.544710923855179e+01, 3.942763861987911e+01, -2.573625178162622e+01, -2.023684288734123e+01, -4.857671259563880e+01, -2.775797778912145e+01, 3.855491798309480e+01, -4.844939907800688e+01, -5.863520541684092e+00, 1.774882255007526e+01, 1.074731860902954e+01, 1.235520584760981e+01, -4.072059770455485e+01, 2.484690541475532e+00, -1.201868739804909e+01, -3.765425404263569e+01, -1.367142314615010e+01, -1.404336246733666e+01, -7.126590098099189e+00, 2.974310351939868e+01, -4.311732890555934e+02, -1.790183376932904e+02, -7.756656598174516e+02, -3.983904328680737e+02, 5.006325760600164e+02, 2.648791141473719e+02, 4.005336400203329e+02, 1.921486095324651e+02, 3.745334061007339e+02, 1.827380549873442e+02, 3.742910446290595e+02, -6.840561856116879e+01, -2.663575391974722e+02, 2.616635852448244e+01, 8.432017711270471e+01, -3.044744757167444e+01, -8.396598502727369e+01, -2.118567748025407e+01, 7.161783524664746e+01, 1.094334945944714e+01, -3.473610563055064e+01, -1.881290377019816e+01, 7.192250994990530e+01, 2.246085541878874e+01, 4.167264336006133e+01, -2.482952635248494e+01, -1.152392965798527e+01, 5.492125622023483e+00, 8.882494766268328e-01, 3.248144289233190e+01, 5.120335667688850e+01, 2.244102276170767e+01, -4.214794766439780e+01, -2.829956660369066e+01, -4.197808770137470e+01, -5.161193552279043e+01, -2.176883552057655e+01, 1.106069642047893e+01, -2.853256448321176e+02, -6.658838829779013e+02, -5.592948680997497e+02, -4.596938981619122e+02, 5.102889784090290e+02, 3.620450331731259e+02, 5.382675983888117e+02, 1.526558400428220e+02, 3.014135474926505e+02, 3.696179213115636e+02, 3.839415246961850e+02, -2.992617528823565e+02, -3.023854424094001e+02, 6.198649391221315e+00, 6.004150283530446e+01, 2.182302401694107e+01, -1.182860485260179e+01, 3.107495971652849e+01, 6.705141677908343e+01, 3.937181628660198e+01, -1.146186793572067e+01, -6.373926571654873e+01, -4.940456960867528e+00, -2.420227798187009e+01, -8.856699942006946e+00, 6.676425387225375e+00, 1.905651876597719e+01, 2.880138723166621e+00, 2.054365335657894e+00, -3.748932935901812e+01, -9.856743409396231e+00, 6.605461102065279e+00, -6.735092319000789e+01, 1.333350416431982e+00, -3.286744376450812e+01, -1.934441573284731e+01, -3.790580267637980e+01, -6.973437252583281e-01, 7.763185517714996e+00, -1.695278495843907e+02, -2.883253795803848e+02, -4.578149605162010e+02, -3.341169660943600e+02, 4.918546921139488e+02, 1.547826393881767e+01, 4.986343747783877e+02, 1.704380739921025e+02, 3.224870827244502e+02, 2.222847654510535e+02, 3.343064598852637e+02, -2.052049800421810e+02, -7.971984125380699e+01, 1.385465933487292e+01, 4.577766439163558e+01, -4.797568755821022e+00, -6.768950701762186e+00, 5.233774836327435e+01, -2.416013695821532e+00, -2.676996906615657e+01, -1.012229684404211e+01, 9.858990893543483e+00, 1.729976974756332e+01, 2.939451361337531e+00, -1.707016430369229e+01, -2.607930860665839e+01, 7.928757628419343e+00, 6.369973302214091e+00, 3.460421471708570e+00, 2.608440033508186e+01, 3.801822237683786e+01, 1.823774778423675e+01, -6.199282791776103e+01, 5.976834219783223e+00, -3.640892335507062e+01, -1.815292754869891e+01, -3.279030103620854e+01, -1.773044234359432e+01, -8.450009307803665e+00, 1.961257925739285e+01, 1.667164795416342e+01, 3.793283234749754e+02, 7.130685769478522e+02, 5.288137687914411e+02, -6.234027276046102e+02, -6.714662000243509e+01, -5.480991900600443e+02, -1.927213564604475e+02, -4.706771766600065e+02, -1.029361438405438e+02, -3.674534791936009e+02, 3.075346374138680e+01, -1.855716311850702e+00, -2.835941639185360e+01, -6.397919802910096e+01, -8.968091830297136e+01, 3.127421154072834e+01, -1.143226008244833e+02, -2.951382419922596e+01, 4.663329572698914e+01, -1.520912872410503e+01, 5.842837174890120e+01, 2.104110984074482e+01, 2.230002216146104e+01, -4.926738515002565e+00, -5.383155442608735e+00, 1.171734931766625e+01, -1.503880236225580e+01, -1.152659804206647e+01, -9.859717232210631e-01, -8.400324083261577e+01, 9.957494464905190e+00, 6.442541014700642e+01, 1.056461794858493e+01, 4.833539887943625e+01, 6.894914349187059e+00, 2.407374086808930e+01, 1.626962449472085e+00, 1.788336356672405e+01, -1.345139128094808e+01, 7.268166106077468e+00, 2.516565296231510e+02, 3.327711398989962e+02, 4.912874056882203e+02, 1.747692625299777e+02, -2.831432984363361e+02, -4.456065733631756e+00, -3.011796744852763e+02, 4.151359064491339e+01, -3.107303982387138e+02, -4.043270565997186e+01, -2.045375793856599e+02, 1.241387829258379e+02, -1.135237512159441e+01, -1.712352838032491e+01, -4.125080095978886e+01, -1.200365866917429e+02, -9.544635730238726e+01, -6.392066533255461e+01, -1.925878842378086e+01, 3.679308824779159e+01, 1.999430905278392e+01, 4.958778887314708e+01, 2.887411069396305e+01, 2.478316615339025e+01, 4.969189783756075e+01, -3.214808991998933e+01, -2.890945069539384e+01, -1.015414828794351e+01, -9.710004557577099e+00, 5.325629581704728e+01, -3.373049077203756e+01, 2.337425185561012e+01, 3.101316974942302e+01, -1.075358563232483e+01, -4.286992965180662e+00, 9.493173587602037e+00, 2.756917106577135e+01, 3.919375518633602e+00, 9.901435164691570e+00, -1.531367294598676e-02, 3.939667643241529e+00, -2.507560950485093e+01, -1.213488778374056e+02, 2.279033277768460e+02, 9.552802963093542e+01, 3.171882161967378e+02, -2.057669233331925e+01, -1.548715357200963e+02, -1.901307041614179e+02, 1.122053873595752e+01, -2.704058193833087e+01, -5.400602818021978e+01, -4.827494149179192e+01, 8.526845802059867e+01, 6.933258610972469e+01, -6.223706417623442e+00, 3.870391691264188e+00, 1.056025267540727e+01, 7.886424769129387e+01, 2.901733020172447e+01, -5.596309816190363e+01, -3.375133008695330e+00, -1.571120794774767e+01, 4.714702726141015e+00, -1.677252744677268e+01, -2.879913015160151e+01, -1.266625795976724e+01, 1.942262291150131e+01, 1.307130526346766e+01, -6.520750087977903e-01, 7.200537790299062e-01, 3.691837032790606e+00, 1.194391754684432e+01, -4.875387182974359e-01, -3.907380456996431e+00, 2.399456586030282e+00, -8.133050335656955e-01, 5.303821426679537e+00, -1.105905761704890e+00, 3.479444316183226e+00, 5.406477792310965e+00, -3.003690912019543e+00, -1.954520539922053e+00, 1.138886209816808e+00, -1.735349328423574e+01, 2.811149350190718e+02, 3.443998207633343e+02, -7.611050737599776e+01, 2.842113806002266e+01, 1.492530699531948e+02, -7.906475724618167e+01, 5.746032858949542e+01, -1.519081184813620e+01, 6.293823909017505e+01, 6.564775918375267e+01, 2.893398581361347e+01, -3.794725033308170e+01, -5.350574078618020e+01, -1.160388701791866e+00, 1.066115265628479e+01, 6.197263709790520e+01, -5.582585883584181e+01, -4.649216604898711e+01, -1.852044004879657e+01, 2.328936503603353e+01, 6.614335620115350e+00, 2.237613948379877e+01, 1.758205771015227e+01, 9.942111462968175e+00, 2.043891875113218e-01, 3.367336374541680e+00, -1.871447235160453e+01, 8.848640205412413e-02, 7.258921469175982e-01, 8.296946999461108e+00, 2.210463218049658e+01, 1.526482800314761e+01, 4.307938648550903e+00, -8.843488151346401e+00, -1.889761617225356e+00, -1.247186753407384e+00, -2.779652655100578e+00, -1.318912070242334e+00, 3.030513777259850e+00, 2.392554881259724e+00, 6.550791566812475e+00, 3.316002512564615e-01, 1.766282511717013e-01, 1.009955570373568e+02, -4.084222224373710e+02, 2.807515531357470e+03, -1.885211667619299e+03, -3.330020781136764e+02, 5.788269175367491e+02, -6.744269425021249e+02, 1.362081436721428e+03, 3.247724803656963e+02, 3.928861582187334e+02, 3.987841653732237e+01, 1.853404835631090e+01, -1.661801045806992e+02, 1.384173401182206e+02, 3.302701641403991e+01, 1.960517270239893e+02, -4.290444371417362e+02, 2.057761389994286e+02, -4.219178626701897e+02, 1.707421508482806e+02, 7.932166575744387e+01, -1.874108388096128e+02, -1.177676793298539e+02, -4.075667833143724e+01, -6.947700854753090e+01, -9.893117667523234e+01, 1.076301633243349e+02, -8.457138396086163e+00, -5.468320317592467e+00, 4.207275389880463e+01, -1.334171125963715e+02, 1.595058561591816e+01, 1.657323422823837e+02, -7.067590598661855e+01, -1.547157166320013e+01, -1.202293956369794e+00, 1.560310236260279e+01, -2.109912309702399e+01, 2.998994045924486e+01, 1.566667157302735e+01, -6.748947207880677e+01, -6.962213508187100e+00, 3.018474525383656e+00, -1.066828608379544e+01, 1.812663044613938e+01, -1.862384180867322e+02, 1.729176634290390e+03, 8.136506006435695e+02, -2.741432264883974e+02, -5.902747755201934e+02, 3.723841001381211e+01, -2.847148810100207e+01, 1.139878177974074e+03, 2.649662460906941e+02, 6.545934368814263e+02, -1.434589403470390e+02, 2.835497380080440e+02, -3.334248082432233e+02, 3.793538735835181e+02, -3.053416657466721e+01, -2.292475818741034e+02, -5.094615765834466e+02, -2.138249159222404e+02, -1.285846633842448e+01, 1.226878511916769e+02, -5.221272612530157e-01, -1.071955122004603e+02, -8.344651971437641e+01, 6.518915058501530e+00, -1.717829833603730e+01, -6.690587993729613e+01, 2.113090897661645e+02, 3.991805381860217e+01, -4.193770953869885e+00, -1.517237034023854e+01, 2.855370103910696e+02, 1.102101760627583e+02, 1.997919993134813e+01, -1.161633924365775e+01, -2.520393781001534e+00, -7.871899611680660e+00, 2.976178203878004e+01, -3.328166909440505e+01, 5.680899632178735e+00, -2.103936645480129e+01, -1.513454640300930e+01, 1.380572474381626e+00, 5.548089538074009e+00, 1.359919772913868e+00, -3.823901325101495e+01, 4.762726673304601e-01, 1.471695890835115e+01, 5.949531871435147e+02, -7.385579117719320e+02, -1.156911151845402e+03, 5.647957603368162e+02, 3.874731530359965e+02, -1.073300513530805e+02, 8.708064397978357e+02, -1.405083884352001e+02, 2.325966399776717e+02, -1.706900327639069e+02, 5.769049904840050e+02, 1.064528124274170e+01, 2.247799733978942e+02, 4.844731715521220e-02, -4.166204368366387e+01, 1.183301133778133e+02, -5.212278145412807e+01, -2.384296951197885e+02, 2.074706950922887e+00, -3.207202049865813e+01, -1.058973736480487e+02, -3.245785525716887e+01, -1.620772321836166e+01, -5.974438632724353e+01, -1.465355201301833e+02, 7.680140103513594e+01, 6.579367362568844e+01, -2.373032309699571e-01, 6.159947600701730e+00, 2.683346514433310e+00, 3.811629274340906e+01, 4.373219679616266e+00, 8.277540853404858e+00, 4.546581915922209e+01, -4.235876041089782e+00, 5.598454235050808e-01, -6.018507058749806e+00, 8.707240680439762e+00, 1.750180533916551e+01, -6.818597705547889e+00, -3.651861762036603e+01, 2.088110332782048e+00, -7.821894249690100e-01, -4.316094013098766e+01, -1.019936417120573e+01, 2.312790763650440e+01, 5.510930129954016e+01, 1.528862116846394e+02, -6.204142155011455e+02, 9.914375745118756e+02, 1.219283425620718e+02, -1.170469085240804e+02, 2.655237891580456e+02, -2.706498397145110e+02, -2.674050856453424e+02, -3.626227502699180e+02, 1.807003303324221e+02, -8.476363454390030e+01, 1.742017519765647e+01, -6.349128260684738e+01, 9.020831365192414e+00, -7.999939509645030e+01, 4.274762677620824e+02, -1.835163434377835e-01, 3.560746498494549e+01, -4.224622568022245e+00, 1.648953102271369e+00, -8.573417362015102e-01, 8.537811667166356e+00, 2.175967066230996e+01, 1.773874491364628e+01, 3.055676968263422e+00, -5.884889863242018e+01, -6.044035084847923e+01, 5.639058723020757e+00, -1.910195854813725e+01, -1.010388538295956e+02, 1.487614326707425e+01, 1.216823195557705e+01, 2.547736608835097e+01, -5.717124575052978e-01, 4.077592721892078e+01, 2.446405343600269e+01, 1.363322241368302e+01, 9.921533081642487e+00, 3.198638130630864e+01, -8.384246810061711e+00, -1.643567337593684e+00, 2.555099703108759e+00, 1.233925816559054e+00, 1.354030507620791e+01, -7.744660145240867e+01, -3.959255047464936e+01, 2.673310221550796e+00, -2.826014818533242e+01, 2.756646386463468e+02, 5.521729921024443e+02, 9.911725773576168e+02, -5.652959988644715e+01, -2.536144247201507e+02, 3.511374774183895e+02, -4.841736113483734e+01, -2.835233978072474e+01, -4.984317421904758e+01, -5.875630915875786e+01, -8.011881925274460e+01, 3.600502423909119e+02, 2.680567175498642e+01, -4.235459497829689e-01, -9.931018058386618e+01, -8.548328768449815e+01, 7.133320551104882e+01, 5.441330015886499e+01, 1.632287157139724e+01, 2.688084464292514e+01, 4.610547268508427e+01, 6.236355093556982e+01, 9.104641559700884e+00, 1.111422016691977e+01, 1.794747325889692e+01, -7.054295062263714e+01, -2.657447142529639e+01, -1.677545289552693e+00, -5.710631382862215e+00, 8.019911792108237e+00, -3.653258838445150e+01, 6.855037736311591e-01, 2.208910220181133e+01, -1.871096527627659e+01, -2.049475440858828e+01, -1.029643217923338e+01, 4.951891662557689e+00, -6.377751159950635e+00, -3.012357105458274e+00, 7.271450678307741e+00, 2.125885119310644e+00, -3.063175361035380e+00, -5.935709133321054e-01, -4.492741344619017e+00, -1.543286829408435e+01, -2.143385077358899e+01, -1.044025759967365e+00, 7.965174905118547e+00, -2.622133244468600e+01, 3.227852095093118e+02, -2.811608048638393e+01, 3.632648207485015e+02, 1.629301218111400e+02, -3.908033253801212e+01, -2.194781369474360e+02, -2.158107776597464e+02, 5.206952268940909e+01, -1.847072619275302e+02, 3.696638784483400e+00, -1.241979952867600e+02, 9.666902171286560e+01, -1.055225700833421e+02, -6.701928483681770e+00, -2.937958081087287e+01, -8.769623664372133e+01, 1.765891522928464e+02, -4.019503537595518e+01, -3.041338981766968e+01, 3.578173384219758e+00, -2.035793128649748e+01, -2.096224796093309e+01, -5.428041694921728e+00, 5.471013483855116e+00, -1.188955805050622e+01, -1.486815319622244e+01, 1.882738406227165e+01, -2.945613986247688e+00, -1.632619748577877e+01, -1.479770799747660e+01, -7.348981632948829e+01, 3.426679885836744e+00, 6.049486305386828e-01, 2.134701351666733e+00, 8.683272856470209e+00, -1.886331384611729e+00, 9.794303390881119e+00, 9.276400668125087e-01, 7.740035324048465e+00, -9.296980408117431e+00, -3.915770527337114e+00, -1.840246800232003e+00, -9.384112178171549e-01, 3.379188929788108e+00, 9.784506926011481e+00, -5.984202799512842e+00, -8.183988310410633e+00, 4.725779614486609e+00, -1.605911625094040e+00, 2.078456279541951e+01, 4.131525498142330e+02, 3.387241530630733e+02, 3.074717709664137e+02, 2.691344791785431e+02, 2.786796240088274e+02, -1.708787364191012e+02, -1.731099647711928e+02, 4.082466111306249e+01, -1.807765438839980e+02, -2.004104990973738e+02, 7.959781895120186e+01, 1.245773147967437e+02, 5.658976318735532e+01, -1.674365275941529e+01, -7.000754279752090e+01, 9.007509108557674e-01, 6.122575307858479e+01, -6.414166680479289e+00, -2.004027892495089e+01, 1.406083379554029e+01, -2.891755758418894e+01, 1.739636253311687e+01, 2.260460629914834e+01, 1.377172007129280e+01, -4.375584250062700e+00, -2.714374238911910e+01, -1.535693815085074e+01, -5.872839694818666e+00, -5.122888662484575e+00, -4.170335910634387e+01, -1.644032880915837e+01, 1.572791509207058e+01, -1.938932817995500e+01, -5.129524050077877e+00, 7.213492389510487e+00, 3.966426887887947e+00, 7.453469996671882e+00, 2.687364813954205e+00, 6.867113832091580e+00, 6.040908970647000e+00, -7.261956658650194e+00, -6.817060916199004e-01, -6.766185107069210e-01, 3.495159261967952e+01, -1.405547922739758e+01, -1.267977779066259e+00, 4.099289291752731e+00, 2.816215694040235e+00, 2.611826246787225e+00, -1.340451507646357e+00, -4.460598192641733e+00, 2.828325077165630e+02, 2.714189765806278e+02, 6.869669389867663e+01, 1.467024404968227e+02, -1.028413345250037e+02, 9.942681395058273e+01, 8.205817557113097e+01, 3.301455146056541e+01, -1.523738380753395e+02, -1.397540049579214e+02, -2.044011414376392e+02, 9.356682487822899e+01, 1.423712491835797e+02, -1.393247244063515e+00, -2.045958337397447e+01, 3.600878056831525e+01, 9.367526230626945e+01, 1.472627153767966e+01, -2.268303838731205e+01, -2.894663870199349e+01, -3.242628948818432e+01, -7.302511077316853e-01, -1.352095416585101e+01, 3.187058033542042e+00, -1.217209795021749e+01, -1.876980311506825e+01, -3.469244747402130e+00, -8.409028826146121e-01, -1.694164315963039e+01, -2.341298385033011e+01, -2.629317175881267e+01, -1.442310681751926e+01, -2.774505254463328e+00, 1.289803067350664e+01, 1.816350656158964e+01, 1.550708322664217e+01, 3.850603923889611e+00, 7.877831620808991e+00, 8.018021159271571e+00, -9.581695223766758e+00, -1.263063556011320e+01, -1.394311769309469e+00, 1.538817216734367e+00, 2.081024046493927e+01, 1.080105651804259e+01, 1.133633306320167e+01, -1.552668380911596e-01, -1.583752492746431e+00, -2.826528804053519e+00, 1.058267955593992e+00, 2.367127046109476e+00, 3.004332908981258e+01, 1.312904836084177e+02, 5.032093528707015e+02, 2.224368022729557e+01, 1.556163579708451e+02, -3.558401885548620e+02, -5.472186874768257e+01, -6.269057863665725e+01, 4.554515472187892e+01, -1.254893968406923e+02, -1.240830965045778e+02, -4.752376475894398e+01, 2.967582709153862e+02, -1.694509136431688e+01, -4.289093347543440e+00, -3.273538098899277e+01, -4.844781364780907e+01, 9.796275901831779e+00, -1.323552785531322e+01, 4.902734532439295e+01, -3.070494938659555e+01, 7.793791831743232e+00, 4.067143322517398e+01, -1.041238867797963e+01, -2.624173315469739e+01, -1.711524564717705e+01, -7.595612573258197e+00, 1.352713291192883e+01, -2.162558052268560e+00, -3.639697917920358e+00, 4.553512249801507e-01, -2.428623669738839e+00, -2.738156043266108e+01, -5.160786814090685e+00, 1.632937389001483e+00, 1.269930373499007e+00, -7.336634449424188e+00, 2.058294984764710e+01, 8.051453516579647e+00, 4.195333767856146e+00, 4.745649654108037e-01, -5.647107457021335e-01, -1.416518424442570e+00, -5.292466696515835e-01, -4.427807483010245e+00, -4.131512769087466e+00, 8.904333495523211e+00, 8.561345366037038e+00, 3.889012605418109e+00, 7.208854969425297e+00, 2.533251994804663e+00, -5.783537402776621e+00, -1.496927572395370e+00, 3.835615366757001e+01, -7.763334722805627e+01, 3.259162301090577e+02, -8.103626641566854e+01, -7.032716300028495e+01, -1.654518540119177e+02, 5.285689391158427e+01, -3.640654902178318e+01, -1.746335848555631e+02, -2.728189879301182e+02, -9.668621471772447e+01, 2.312340590456814e+01, 2.235122193322225e+02, 3.685721012550389e+01, -9.358458254018844e+00, 9.413015689975708e+00, -8.023452685308371e+01, 1.831675020667773e+01, 4.111189221196833e+00, 3.505035444603244e+01, -6.845539310062407e+00, -2.815719145859897e+01, 4.952414414521563e+01, 4.411684364101989e+00, -9.080849622932732e+00, -2.232625510262246e+01, -5.436064995724073e+00, 1.103013302532673e+01, -6.164217917291092e+00, -4.585868723232258e+00, 1.433059040051316e+01, -4.851303798946922e+01, -3.075472062771899e+01, 8.806951086076198e+00, 7.235435665724194e+00, 5.721958714698253e+00, -1.250758706805787e+01, 8.745793399210754e+00, 4.508368901645695e+00, 7.697450950308829e+00, -3.678418378982119e+00, -5.685129849363160e+00, -1.911447874725586e+00, -1.978045352653435e+00, -1.734276770735071e+01, 2.089326415768592e+01, 8.046069693458229e+00, -5.781344584820389e+00, -1.988725987894278e+00, 4.612447914559674e+00, 4.199213080265477e+00, -1.621202177362729e+00, 1.776527014389317e+00, -1.225044725242485e+00, 6.728715023050464e+01, 1.086451896522785e+02, -2.051955409279180e+02, -3.296943631361844e+02, 1.855401661633992e+02, 3.070045653163447e+02, -1.206221874234745e+02, 3.514182270622102e+02, 1.002946447372109e+02, 1.047400916758193e+02, 6.981722044569236e+01, 8.277427854385479e+01, -1.237197659010805e+02, 2.290153373032797e+01, 7.242406447673130e+00, 1.542833213192072e+01, 7.060240799963199e+01, 2.236248907063310e+01, -6.174767784805386e+01, -2.497677856172075e+01, 1.229559633624420e+01, -2.194500792102605e+01, -1.711150922012157e+01, 2.357668803760862e+01, 1.498958325994739e+01, 1.250255649123655e+01, 3.559237594391880e+01, -6.937162953789411e+00, 1.771194722197162e+00, 5.048479636855850e+00, -2.065144066283421e+00, 4.698423289785499e+01, 4.200320932445174e+01, -1.188516428609153e+01, -6.289331117564736e+00, -4.140939915411695e+00, 2.000190413116394e-01, -8.877188183831322e+00, -5.599426292910606e+00, 2.371034566990821e-01, 4.766834021427772e+00, -4.025228741478720e+00, 1.449344302461765e+00, 4.414242274386087e-01, 2.189731410905907e+01, -5.504324873603282e+00, -1.717815428328849e+01, -2.482362486671922e+00, -3.151512273003379e+00, -4.176554052526583e+00, -4.008615654204466e+00, 5.783430289517749e+00, 1.217008057781539e+00, -9.763975370905569e-01, -2.187712007429064e+00, 3.854506304858117e+01, 1.265090875960547e+02, 7.116588217356701e+01, 4.427501751811682e+01, 1.360275564488215e+02, 2.549554452835082e+02, 2.475286221007710e+01, 6.726969441777505e+00, 1.534800493249462e+02, 9.322710055340538e+01, 1.151543637842539e+02, 6.883118380968776e+01, -7.076965906158367e+01, -4.253253672753239e+00, 8.780175957577327e+00, -1.201186985169498e+01, 3.692493308615604e+01, -6.196645812098765e+01, 3.641135910333698e+00, -4.045718802101329e+01, -2.503734838039206e+01, -6.966616144013733e+00, -5.320217682711207e+01, -7.382216786136073e+00, -3.073316625345273e+00, -4.023979179427302e+00, -5.194749024931783e+00, -5.158783004063875e-01, 1.887758598742675e+00, 2.132615006987018e+00, -2.447436170905914e+01, 6.310224557475408e+01, -2.061548459128101e+00, -1.357070610399393e+00, 8.673365022192019e+00, 4.169485969396644e+00, 3.293867596018022e-01, -5.482366660365855e+00, -7.147945911327474e+00, -4.226014291670724e+00, 2.542341752917617e+00, -3.290503737937267e+00, 5.855104051467191e-01, -7.872172252043668e-01, -5.024767938985043e+00, -2.089196761901636e+01, 1.122164134456299e+01, 1.206785837569868e+00, -2.525942762171446e-01, 8.350091323774782e-01, 2.755411842353275e+00, 1.139430934424750e+00, -8.939222920852177e-01, -4.114301849132178e-01, 9.755357563310539e-01, 1.752505087118507e+00, -4.818858706330538e+01, -3.514778851992759e+02, -2.897712607959508e+02, -4.536938049663281e+02, -9.173098880024784e+01, 1.478684573798598e+02, 1.011732235363573e+02, 9.907357275885859e+01, 2.122318075624434e+02, 2.046796261615804e+02, 6.502338315533478e+01, 9.483672395757051e+01, 2.441751191400752e+01, -5.730364074512856e+01, -8.415602389695852e+00, 6.704839001693356e+00, -5.859989257039592e+01, 3.110382370648389e+00, -1.528617111003870e+01, -1.179388639697244e+01, -7.239593247298420e+00, 9.056151948382422e-01, -1.967582928134079e-01, 5.336559973563599e+00, -2.927120075674503e+01, -7.090292429791646e+00, 1.413668699160497e+01, 2.115037635123230e+01, -6.360308308949519e-01, -4.221956355952113e-01, 8.816243650066836e+00, -2.133294103791378e+01, -8.482322008948271e+00, 1.376039127910653e+00, -6.645434715142534e+00, -4.849581675000932e+00, -8.533261296779971e+00, -5.469688218120220e-01, 9.774441662148451e+00, 7.632069947943742e+00, -4.689217602498721e-01, 3.721144935629010e-01, 1.035319707419034e+00, -1.019707761665824e-02, 1.401080527725583e+00, 1.648563243957295e+01, -4.744422695819289e+00, 2.619547070491002e+00, 7.907142541083946e-02, -2.494679258464836e-01, -5.688355805852576e-01, -1.502144955503909e+00, -8.038848464081291e-01, 1.939816843109997e+00, -1.213877423478958e+00, -2.452548433231563e-01, 9.648903321786126e-01, -2.260984189554825e+01, 1.373274161623211e+01, 2.514358088877126e+01, 3.060343087061866e+01, 1.410334988771961e+02, 4.257838517913171e+01, -1.552922394263793e+02, 5.119693901777904e+01, 1.138450521512980e+01, 2.408220252673904e+01, 6.565060845060566e+01, 4.596425765895794e+01, -5.323778500101394e+01, 2.676810290065093e+01, -5.010420791286980e+00, 2.716300935377190e+00, -3.221327089997589e+01, 4.590587077020511e+01, 1.742994975170301e+00, -1.084270677224025e+01, 7.236864528330534e+00, -1.012628078990276e+00, 4.361649041954196e+00, -8.997183368818684e+00, 2.559078493017002e-01, -8.004954911796185e+00, 1.768623567807191e+00, 6.220260180119961e+00, -1.531355332312396e+00, 1.109198077398128e+00, 2.156366895036550e+01, 7.504325127994318e+00, 2.104981630363379e+01, -8.212136564513349e+00, -2.337292521444129e+00, 1.971659542430073e-01, -6.526573001099409e+00, 2.192659217754031e-01, 1.355829204238319e+00, 2.937464914325424e+00, 1.879242095792891e+00, 1.031756932384945e+00, 3.728201526085051e-03, 2.394733590355350e-01, 2.711280680187786e+00, -1.129998620978415e+00, -4.115152397134662e+00, -7.922863081159440e+00, 1.350899272718513e+00, 6.925254657455934e-02, 2.203568431919214e+00, 2.066470636089615e+00, -3.653020812200168e+00, -1.014854167227084e+00, -1.597869820782365e+00, -1.493947413403798e+00, 2.633380666667738e-01, 1.750768113444133e-01, -3.040516605390860e+02, -8.809735700184600e+02, -2.577480288152176e+03, 1.166427904234341e+02, 1.080579027525930e+03, -1.122835141007414e+03, 1.516941966830528e+03, -8.771927367717224e+02, 8.258455172924993e+02, -1.285252444986351e+02, 2.977413956070940e+01, -3.490948851559135e+02, 9.189534084541255e+02, -2.469204482406848e+02, -4.071136998606018e+01, 1.559879481373604e+02, 5.739580937834983e+02, 1.635775996740283e+02, -2.823417921644215e+02, 2.054540281496234e+02, -3.297763985393851e+02, 7.666702189842836e+01, -2.046594945929715e+02, -8.419566868809143e+01, -9.517154474628488e+01, -2.696285547968438e-01, -1.964518094915079e+02, 4.274207752145701e+01, -9.772574849277451e+00, -1.392018226306021e+01, 2.068933126134655e+01, -5.986435308626343e+01, 1.129014939378112e+02, -8.713176221213429e+01, 3.943180429429633e+01, 1.385103853582625e+01, 3.478380372857850e+01, 6.691520205024030e+01, 5.843556648009854e+01, 4.451503019265226e+01, 2.936921762137806e+01, -1.013207701793647e+01, 1.383570129847602e+01, 3.192252268115073e+00, -3.699633998620860e+01, 6.322487503194247e+01, -2.834759379584502e+01, 3.019328525165506e+01, -3.412188096013910e+00, -2.265158786716986e+01, -2.383869675653962e+01, -3.778730651436737e+01, -3.563920132787835e+01, -1.652677478441683e+01, 8.909727408429429e+00, 1.083599527245659e+01, 1.849708538098938e+01, 3.230442235806063e+00, 1.607202391021530e+00, -3.084682678987195e+02, 3.343581824408706e+02, 6.710884989061967e+02, -4.497685274224397e+02, 1.253193369912921e+03, -9.711100742248907e+01, 2.264007722855428e+02, 8.384801446364434e+02, -3.828324834943842e+01, -1.613550242857242e+02, -5.730268899097558e+01, -1.655510426492162e+02, -5.239708728986152e+01, -1.160321590958774e+02, -2.559842446141037e+01, -1.843971271549180e+02, -2.012972065099994e+01, 3.502405323199930e+02, -2.594846826784427e+02, -5.018443573819113e+01, -1.827626767756928e+02, -2.545149008492361e+02, 1.576815811434120e+01, -3.412322294102834e+01, -4.264254564527234e+01, -3.107107082272274e+01, -3.189619619307101e+01, -7.426306477736959e+01, -1.074659709978993e+01, 9.500390061168650e+01, -6.293606203077994e+01, -1.264523386497864e+02, 7.133530755287181e+01, -1.158007969470731e+01, 3.734874684761060e+01, 3.782176846866066e+01, -2.734115233021190e+01, 2.945696272740209e+00, 4.184148108798126e+01, 4.236335556452718e+01, -1.628478858128122e+01, 1.653139306297488e+01, -9.085681122357611e+00, -4.404764059120884e+00, 4.649884560318190e+01, 2.216607763014854e+01, -1.335803411036976e+01, 4.131781268021619e+01, 1.810562826718816e+00, -7.662297505462392e+00, 2.911734952311575e+00, -3.629956988120819e+00, -2.650698642299533e+01, -3.191871394568040e+01, 1.390591492279856e+01, 4.950430926018164e+00, 9.995536924969313e+00, 3.034250350339975e+00, -1.045161020128849e+01, -1.045604692692922e+00, -2.425540731174393e+02, -8.128060897734608e+01, 1.130727983829337e+03, -2.007535456297983e+02, 4.325891986989586e+02, -5.597964842463430e+02, -2.385717532147347e+02, -3.194731476014543e+02, 2.616855119598266e+01, 5.540617479684670e+01, 5.054483549948507e+02, -3.140983621293626e+02, -9.256721900560714e+01, -5.253971585911969e+02, -5.152193398182078e+01, -3.226479711938023e+01, -3.494010463107986e+02, 3.059015679742502e+02, -9.222060293433204e+00, -6.807586758845005e+00, 7.515563496547868e+01, 6.097371367663961e+01, 3.993242495170009e+01, -2.199818142298507e+01, -9.199542042142676e+01, -5.239896027530633e+00, 8.750895953447246e+00, 5.766715100707641e+01, -9.434592063332442e+00, 4.038632580047928e+01, 1.194417331487735e+02, -9.902318169026719e+01, 1.315629076610307e+01, 2.420392665531316e+01, -4.304060387727981e+01, -1.467089044116614e+01, -2.141404311347651e+01, 8.054712194632865e-01, 3.763218865350124e+01, 2.659759809322406e+01, -1.993470967356370e+01, -1.060333258183355e+01, 3.824549878083813e+00, 9.374363918842283e+00, -5.953328877360879e+00, 3.345220033809602e+01, -1.883630014218740e+01, -2.602498659012971e+00, 2.128042966146662e+01, 4.413199532637574e+00, 5.845998816858898e+00, -1.026393624893491e+00, -1.914127440613122e+01, -1.398065326631432e+01, 1.582874317306280e+01, 1.694624456586260e+00, -4.380704554443722e-01, 1.943656752297425e+00, 1.275244059330223e+01, -1.293150592196460e+01, -9.475035561160193e-01, 1.973579558308805e+02, 2.393623869974233e+02, 2.140080481707737e+02, 1.259116736438135e+02, 1.690855908341555e+02, 4.842103318585691e+02, -2.595835658239515e+02, -3.685122049143152e+01, 1.871906448327152e+02, 7.529924179083216e+02, 4.606160967575164e+01, 7.211420518477729e+01, 1.076731645372748e+02, 5.751322209711374e+02, 6.965704559230304e+00, -2.342925061911367e+01, -2.520271250247572e+02, -2.215366778766432e+02, -1.506542555411964e+02, -1.310399370991213e+02, 3.559137203425107e+01, -3.188747624147628e+01, 1.396236568651054e+01, -1.010671026121133e+02, -2.463258565024637e+01, 6.964299420036907e+01, 2.475826546430088e-01, -6.571564612011859e+01, 1.263265241729443e+00, -7.273459389038022e+00, 7.218198509698105e+01, 6.200549321885848e+01, 2.460047592100619e+01, 1.351820224412916e+01, -6.412219325945029e+00, 1.131607799102433e+01, -1.210566412063749e+01, 9.287411345542544e-01, -5.957697207589586e+00, -4.542949418280388e+01, 8.618458117272354e+00, 1.435024690052245e+01, 2.203856254083744e+00, -4.614483044120673e+00, -3.025394416815521e+01, 1.152098384728942e+01, 6.721933259569182e+00, -9.879804298070093e-02, 1.459013154412921e+00, -1.029681336045043e+01, 4.779408295582354e+00, 2.567934414610558e+00, 7.759074112130185e-01, 1.527566453702797e+01, 2.158247956566783e-01, -2.834910431925363e+00, 3.133360983773582e+00, -3.259574018725419e+00, 6.792880947880688e+00, -2.255214443748041e+01, -1.893178744752341e-01, 1.556377913580645e+00, 3.350240197418248e+01, 1.082975764903073e+02, -4.593031663981949e+02, 2.018892751591719e+01, -8.949603912464904e+01, 4.382298048672167e+02, -9.429791402510882e+01, -5.940825106985763e+01, 1.595861460637975e+01, 1.995575355315872e+02, -1.990274361313720e+02, -3.314228807096489e+01, 2.916342055030600e+01, 1.742461786460856e+02, 2.836157806284577e+01, -4.223294827235167e+01, 1.724023894074182e+02, -2.032716435170715e+02, -5.037813847198347e+00, -5.682547062814163e+01, -3.813618358142792e+01, -2.561563806623354e+01, -2.457862601437924e+01, -1.882175513001502e+01, 1.019001745321581e+02, 4.112046656720719e+01, -1.581269081689314e+01, -2.100102616459290e+01, 2.060465887555776e+00, 5.200618969840650e+00, -4.603057114515472e+01, 7.590747778834979e+01, 7.186874086847824e+00, -1.952112316248839e+01, 1.177353254961057e+01, 1.523968483465577e+01, 7.261463230490893e+00, -6.438739468065415e+00, -3.693388637418565e+01, -1.813224748605639e+01, 1.080499250276527e+01, 7.066263910104701e+00, -5.049066538337055e+00, -1.437952456889225e+00, 3.808148285401555e+00, -1.794186380693814e+01, -3.222162191619967e+00, 1.289104735361982e+01, -5.381448275645180e+00, -5.912487273877211e+00, -7.553298382232517e-01, 2.558810611736916e+00, 1.149176449562911e+01, 5.092010818043572e+00, -9.467667332949635e-02, -2.735314481701395e+00, -1.921193953070642e+00, -3.232253179449359e+00, 1.373711589347749e+01, 2.944436428177498e+00, 5.786689553229440e+00, -6.720572316708834e+00, -1.962536962090361e+00, 2.559792320150530e+01, -1.275245866330542e+02, -4.938051901609299e+02, -6.995144612823012e+01, -8.825027900762508e+01, 2.661502757816577e+02, -1.041245607561593e+02, 2.766846251952717e+02, -1.118522153084326e+02, 8.418908006495128e+01, -1.749276099636537e+02, -1.626552002364916e+01, 1.388723628380771e+02, 1.474262131011706e+02, -1.732885374078730e+00, -1.294925036782076e+01, 1.413135121024538e+02, -1.529088141938032e+02, 2.411792775489116e+01, -6.365222905695302e+01, 7.352645161456728e+00, -3.457734228984985e+01, 3.090405313225298e+01, -5.674990374279278e-01, 4.903478426617129e+01, 5.294145746264334e+01, -2.061797744488639e+01, -1.014906174061118e+01, -1.781077457982001e+00, 8.349161212372259e+00, -8.150101422538187e+00, 5.711281684471462e+01, -4.837746752106936e+00, 2.098347928643069e+01, -1.316048738310555e+00, -2.385532904408142e+00, -5.150022749651725e+00, -1.090083022544426e+01, -1.554318368039503e+01, -1.541095950165054e+01, 4.535720952935293e+00, -5.709384903655141e-01, -1.403781963022023e+00, 8.462420597740535e-01, -2.191260831116209e+00, -9.089912701044970e+00, 3.107851593498590e+00, -6.544772345191565e-01, -2.747086278290661e+00, -9.178422156642085e-01, 4.482563667802394e-01, 7.563999037841793e-01, -2.458939350146570e+00, -8.125087385601483e-01, 3.135983277327443e+00, 2.909626127607801e-01, -5.880828662804249e-01, 8.531057665524082e-03, 1.958479695733386e+01, 4.887910218541504e+00, 3.846439222772243e-01, 4.763404216159906e+00, -9.174633404612445e-02, 4.554145826320422e-01, 1.571147501812657e+02, 9.073665138098148e+01, -8.646679079409705e+02, 9.376037072016064e+01, -4.091804554308201e+02, 3.826654497873549e+00, -1.201231004318534e+02, 3.508040607192837e+01, 1.324750850309606e+00, -4.274664143798977e+01, -1.350766479361132e+02, 6.612383723694099e+01, 9.152120894253120e+01, -4.892382090859207e+01, 2.037935614913304e-01, 2.186292692218258e+00, 1.892261640148127e+02, -1.442872441780957e+02, 3.105569006827700e+01, -3.169938053017711e+01, 5.260830660642411e+01, 3.201611431209218e+01, -7.683447407046075e+00, 4.842745228162903e+01, 4.930544507599457e+01, 8.810197136665602e+00, -2.136309066007876e+01, 2.853994825297620e+01, -2.837447367824487e+00, 9.892467448141080e+00, -3.745374557224290e+01, 5.923012915408283e+01, -8.904003070809402e+00, 2.275286884977211e+01, -6.102436199848132e+00, -9.354584705196308e+00, 5.306819311989845e+00, -1.385495923006753e+01, -1.059497979511704e+01, -2.836474142832041e+00, 3.256166640402828e+00, -1.155735916829835e+00, -9.738929825544796e-01, -9.151857423857404e-01, 3.946685950408351e+00, -1.623747064326198e+01, 8.552542072775728e-02, -3.526217071057103e+00, 5.309862235432302e-01, 1.556724168972493e+00, -9.862766742507981e-01, 3.084507127319487e-01, 1.094750632352909e+00, -8.924915602516098e-01, -3.785746977287318e-01, -2.486592107828267e+00, 3.450637369461924e-01, -1.849257390535057e-01, -3.448917264847997e+00, 7.353579922030599e+00, 4.841310609416609e-01, -4.296218298837906e-01, -1.715821093219243e+00, -8.590728061817903e-01, 4.172848787602001e-01, 1.100892223360148e+01, 6.357724621510433e+01, -2.687543401873185e+02, 3.630382778163943e+02, -3.213144355483952e+02, -1.157049649105435e+02, 1.601705592502290e+02, 2.720419238650040e+02, 1.423558621223540e+02, 2.939430196114793e+01, -1.139652764518249e+01, -4.616823157527521e+01, 5.092320789581422e+01, 7.258266020993574e+01, 1.049836426976948e+01, 2.442183192220207e+01, 1.321235009533857e+02, -1.930389540417559e+02, 2.818730070237292e+01, 3.441870789405522e+01, -6.440742500329920e+01, -6.164961446482695e+01, -8.962508087914557e+00, 3.025668994480540e+01, 1.093863505487263e+01, 5.716167601343349e+01, 3.460369362749546e+00, -2.698516128970391e+01, 1.577348690572791e+00, 8.908614319420234e+00, -5.693435652984773e+01, 7.080966541982812e+01, 1.341512783550507e+01, 5.177524317718920e+00, 1.132539928613754e+01, 3.331088192470064e+00, -3.314821724960899e+00, -8.194626124132387e+00, 4.815235537253206e+00, -4.690538018194183e+00, -1.336218149137733e+00, 3.943494998611651e+00, -3.544202097169558e-01, 6.091800062818287e-01, 2.403879772148091e+01, -1.992000850307634e+01, -9.400983090390376e+00, -1.385388697149056e+00, -2.194485974309866e+00, 1.805999661938233e-01, -2.631911019815690e+00, -1.026889902897123e+00, -1.653268986401778e+00, -1.308016528409806e+00, -4.645683175355637e-01, 9.034096653854341e-01, -1.787776632577487e-02, -4.937703696262497e-01, 3.892119047259317e+00, 6.442512268961424e+00, 5.455235279999877e+00, 1.463387059749504e+00, -1.832092862446999e+00, 4.888107216917605e-01, 3.089707453948868e+00, 3.863062559463689e-01, 7.002199017371423e+01, 2.200139210894213e+02, 3.395712421844525e+01, 4.387343146053011e+02, -5.471545235920327e+01, 2.541642060015851e+02, 2.566584017635365e+02, 2.597227243586335e+02, -8.285001533743524e+01, 2.883839720630614e+02, 3.876671678874472e+01, -3.246310488913657e+01, 1.044735792730112e+02, 9.283162408123207e+00, 3.705277509519597e+00, -1.113009245529256e+01, -1.263193949576006e+01, -1.143172748914717e+02, 8.796868669282752e+00, -2.621972887490486e+01, -6.059030990213449e+01, -1.732609409969157e+01, 3.242317631282096e+01, -6.382199443239335e+01, 1.603810084008282e+01, 1.782614597628232e+01, -5.857015804227069e+01, 9.362290022582048e+00, 3.940634744379913e+00, 8.271169782470025e+00, 1.415477557209836e+01, 2.468289756431005e+01, 1.549955977921259e+01, 3.688036856908901e+00, 2.202816031537881e+01, -5.725394937718741e+00, -5.792205766084819e+00, 1.247916257416880e+01, -1.356945756240630e+00, 5.902140093027906e+00, 6.751774868275982e+00, -1.406513884416804e+01, 1.814247724918840e+00, 7.007291360689878e-01, -1.220946338559300e+00, 1.784392916055062e+00, -2.211562216282765e+00, -1.756995255647404e+00, -8.175971894478623e+00, 2.248036458778906e+00, 1.853837461715815e+00, -2.513347667761719e+00, 1.725527691213524e+00, -2.292905901684468e+00, -1.958274806435342e+00, 5.837085222119521e+00, 3.188582026035923e-01, 1.916664623996095e+00, 2.209428242268452e+01, 1.281444972508310e+01, 1.149784366215458e+01, -6.094746334023174e-02, -3.208681706370462e+00, 9.848713779518394e-01, 1.370252203437175e+00, 3.266862976997409e+00, 6.137270283366334e-01, 1.033530662934287e+02, -6.383920987338421e+01, 1.447791159281647e+02, 1.326127109720778e+02, -1.671682631285260e+02, 1.320296064451423e+01, 1.543281715121067e+02, 6.116226969474062e+01, -7.355142160913232e+01, -6.933024985546807e+00, 3.538964974584380e+01, -8.025377777300395e+01, -1.866634135912990e+02, -3.566384438966833e+01, -3.184546796974906e+00, 2.816349828614992e+01, -7.730886657465990e+01, -2.577322672278313e+01, 5.121776198305825e+01, -3.362422830061953e+00, -5.944672653632613e+01, 2.183953002982597e+01, 5.947480475500475e+01, 3.153993637965935e+01, 6.362883531855687e+00, 1.806080278823802e+01, 2.170298308447505e+01, -1.948256504670769e+01, -4.412843627599618e+00, -4.903810456484121e-01, 4.076242240869792e+01, 3.010214111447644e+01, -3.976041350096559e+00, 2.279524308944286e+00, 1.661666616571302e+01, -4.204376585202606e+00, -1.387154794460182e+01, -6.386937779437818e+00, -1.602991312001785e+00, -1.799397522302222e+00, -5.002224307873651e-01, 6.356713249915277e+00, -1.577381183784639e+00, 1.951546311459333e-03, -1.532953050966491e+01, -1.292525159795449e+01, -9.159021837797343e-02, 2.428909618231252e+00, -3.176009004160941e+00, -7.035302403332045e-01, 1.971920943787994e+00, -6.143426682236989e-01, -2.017713865695058e+00, -7.589939616060004e-01, -3.771533030376851e-01, -1.480115483641771e+00, 1.519036947187058e+00, 6.764084745491629e-01, 1.755564655482813e+01, 1.808969945768839e+01, 4.679674198340809e+00, -3.630913156969554e+00, -1.293765598097975e+00, 2.532621338530467e-01, 1.373403438012087e+00, 1.955623468571544e+00, 2.517768113160716e+00, 7.027678326972808e-01, -4.594641967646711e+01, -7.953083653529140e+01, -2.496438921321052e+02, 1.888158662774306e+02, -4.493842873122849e+01, 1.028876287542501e+02, -7.782986968858251e+01, -2.068092067637299e+02, -6.068035633456585e+01, 7.554005033250425e+01, 4.376924488018534e+01, 6.454097572652176e+01, 1.920292545470110e+02, 2.411800455515524e+01, -5.741987699032562e+00, -4.060393589626775e+01, 1.055483896035955e+02, -4.763217531141174e+01, 3.377516956731306e+00, -3.150292964564574e+01, 1.334388263354851e+01, 1.364895253184922e+01, -2.419909016041456e+01, -3.501320449309281e+01, -1.625040439028819e+01, -3.831522052282408e+01, -3.010873890647467e+01, 5.051397179852044e+00, 2.305792673529069e+00, 2.271667575583927e+00, -4.980844661023431e+01, -1.837115667729146e+01, -1.022988041532916e+01, 4.593397705652138e+00, 7.956483107300072e+00, 6.802931316605215e+00, 1.366509821530197e+01, 8.529245001659159e+00, 5.576260649048920e-01, 6.225328423593835e+00, -3.275549736073963e-01, -1.147723232193702e-01, 1.897948346440799e+00, -5.889559880504122e-01, 1.309202929574886e+01, 7.362328522195462e+00, 7.027241245846268e+00, 2.335424354979503e+00, -4.707423363816861e+00, 2.891885188797967e-01, -2.414685306929045e+00, -4.281183392054256e+00, 1.066984511563223e+00, -2.177498110598528e+00, 4.029095498299740e+00, 1.369166173242528e+00, -4.396117354359017e-01, 1.802808257921906e-01, -1.438053410012333e+01, -1.014355154803938e+01, -6.437913819689822e+00, -2.538078997031606e+00, 4.181015685510523e+00, -7.782702644727887e-01, 1.779915857166647e+00, 2.239617346897868e+00, -1.834729040351291e+00, 1.370471020639126e+00, -9.406331478843495e-01, -3.893493531419045e+01, -8.257923487134488e+01, -1.304827356045535e+02, 2.938119884320505e+02, -1.211088170108248e+02, -1.218274130941216e+01, 4.139711620944195e+01, 1.630975593930283e+02, 3.935703576924355e+01, 1.620765179182709e+02, -7.324443514414678e+01, -1.452066258062633e+02, 1.026876059226789e+02, 7.425345318553103e+01, 3.074601938042006e+00, -1.427548137913303e+01, 6.413808900440980e+00, -6.268061570328653e+01, 3.425930086424813e+01, 9.931778197354417e+00, -9.274553904596758e+00, -1.014380191447648e+01, -2.306948178910822e+00, -2.715632335667666e+01, -5.934528114702935e-02, -4.825122504533590e+00, 1.959409763777505e+01, 1.743289106140476e+00, 1.232638098530926e+00, 2.688064193179430e+00, 1.067094573136940e+01, -9.763229307167698e+00, -1.478049446679344e+01, -6.272173868591550e+00, 4.694928680478742e+00, -5.257452242970313e-01, 3.204789667137486e+00, 3.520833806181904e+00, 6.653344231597099e+00, 1.122501804544831e+01, -1.207451882494197e+01, -2.227418896238447e+00, 5.506580500243680e-01, -1.263122412564438e+00, -4.385898371373501e+00, 7.040103460518328e+00, 3.439698146617939e+00, 4.605708476068193e-01, -5.655382311500363e+00, -1.420931952430004e-01, -2.258792264472425e+00, 8.178986996342335e-01, -2.444256437014292e-01, -3.321127974433260e+00, 4.284352794876655e+00, 4.671019779123577e-01, 1.322635496950107e-01, -2.961539180322535e-01, 3.838760827419700e+00, -3.007368112297830e+00, -1.223633301883325e+00, -1.281718406359369e+00, 3.184173110842050e+00, -5.860738564406888e-02, 1.372471753788511e+00, -1.353213337346959e+00, -3.197297325112997e+00, 1.362251745308334e+00, -2.595717636993852e+00, -3.383321516689869e-01, -1.637070217272735e+01, -1.319803981914209e+02, -1.634741728798342e+02, 3.923784668762616e+01, 8.536319293127129e+01, -3.387033495590529e+01, -6.838842516326459e+00, -4.058664643841031e+01, 5.189269316486195e+00, 1.956964151043830e+01, -1.287749297494507e+01, -4.546039368361652e+01, 4.785878452344221e+01, -3.342526372862815e+01, -4.836131440945241e+00, 2.989687398863416e+00, -1.350948392549973e+01, 3.844668785329944e+01, 6.940672903033853e+00, -1.704517465083997e+01, -3.372863820369301e+00, -4.408713247258287e+00, -6.606092184002094e+00, -1.035535835508810e+01, -2.213092085769733e+01, -2.260294695160524e+01, 3.106510882086100e-01, -4.017272938672449e+00, -4.553201035951602e-01, -1.676276391185628e+00, 1.766135763987585e+01, -2.694279968262277e+01, -6.812525255214732e+00, 7.747801146543832e+00, 2.072525892075684e+00, -3.247336699092691e+00, -4.275780236581699e+00, -2.284428485890643e+00, 7.209104172581961e+00, 2.651066804422775e+00, -7.396575335811578e+00, -7.473543418117493e+00, 7.590532677969730e-01, -4.372582362883903e-01, -2.582290540393530e+00, -1.238950592987726e+01, 5.380008136280952e-01, -6.100642891564501e-01, 1.753684501822038e+00, 1.204228753220548e-01, -2.270610394221976e+00, -3.215930844761884e+00, -2.156161805441862e+00, -1.847510817577014e-01, -6.690800667125057e-02, 1.815988154472278e-01, 6.850580840820973e-01, 3.509210353418895e-02, -2.069340439856040e+01, 2.711819684281820e+00, 3.170317841647202e+00, -3.716206755195235e+00, 8.280102936707616e-01, 6.905174154378112e-02, 1.864680029774463e+00, 2.584506239135677e-01, -1.982227483853954e+00, 4.308100849372004e-01, 2.536960850748662e+00, 3.036268266337818e-01, 8.412198192032840e-01, -1.941077305562825e+01, 2.322685765679636e+01, 8.622211842956622e+01, -2.479724180495748e+01, 8.483333850101026e+00, -2.768669973320761e+01, -1.057820128497526e+01, -3.385437457100595e+01, -4.102769128952697e+01, -8.117722829350605e+00, 4.510460898572267e+01, 6.801686458383988e+01, -1.557703511665646e+01, -1.072151725471677e+01, -4.737503294759986e+00, 8.368200867778000e+00, 1.665314844983265e-01, -3.586402595875912e+00, -5.638799551132485e+00, -1.176077422384181e+01, -1.400176641192922e+00, -3.745999811616021e+00, 5.022657334025981e-01, -4.040194932224962e+00, -6.362369198398851e+00, -2.383411727680369e+00, -8.859379666057009e-01, 1.012365715405559e+00, -1.389352698711473e+00, 2.450606399256338e+00, -2.283608039106962e+01, -2.606239972288563e+00, -4.893064753421573e-01, 4.336640616002798e+00, -3.581119609932769e+00, 2.283478221758282e+00, 1.056286217708365e+00, 1.742965919113796e+00, 1.970698792815236e+00, -5.982649661237633e-01, -2.319493284265207e+00, -3.263655052425901e-01, -2.701348941600971e-01, 3.025313190804438e-01, 1.690837604982457e+01, 1.804142521228060e+01, 6.067079606222049e+00, -1.252733900907194e+00, 2.399731215519604e-01, -7.599692759827626e-01, 3.466089638941465e-01, -9.619378159075170e-01, -9.878126461285636e-01, -1.869356146462424e+00, 2.639805072377347e+00, 9.904758215220889e-01, -5.691064838506331e-02, 6.858197130064689e-02, -1.819971600745800e+01, -1.599991121243307e+01, -6.622224787901325e+00, 2.677074813884447e+00, 4.883613919647344e-01, 2.081427596121088e-01, -6.808489371756020e-01, -4.649040986878529e-02, 4.772333586537588e-01, 6.560303519061669e-01, -1.422474046425776e+00, 2.354643659490901e-01, 2.416833380157217e-02, -2.801606843476292e-01, -2.812423428335088e+01, 2.535260093861941e+02, -3.149188639142587e+01, 2.777338028463025e+01, -3.922465568944959e+02, -2.192599299246403e+02, -7.875939688473859e+01, 7.158550415906524e+01, -4.686957997998886e+01, -2.123826477685599e+02, 2.274432001422640e+02, -1.115882474364101e+02, -8.948444674216927e+01, 1.146084291483805e+02, 1.223189402258515e+01, 1.103173095853174e+01, 3.750783182454006e+01, -1.388747834492778e+01, 2.360640374378081e+02, 7.981296782240962e+01, -2.580006631070038e+01, -3.367013844039477e+01, 1.907523751917043e+01, 9.606922732244881e+01, -4.660822770589407e+01, 1.071124879254449e+02, -4.837421738767527e+01, -4.720266871640531e+01, 1.377082724774733e+01, -2.168050656462543e+01, -5.037821767928343e+01, -1.385130639820092e+01, -9.992133085038577e+01, -4.891961506755871e+00, 3.173444885049973e+01, 9.322884492537138e+00, 1.362613078853535e+00, -3.769967847970206e+01, 7.055572726476910e+00, -4.764005607398649e+01, 3.607704590025575e+01, 1.553335105279342e+01, 1.033069769283394e+00, 3.068434611688909e+00, 1.107406012765600e+01, 4.416031749056023e+00, 2.749446764976663e+01, 3.686507016270174e+00, -1.131111157177656e+01, 1.127397739951937e+00, -1.592264818957217e+00, 1.426284377758214e+01, 1.949527045059817e+00, 2.117476316744506e+01, -2.073957464277976e+01, -5.736567479396238e+00, 1.294839024653709e+00, -1.493311814906228e+01, -2.135373692212802e+01, -1.439333566389776e+01, -1.073308650602247e+01, 2.070433358167139e+00, 4.094580233972169e+00, -3.618660364249164e+00, 2.560196547220222e+00, -5.731942254205197e+00, -5.064884980480769e+00, -9.767372674826561e+00, 8.915039037608611e+00, 2.152734106374504e+00, 2.900842358299485e+00, 2.214098336026542e+00, 3.578495376917933e+00, 1.781073224010061e+01, -2.305784755682584e+01, -4.850402151960537e+01, -3.264599066912912e+02, 2.344765090009194e+02, -3.019749337594365e+02, 2.017590175667460e+02, -1.812065004865918e+02, -1.944347826883305e+02, -1.212777913170209e+02, 5.044358651322697e+01, 1.689546467451241e+02, 2.322023006591012e+01, -1.318263160078979e+02, -3.380545707717697e+01, -1.499541892476320e+01, -1.203931955989897e+00, 1.092170529720773e+02, -1.065514040617726e+02, 1.068881039824306e+02, -2.857188604779130e+01, -2.677213925109840e+00, 5.578691701010760e+01, 1.313600912234277e+00, -1.006355840897376e+01, -4.353849218196419e+01, -2.415367481614097e+01, 2.499072352114875e+01, 1.119988226542217e+01, 3.021306933933356e+01, -9.958043765918179e+00, -3.951873901182704e+01, 3.839356697093265e+01, -3.756804050056889e+01, 2.117656547354456e+00, 1.141179375162775e+01, -5.702388620395646e+00, 1.674196142161456e+01, 5.328207061948563e+00, 1.244502689940806e+01, 9.575550979888801e+00, 6.149879036657891e-01, 1.082372789132216e+01, -1.546590229665182e+01, 4.393836116608141e+00, 2.222304041367564e+01, -1.498695841017549e+01, 1.981204137705506e+01, 2.152862053926114e+00, -1.881089498227568e+00, 5.228426551313769e+00, -7.568879641351576e+00, 1.302044891524958e+00, 2.024668817135697e+00, -5.461020254983595e+00, -3.164002192152501e+00, -3.120194509236936e+00, -4.950669334684560e+00, -1.330349417571454e+01, -8.749486209053366e+00, 1.150870088277794e+01, -8.367694215034952e+00, -2.953139227356714e-01, -8.724123935168644e-01, -8.254099647833183e-01, 2.469325791412232e+00, -2.015648124592760e+00, -1.985387044012582e+00, 2.816164806246878e+00, 1.786608953848588e+00, 2.004920249982105e+00, 8.704520631550892e-02, 4.694234010367602e+00, -2.645426366623435e-01, 2.466484663906834e+00, 1.739714678550348e+02, -2.409921616740236e+02, 1.752274112077796e+02, -1.243531595437939e+02, 4.934818855356549e+00, 2.832409529974916e+02, -7.871202582761269e+01, -6.891641401897615e-01, -1.881026843561666e+02, 6.638479162662262e+01, -1.414469809771485e+02, 4.297660650027725e+01, -8.097256812961909e+01, -9.385861353434013e+00, -4.410383739068991e+01, 9.083296551149458e+01, -4.127472116414685e+01, 2.193804965463946e+01, 1.226495848918606e+01, -1.064529934172452e+02, 3.553452186735902e+00, 2.978851801322096e+01, 4.139894633004464e+01, -2.532909844027738e+01, 4.336593419289544e+01, -1.810573070610183e+01, 7.970935904810092e+00, 6.886671206935175e+00, 9.586008653237341e+00, -2.072248318701762e+01, 4.333182315948146e+00, 1.366243447019170e+00, -1.262241564377198e+01, 2.965274647332304e+01, -7.240064886616607e+00, -1.378940734584276e+01, -6.762529975588124e+00, 7.996434522374930e+00, -5.301324040238336e+00, 2.056072432422558e-01, 1.572597744128144e+00, 9.485327013321612e+00, -1.108066852691247e+01, -5.265001950068968e+00, 2.480798128708300e+00, -2.109169820659732e+00, 3.521480851178222e+00, -1.195346887644778e+01, 4.723998313259330e+00, 4.649025317634013e+00, -1.717416897636383e+00, -2.372540898697535e+00, -1.138480462694617e-01, 1.213989364602160e+00, -1.339522320412032e+00, -3.770491199311487e+00, 2.540718286301063e+00, 3.909282546411334e+00, 5.027483156029133e-01, 9.957892895409605e+00, -1.237513419112609e+00, 1.385837581251894e+00, -4.102726851132986e+00, -1.703640833183484e+00, 1.604830099139827e+00, 4.440894173871430e-01, 2.847020955621451e+00, -2.176927086628749e+00, -5.714190016866015e-01, 6.156587234108273e-02, -3.430340218865325e-01, 2.567413449356141e+00, -2.473070921757964e+00, -3.719453796252309e+00, -3.451852522600520e+01, -1.675135129769860e+02, 1.072540887744559e+02, -3.867098376617669e+02, -1.337904162185415e+02, 7.629126326389391e+01, -9.228516118254707e+01, 8.337532929390392e+00, 1.602262008330686e+02, -2.252840468013694e+01, -6.714701604688047e+01, -1.304684906919078e+02, 1.062654105433378e+02, 7.422844429000239e+00, -4.257048663137978e+00, 4.128934415300365e+01, 1.100204071785121e+01, 9.453534406067678e+01, 5.249520079077664e+01, -1.479487372885505e+01, 2.429272884393916e+01, 3.156528771831981e+01, -5.238180996801862e+01, -1.769917808139415e+01, 1.835044034406023e+01, 1.193646953999823e+01, -2.189673098406590e+01, 6.898764109269560e-01, -4.500640100200128e+00, -1.090749646800903e+00, -1.518114910988274e+01, -1.826179710144522e+01, -1.222460220540056e+01, 8.597696664819772e+00, -3.163937771810604e+00, -1.613880274731808e+01, 1.332848392085523e+01, 8.788133515961549e+00, -7.343839936619461e+00, -3.185514534668800e+00, 7.763662773083516e+00, 2.118667305239388e+00, -3.055870074586239e+00, 1.537755258408643e+00, 1.467090254819471e+01, 4.356969709652096e+00, 9.546727404563304e-01, -6.092669989538827e+00, 3.947763856338364e-01, 7.544701229359595e+00, -5.492458636511328e+00, -4.670847572440855e+00, 1.782809148951711e+00, 7.072050855600369e-01, -2.683993061668534e+00, -7.685525604212358e-01, -1.224616142353558e+00, 2.069019806805272e+00, -4.445892963507068e+00, 2.544077676943632e+00, -6.793960132722768e-01, 2.189329261900532e+00, 2.073439553717936e+00, -2.928964705282708e+00, 1.288406872157865e+00, -8.434680901114070e-01, -2.950354499865905e+00, -3.136133531530113e+00, 2.847529028993244e+00, 2.033281058781562e+00, -9.455440841423515e-01, 1.014657623675369e+00, -4.747584350961506e+00, -9.881303724888673e-01, 2.310794819927870e+00, -2.146813078013617e-01, -1.282328297780821e+01, 6.487928937352822e+01, 5.659008455403022e+01, -8.076132433571155e+01, 4.970225292205824e+01, 9.440831787786459e+01, 1.785224617084731e+01, 1.398128504350960e+02, 2.974225694632779e+01, -2.886960656336083e+00, -1.581158866790763e+01, -6.435154146255300e+01, 1.807320756385865e+01, -1.064400765074153e+01, 3.395715817229468e+00, -1.185731972758789e+01, 9.142879590052061e+00, 7.153734811726350e+00, -2.390301487981730e+01, -3.988117661086463e+01, -1.010914300496008e+01, -4.328344818677029e+01, -1.417708109206422e+01, -1.330745613125832e+01, -7.484883366941156e+00, 1.509398910268060e+01, -1.240227288714186e+01, -1.237540559898408e-02, 3.042481091949252e-01, 9.494370767338381e+00, -1.908458383486373e+01, 2.325266652299687e+00, 7.840709586859600e+00, 1.685725160866765e+01, 6.262952036970328e+00, 1.423129359406175e+01, 6.107621187515416e+00, 8.566865262297679e+00, 7.047543976840272e+00, -4.766329461615585e+00, 3.766837420937647e+00, 2.668265127341625e+00, -1.294526224064325e+00, -1.784288025240699e-01, 1.674739529413436e+01, 3.810850883894016e+00, -2.265955402126253e+00, -5.507046949866080e+00, -1.575679344932877e+00, -2.502351675882107e+00, -5.774108661225716e-01, -2.677677914305587e+00, -2.460183338519430e+00, 2.749702425369314e+00, -2.410558844104071e+00, -1.016441045354608e+00, 7.903262577947395e-01, 1.343597888187538e+00, -9.169000984502990e+00, -1.051229745381001e+00, -4.062684232024691e+00, 3.287181164197617e+00, 3.796560538883882e+00, 2.572643355251351e+00, 5.620317704294582e-01, 2.021118103957143e+00, 6.829475870280584e-01, -2.091815057796402e+00, 5.558081697525474e-02, 1.030251497457677e+00, -3.638224027198247e-01, 2.951048009196577e-01, -3.368877617534831e+00, -1.146007107225644e+00, 1.643008952931828e+00, -1.263680464571834e+00, -1.027394061069924e+00, 6.847290517873925e+00, -1.969566263817305e+01, 5.626702320658175e+01, -1.801750465109063e+01, -1.138811709479819e+01, 8.162904003007242e+01, 1.412232232033137e+02, -9.419808283634595e+00, 6.085080255616895e-01, -1.894131276604137e+01, -1.087746555642191e+02, 4.467655119529793e+01, -1.561011866195776e+01, 2.686437248475812e+01, 1.898656664064389e+00, 1.892385036209737e+01, 4.682187005330415e+01, -1.021049956793704e+01, -1.651436813799883e+01, -2.334298984708837e+01, -1.302000758410541e+01, 1.705616443998011e+01, -1.503174130429809e+01, 8.644938586581315e+00, 2.154326367354959e+01, -1.590842571633492e+01, 8.158863409677064e+00, -2.308979298732866e+00, -1.815471263673784e+00, 2.441593850054870e+00, -2.887529295721890e+01, 1.313996050977466e+01, 8.715882289379646e+00, 9.429682741442878e+00, 4.310217497622866e+00, -9.621763809257611e-01, 1.194301572846704e+01, -3.364684293861585e+00, -6.821013847506585e+00, 5.514881736410253e-01, -1.790157973096386e+00, -2.246658046118130e-01, -9.889256461107159e-01, 4.312057033494565e-01, 1.273959588029443e+01, -4.933693976367532e+00, -5.380133724283325e+00, -4.192469903110739e+00, -1.040829212062739e+00, -1.041262523071709e+00, -6.122803294035568e+00, 2.644799819172920e+00, 3.702553600251430e+00, 1.541571890867401e+00, 8.028376331227936e-02, -1.475256212263920e-01, 4.974204254144324e-01, -1.165929793303904e-01, -5.467188613134572e+00, 2.566384242420244e+00, 2.686021848881378e+00, 2.048271855440864e+00, 1.337593497732132e+00, 4.348979898030849e-01, 8.701719068018000e-01, -2.047849082020429e+00, -2.714652095175209e+00, -1.856360866745051e+00, -3.359457304179207e-02, -2.280892129083044e-01, 9.811676967452860e-01, -4.601276732783545e-01, -3.604815308196154e-01, -1.397281924534248e+00, 8.854363834664856e-01, 4.543624336830272e-01, -5.719887880217821e-01, 6.402219178626972e-01, 3.299311364493980e+00, -9.999858445330351e+01, 1.851208437886420e+02, 7.813190070932146e+00, -8.399516732508032e+01, -1.897391689471729e+01, 7.466914819610228e+01, -1.586687881587518e+01, -4.135900473790748e+01, -3.419788556426683e+00, 5.382801814375824e+00, -1.059018930291960e+01, 1.129088007301078e+00, -3.552759382451998e+01, -8.789935152110594e+00, 1.176023496742944e+01, -5.202461709005367e+01, -9.841209629208230e+00, 2.896660405022334e+01, -4.971315045223308e+00, -1.823464387162270e+01, 5.440399187457862e+00, 2.929772147740843e+00, -6.433465293155601e+00, -5.214997489716512e+00, -4.622768726737756e+00, 4.922070525915674e-01, 5.685427681632238e+00, -3.687948443433845e+00, 2.862757350338283e+00, 1.732318614298709e+01, 9.664138443032938e+00, -7.378940257832030e+00, 8.655362875622730e+00, 7.718635334177024e+00, 1.156907235196868e+00, -1.286970599721677e-01, -1.198255607247075e-01, -3.029294754366321e+00, -2.193222234320371e+00, 1.086991621656978e+00, -1.248393093851371e+00, -1.011308095562435e+00, -9.949964844379626e-01, -6.476645509188771e+00, 6.364299114995525e-01, 1.088911297610821e+00, -6.076093521517641e+00, -3.214222360694158e+00, -2.141126312031840e+00, -1.749183715967273e+00, 2.380131523564220e-01, 9.071593993525473e-01, 9.410350419510556e-01, 2.023921770309363e-01, 1.413251232646817e+00, -5.550882361148202e-01, 2.212320795395307e+00, 7.976034983694827e+00, 4.408165645431711e+00, 4.176973201415378e-01, 6.898481771108209e-01, 3.183127764574465e-01, -4.409366948577294e-01, -9.737848490828397e-01, -1.799333500603915e+00, -1.655772156742194e+00, -1.628512016237541e+00, -5.449886472841492e-01, -3.301382721178902e-01, 1.227090186856818e+00, -9.112478332955809e-01, -2.633486369354282e+00, -4.638838862702195e+00, 1.101380985099182e-01, 9.490970071350640e-01, 5.023802040879651e-01, 2.007729553064847e+00, 1.194628070571840e+00, -9.756977225479242e+00, -7.614334121531428e+00, -4.600122216564370e+01, -6.732563918216846e+01, 6.685642637580494e+01, 4.267573775479455e+01, -7.145789280055166e+01, -3.316752116019442e+01, -4.339541926428559e+01, 2.860935765552156e+01, 2.079753496045661e+01, 4.699943134553560e+01, 3.050185380275560e+01, 7.625158795721947e+00, 8.700595440720735e-01, 1.931021727602851e+00, -2.694824985047108e+00, 1.651745922925400e+01, -2.097245842543341e+01, -3.285038898171183e-01, 1.948617101417602e+01, 1.233112881522313e+01, 3.399067905356694e-01, -2.931042644378798e+00, -5.424774385612812e+00, -2.282997121001122e+01, -5.508562834990572e+00, 4.796946161032666e+00, -6.473781959962307e-01, -5.554999977529508e+00, 8.961371788471849e+00, -1.019447845775397e+00, 5.033407473317016e+00, -1.713277140763591e+00, -3.206241230220938e-01, 1.027374098701589e+00, 1.687538640206414e+00, -2.008758836817830e+00, -1.699785038272905e+00, 1.954447020661682e+00, 2.833384673478600e+00, 1.603142024268872e+00, -2.472168097190589e-01, 1.516717991710436e+00, -8.648794485160574e+00, -1.248049973127348e+00, -4.278973701340234e+00, -2.874788059536812e-01, -1.747998938134162e+00, -2.088535908151092e+00, -8.101987470645144e-01, 1.272575085851228e+00, -5.374002195318918e-01, -2.283705716909959e-01, -6.769836007766973e-01, -2.754549474395208e-01, 7.895576344484628e-01, 2.753144670159958e-01, 5.643247865529304e+00, 4.509913329929283e+00, 2.753323744376734e+00, -2.138169069150898e+00, 1.252422562257297e+00, 7.440715158782991e-01, -1.204243371108525e+00, -2.547074364982140e-02, 2.835109236158574e-01, -3.777321334481741e-01, -5.832361094666295e-01, 3.893712048715606e-01, -2.752753701397924e-01, 4.683333514038339e-01, -4.690525672576388e-01, -2.654282425434800e+00, -8.814678712865048e-01, 2.754628110427897e+00, -2.319963345255060e-01, 1.025263287576175e+00, 1.737780995320165e+00, 1.082704413674847e-01, 5.457154386441932e+01, 1.130499785086834e+01, -4.705228353207811e+01, 9.335328903103100e+01, 7.659058172863946e+01, -6.261702555130136e+00, -9.376004882768445e+00, 6.627099019951056e+01, 2.177580856177878e+01, 9.333777532106227e+01, 3.845092502816444e+01, -5.591014028506183e+00, -5.168892078017185e+00, 7.381899466205363e+01, -8.661199600577779e+00, -1.215357398882795e+01, 5.595494349205357e+00, -5.455490155546052e+01, -3.655672989172179e+01, -2.907596242022016e+00, 1.531829331644873e+01, -2.844274370313679e+01, -1.213148060637351e+01, -2.133355451639500e+01, -9.559485093643330e+00, -6.508417985613182e+00, 4.714524633195304e+00, -1.175747891308735e+01, -6.561848020281952e+00, -1.837825151877079e-01, 2.285522894533146e+00, 2.788254617712688e+01, 1.250243629209330e+01, 3.833568275917301e+00, -4.749340834723315e+00, 1.105205307908131e+01, 3.212405227031956e+00, 3.262217641071133e+00, 2.949301823338330e+00, 1.644771179190707e+00, -7.570023446758198e-01, 3.534011255989822e+00, -1.788468227837668e+00, 3.400532346669539e-01, -3.213149065651045e+00, -9.876266002015324e+00, -5.691836884823731e+00, -4.093099033007185e+00, 5.184337093893677e-01, -5.633646435170423e+00, -1.848655204236852e+00, -1.350294693254519e+00, -3.125444383993919e+00, -2.074051824878325e+00, 1.302553654388189e+00, -8.671629962183938e-02, 8.972882352061247e-01, 1.160481591948075e+00, 1.570154334534795e+00, 4.677615492713049e+00, 2.801042105903059e+00, -1.151062016362615e+00, 1.784786990496694e-03, 9.603382325041070e-01, -1.362400908617743e+00, -4.651882423914890e-01, 6.653154488203951e-01, 2.821447924482617e-01, -2.868051515132737e-01, 2.320481858127478e-01, 5.297618662555049e-01, -4.288802118059294e-01, 3.873528916347444e-02, -2.502418934862304e+00, -1.729004968038235e+00, 3.002780834306142e+00, 5.343238557690797e-01, 1.252814053553892e+00, 1.580346678575716e+00, 5.549356162017196e-01, 2.947277341675784e-01, -3.947001737343124e+01, 8.308740327369419e+01, -1.141116151392394e+01, 3.640532165575945e+01, 9.534380390836715e+01, 1.761793765326124e+01, -3.522379565356582e+01, -7.020911194962110e+01, 7.607303704144238e+01, 1.141193646072485e+02, 1.332527421331673e+01, -1.064461314256361e+01, 9.743345882281069e+00, -6.820110227136365e+00, 7.008101983891326e+00, -1.547904991797958e+01, 2.945388639350428e+01, -1.366552298255273e+01, -2.947214353552654e+01, -1.962129213624950e+01, 1.174983587401037e+01, 1.426029536368285e+01, -3.160369337292298e+01, -2.706683990776302e+01, -3.576908293144836e-01, -8.062944786272594e+00, -2.419509011424470e+00, 3.056718175291154e+00, 1.905577078231124e+00, -2.827629738585145e+00, -1.594974955565973e+01, 1.314324577954762e+01, 1.196589021989486e+01, 8.565695343961432e+00, -1.893006489812062e+00, -1.228106295599690e+00, 6.870825102601708e+00, 2.984000585397943e+00, -1.309562960845773e+00, 3.246490591195921e+00, 3.142358203419375e-02, -6.652370534638422e-01, 3.125188412857235e-01, 2.685362840027076e+00, 1.035697867993702e+01, -2.485868962580217e+00, -2.084828916480439e+00, -6.929385285714174e+00, -1.432614872968510e+00, -9.081557192104973e-01, -1.173890439151511e+00, 6.194132808289727e-01, 1.132948385677123e+00, -3.298950461980584e-01, -7.423655682262502e-02, 4.175045785596205e-01, -4.345491311211162e-01, -9.351227102242756e-01, -5.671530582005875e+00, 2.487926394961412e+00, 1.730667568391743e+00, 9.323839403297376e-01, 8.259075994594017e-01, -9.253802318917679e-03, -1.199676225264307e+00, -7.633246832788223e-01, -1.072816955676550e+00, -2.391529863013943e-01, -2.309397279751661e-01, -2.471012784099470e-01, -2.360083799454556e+00, 8.686676930523471e-01, 3.118773215741935e-01, -2.865625502947529e+00, -2.568583828769850e+00, 2.504547587779650e+00, 8.701655887724693e-01, 9.985732322932084e-01, 1.118017201477979e+00, 4.702353001209602e-01, 5.190382892740343e-01, 5.662008336384601e-02, -2.684391680728162e+01, -4.832345959194561e+01, 1.381962185810448e+02, 7.714059034300304e+01, -5.631180505950310e+00, -3.460502952578187e+01, 5.653812059158894e+01, -3.304921407948031e+01, 5.057009725727464e+01, -1.917585714572271e+01, -2.259392474579720e+01, -3.637930395542529e+01, -3.127136490201187e+01, -2.792299883161085e+01, -8.986265685144794e+00, 1.671330408232611e+01, -6.127626311463630e+01, -3.161315124754276e+01, 6.548112695792638e+00, 4.885374560197432e+00, -1.201132479335738e+01, 8.271246660195818e+00, -1.532822583059181e+01, 5.744130905034726e+00, -3.752167864955495e-01, 1.394265519308448e+01, 7.648545202420777e-02, 1.132218252471975e+01, 1.863146056865798e+00, 2.553672876226337e+00, 2.117984799540591e+01, 1.263728567799382e+01, -6.184266189353744e+00, 4.104208730766428e-01, -2.805080335873921e+00, -6.956885370471288e+00, 2.319719169320172e+00, -4.168058211282860e+00, 2.158518876658145e+00, -4.098596875602196e+00, 4.697808534107771e-01, -2.977463949750078e+00, 2.073037058195454e+00, -1.421503739109713e+00, -7.917465749274658e+00, -8.161552680033568e+00, 2.626958976068954e+00, 2.361196689709623e-01, 2.898256650467362e+00, 2.860142715801017e+00, -5.833730669905433e-01, 2.007796221029693e+00, -7.654003095504550e-01, 1.809135540975501e+00, -1.045492165525569e+00, 6.482536280271056e-01, -9.180985986090554e-01, -6.388576165251912e-01, 1.747114583420095e+00, 3.699584912372907e+00, -2.096971541660030e+00, 1.354886350016341e+00, -2.121334302171987e+00, -6.588232526830304e-01, 7.919391147515579e-01, -6.877190443840270e-01, 1.228955240818221e+00, -4.986226646027627e-02, -6.113025642185351e-01, 1.283387856540729e-02, 8.331197748618008e-01, 3.046629125197554e-01, 1.139220628951702e-01, 7.721325084596223e-01, 1.253202211654250e+00, -1.730635237793837e+00, 3.798958682830406e-01, -3.157222718758778e-01, -4.303208264029275e-01, -9.632693777654558e-03, -4.196085381742503e-01, -1.383784620600364e-01, 4.180000785408693e-01, 3.501675697744850e+00, -6.767682158650234e+01, 1.924961497835845e+01, -3.347437304691553e+00, -1.419717258127184e+01, -5.131142201771159e+01, 1.776026502424445e+01, 3.820290845421303e+01, -6.366590382583444e+01, 2.185874059014405e+01, -1.795235480520102e+01, 9.866781596729211e+00, 3.110337082701527e+01, -1.805536443778197e+01, -4.528722210255903e+00, 1.032186244324678e+01, -1.332768996633935e+01, 1.261491604528424e+00, -8.511765638303157e+00, 1.261241489457426e+01, -7.375411947466974e+00, -1.636991398227094e+01, 8.350654279219574e+00, -1.102645546178905e+01, -2.306002238630736e+00, 1.028600438844853e+01, -1.962959643993820e+01, 3.823172129715728e+00, -9.374040771135290e-01, 2.622433887433981e+00, 1.813064193247276e+00, -5.529290603479203e-01, 5.156757821275122e+00, -1.313116107576351e+00, 1.736481271128200e+00, 3.035862215219098e+00, 1.057095289783431e+00, 4.691663463538975e+00, 1.873891077899317e+00, -6.281839312849131e+00, 7.400134389169526e+00, -5.004645532239062e-01, 2.462184943614988e-01, -1.132537840288321e+00, 2.649618520041551e+00, -8.163135972727662e-01, -2.640908004467354e+00, 8.078714935106518e-01, 2.146807011879358e-01, -1.166051405810836e+00, -4.204512034495292e-01, -1.546460878315473e+00, -8.035448960890416e-01, 2.807384003841443e+00, -2.593957664179840e+00, -8.063377963995656e-02, 6.156062320494998e-01, 5.309219332067528e-01, -4.096758757253647e+00, 8.197189651120514e-01, 4.321885623985094e-01, 6.483115795821173e-01, 2.688515920549223e-01, 1.800265815168642e-01, 9.893335033843849e-01, 1.269280966731101e+00, 1.162008726737571e+00, -5.529149384346427e-01, 8.237041103975290e-01, -2.804504971606945e-02, -3.667473381714192e-01, -1.073068642818395e-01, -3.476013005311489e-01, -1.013563115846295e-01, 9.595186530963642e-01, -1.401010087418019e+00, -8.884461460252060e-01, 2.237790180374378e-01, -7.034980666897022e-01, -7.815941394170889e-01, -4.991644467997731e-01, -1.750734911697010e-01, -5.164939696364003e-02, 5.197050768494636e-03]
