elements:      [La]
cutoff:        6.0
pair_type:     gaussian
feature_type:  gtinv
model_type:    4
max_p:         2
max_l:         8

gtinv_order:   2
gtinv_maxl:    [8]
gtinv_sym:     [0]
gtinv_version: 1

electrostatic: 0
mass:          [138.9]

n_pair_params: 6
pair_params:
- [0.5, 0.0]
- [0.5, 1.0]
- [0.5, 2.0]
- [0.5, 3.0]
- [0.5, 4.0]
- [0.0, 0.0]

n_type_pairs: 1
type_pairs:
- atom_type_pair:      [0, 0]
  pair_params_indices: [0, 1, 2, 3, 4, 5]

type_full:    1
type_indices: [0]

n_coeffs: 1890
coeffs: [-1.153912195369725e+02, 1.302431578453332e+02, -3.510754345772040e+02, 2.100977315867135e+03, 4.244426435514856e+01, -9.346229373025957e+02, 5.291880402460195e+02, -3.856815969773459e+02, -1.747338300851421e+03, -9.267511185939971e+01, -4.355553639861433e+00, -3.640574062192719e+01, 1.296775203070594e+02, -1.389206790191774e+02, 1.470917102687151e+02, -3.195592268647150e+01, 4.336239401560707e+01, 7.051322458557483e+01, 3.612843010330140e+01, -4.504609324927610e+01, 4.863215009219631e+00, 4.001823680420506e-01, -3.606705732626205e+01, 4.997749732915040e+00, 2.811696628135217e+00, 6.658276927806782e+00, -2.859331553863735e+00, -2.238341360433981e+00, 3.251242510886857e+00, 5.026834247386731e+00, 1.658168417860710e+00, 4.318602652863249e-02, 1.127194618670467e+00, -8.667701711318102e+00, -2.557806115615220e+00, -3.265325889265105e+00, 2.144899648403722e+00, 1.472511444899752e+00, 2.812715809423318e-01, 3.579985040599681e-01, -4.934328308054556e-01, -4.783089803807211e-01, -9.013431579243701e+00, -6.821611363037904e+00, -5.608733820141994e+00, 2.204426790597246e+00, 3.235811672429824e-01, 6.986565253712967e-01, 1.557797074274833e+00, 7.556887277877460e-01, -6.624470556220324e-01, 1.643856737343971e-01, -4.968882401452201e+00, -5.013187577127808e+00, -1.624702989442113e+00, 2.726630416681990e+00, 1.031136083493774e+00, 4.250534378966461e-01, -4.195035962394826e-01, -8.267337188391053e-01, 1.302431431576498e+02, 2.431491112703708e+03, -1.552399757680710e+04, -6.747015574520811e+02, 9.938269461787568e+03, 1.434700383426773e+04, 1.615182489547999e+02, 7.222619671857948e+03, 3.464839242999589e+03, -1.050063305522453e+04, 1.824814702824725e+03, 1.936495851390790e+03, 1.258728190773600e+03, 2.106303620224488e+02, 1.513477348188165e+03, -1.226387010259075e+03, 1.697618780768644e+04, -1.125981284368946e+04, 6.873113279755765e+02, -1.018968617814507e+03, 3.002290264335991e+03, 2.396375315295429e+03, 1.655966017421135e+04, 1.956935939698578e+04, 2.422451577465494e+02, 7.030725124564511e+03, -1.641548782792884e+04, -1.855987575955068e+04, -2.721032148386082e+03, -1.678502757180193e+04, -2.212879100812566e+04, -1.239718270000932e+04, -1.176849898945795e+04, 1.711503604960740e+04, 7.335189663196898e+03, 1.206962161068040e+04, 3.227405644385637e+03, 1.737890755090261e+04, 6.497658647585369e+03, 1.667618434500976e+04, 1.012271545661957e+04, -1.186305791563654e+04, -1.306253737445598e+04, 2.242314258281607e+03, -1.110880711237061e+04, 9.522779639113538e+02, -1.400396101717829e+04, 6.551326028513571e+03, 4.695437657469239e+03, 1.561467700128541e+03, -1.859472774820999e+02, -8.421724245684196e+03, 1.023599542486772e+04, -1.475812621180818e+04, 7.583720775028624e+03, -1.436376137661456e+02, 1.896884137402937e+03, -7.672819112188853e+02, 3.064230647005710e+02, -4.611531766714623e+02, -1.031774824216005e+03, 1.510179353200307e+03, -9.041418053199487e+02, 1.543534334501397e+03, 1.247209701218066e+03, -3.640573345660998e+01, 7.765153497717089e+02, 3.638311350961395e+03, 2.927668184957702e+03, 1.564184434347306e+03, 4.259482440379366e+03, 1.477600368006917e+02, -1.645513435024672e+03, 7.125104320172784e+02, 4.681138503610651e+03, -5.795874808818650e+03, 2.266454976000004e+02, 7.909771646692478e+02, 7.412619749099808e+02, 9.254089549696888e+03, -2.792731891990739e+03, -4.469067341508208e+03, 3.098687201664195e+03, -5.903082402737800e+03, 3.620040764650213e+03, 1.180919754476058e+03, -4.134533343556974e+03, 6.119596738347557e+02, 3.708167490470383e+02, 2.500280867589724e+03, -2.900733209819864e+03, 9.547979520597696e+02, 2.447807149518248e+03, -3.458369547681746e+03, 2.289181322792678e+03, -1.226710691624590e+02, -4.115542705695941e+02, -4.622096974664522e+03, -1.794923060436832e+03, 3.770599572140693e+03, -5.435306747943283e+02, 3.855831403326127e+02, 2.279786029212013e+02, -6.909547454869338e+02, 1.847375215075082e+03, -2.313023427380829e+01, -1.206844584018569e+03, 2.534982295501697e+03, -3.530032399873291e+03, 1.020108952000507e+03, -1.300409400062530e+03, 1.543476538230068e+03, -7.905005139687128e+01, 1.794438824783591e+03, 3.351098963922267e+02, -1.923478576019644e+02, 2.737891860203511e+02, 1.715800520828810e+03, 7.594351736031004e+01, -3.840057998906239e+02, -3.990674417311160e+02, 7.871348651751763e+03, 4.624233064742540e+02, -4.728654422112607e+02, -2.122614720536863e+03, 8.541525111104203e+02, -6.323968216421425e+03, 2.268695846095423e+03, -1.413789636578443e+03, -3.172195200731636e+02, 3.603316300927663e+01, 7.698486234724675e+02, -9.451942845780848e+02, -7.420301396556624e+02, -1.562695484299381e+03, -5.845221655800667e+01, 1.955126607090797e+02, -7.644347470704809e+02, 3.554488347839644e+03, -6.213765770796913e+03, -1.861752469254947e+03, -5.899751110818072e+03, -3.458350770510274e+03, 2.825355652973929e+03, -1.428771630138517e+03, 2.610318449452805e+03, 9.580165606766408e+01, 2.978916629841189e+02, 2.702634947797246e+02, 3.545485750044450e+02, -1.586992848180502e+02, -5.436827336231797e+02, -7.917626374960263e+01, -6.306312116510306e+02, 9.584765256887393e+03, 9.611856970490666e+03, 3.383763001082688e+03, -6.909616439441654e+02, -7.544653372761377e+02, -2.775376361498340e+01, -5.607699273914901e+03, -2.057754128411530e+03, -1.194326926175381e+03, -3.168311649788702e+02, 1.294473139528740e+01, -2.566209421454498e+02, -5.305370414302515e+02, -3.396244217905855e+02, 4.251105764914825e+02, -2.266666487226497e+02, -3.739960118621223e+02, 2.777388355189553e+02, -1.170248479203179e+04, -8.542024994129202e+03, 8.216181969995222e+02, -6.471816525357654e+02, 2.512991388625247e+03, 1.092051645572014e+03, 3.623602666424526e+03, 1.657976790589729e+03, 9.380323015242027e+02, 3.686695288147867e+01, 7.030616527336598e+02, -2.155171024722278e+03, 3.424029669359934e+02, 1.026628681412893e+03, 5.885476777660085e+02, -2.365349661454463e+02, -3.863740355632070e+02, 2.014337649647722e+02, -5.840927621916872e+01, 2.237252944907150e+03, 6.105406738298617e+03, 3.864792143705933e+03, -1.721320230226098e+03, -1.523310615910450e+03, 1.219624586170952e+02, -6.511135740664489e+02, -3.284397245859560e+03, 4.783865819543107e+02, 1.037354051415008e+02, -4.674828251340688e+02, 2.406101140653740e+03, -4.586604556254933e+02, 1.943872404733841e+01, -5.172071012462671e+01, 1.088059365751372e+03, 1.003946717943433e+02, 1.634470851748779e+02, 1.054155506439310e+02, -1.642770245476921e+02, 8.355233601929070e+02, -6.358315992412563e+02, 7.704543865067454e+02, -2.212712469016268e+03, -4.843084649991299e+02, 1.887946674767185e+03, -3.687910711303014e+02, 5.042355217315242e+02, 9.034793860402045e+02, -1.560107601386001e+01, 8.080289421147592e+01, 1.200136325696630e+02, 1.718395477244660e+02, -1.084890894633378e+02, 1.633512897833429e+02, -1.668594214103837e+01, -1.211863826194801e+02, 1.295634946969344e+01, 3.013804072570066e+01, 4.001813093166258e-01, 6.668856860197887e+01, 4.098457175398626e+03, -6.118168406529952e+01, -1.136573707473726e+03, 1.578941387020662e+03, -3.919313871082289e+02, -5.870579858245979e+02, 1.967921783023657e+03, 4.100203609055659e+01, 1.512295708112209e+03, 3.087441501006899e+01, 1.340152650985364e+02, 9.255406360321155e+02, 1.862302544478204e+02, -1.549369373425909e+02, 1.545361455684839e+02, 3.352945836368472e+02, -2.193777501997801e+02, -1.510778129395392e+02, -1.979261406841923e+01, 1.305915685715766e+01, 1.932154991149192e+01, -2.282246228556660e+02, -1.428022164877353e+04, -2.718211501992541e+03, -4.096288433363042e+03, -1.699572869207235e+03, -1.492021803166817e+04, -8.586522497228496e+03, -1.097443323102763e+02, 5.901769799056196e+03, 1.121975768036188e+03, 2.442107862077175e+02, -2.144680209819600e+03, -5.872738572329065e+02, 1.523192561337398e+03, -1.770355029322587e+02, 5.687229740000403e+02, 1.175346560864819e+02, -2.239508589395330e+02, -2.896172313682210e+01, 2.221802920423807e+02, 1.557383602635631e+02, 2.055963459155705e+02, -7.740902030521766e+00, -3.959178612527914e+01, -9.231200594493121e+03, -3.730698197605055e+03, 4.831184499098742e+03, -4.235335529245674e+03, 1.339599463434623e+03, 1.521465526777727e+02, -1.003241789308315e+03, 9.491770591489632e+03, -1.217469058697495e+03, -4.765566975564298e+00, -3.389048213981384e+02, 5.636504317460953e+02, 5.996582375034318e+02, 5.916380996084341e+02, 4.936211766359148e+02, 9.027219238497887e+01, 7.266614041392114e+02, -4.682538057068794e+02, 4.637046048116281e+02, 1.850033658949717e+01, -5.319540457632949e+01, -4.687445865986464e+02, -2.158294371269369e+02, 1.273667487878422e+02, 5.344813993664619e+03, -2.098491911102354e+03, -9.289053814814215e+03, 1.952043795972909e+03, -1.174620426817429e+03, 1.055366006585276e+03, 1.487307025607952e+03, -1.618335048719900e+03, 4.582635365041677e+03, 1.341969284994576e+01, 8.258660517866981e+01, -4.568280383867958e+02, 1.466801917618860e+02, -1.135736946041218e+02, -4.060033683231912e+02, -2.818678850596074e+02, 2.308607294749677e+02, -1.410457280501491e+02, -8.876493453313722e+01, -4.750318140487885e+00, -1.047943128059925e+01, -1.755849846543246e+02, -1.145187281737019e+02, 2.702313501913376e+01, 4.482152294203437e+02, 5.900707417860120e+02, 5.688418412610576e+03, 5.263257112603374e+03, -1.646179706212871e+02, -7.677466231381517e+02, -1.902446172538601e+03, -3.571585864488983e+03, -7.225126202042369e+02, -1.979976427334911e+03, 2.000075689067726e+01, 2.698620121017637e+02, -7.052702456407127e+02, -4.952395685811780e+02, 3.665173604542198e+02, -1.904238381573604e+02, 6.499857058491103e+02, -3.357187396947223e+02, -1.385525452680359e+02, 6.640506825550463e+01, -4.363975909895140e+00, -5.369179507594410e+01, 3.327592637933685e+01, -3.512714915505503e+01, -1.674052844928470e+00, 6.561768208836014e+01, -1.075776646015662e+02, 2.266282371649831e+03, -1.136402341973919e+04, -3.282878774708649e+02, 1.774465126758346e+00, -3.623257451499105e+03, 2.201938398319360e+03, -1.249859265916494e+03, -1.740963758958869e+03, -3.433560700819179e+03, 2.717086683803521e+01, -7.423784907826222e+01, 7.544547683936331e+01, 6.214855872927201e+02, 6.545888999712492e+02, 3.260520361515781e+02, -8.470863517925279e+00, 1.421724235331851e+02, 2.759280728092529e+02, 2.208773003613628e+02, 2.345038658988187e+00, -1.294160238260500e+01, -1.043991559776456e+02, -1.924437609385673e+02, -6.817710267393134e+01, -7.418284875172577e+01, -1.129194284757556e+01, -4.743304709426633e+00, 3.152446936132367e+03, -1.838706093154565e+03, -1.963122616600341e+03, 3.446612234099424e+02, 4.245813245074431e+03, 5.046833737363386e+03, -1.155805765304749e+03, -3.089160042964726e+03, -2.324889720051676e+03, -2.215603357687809e+01, 1.439888493880686e+02, 6.393819387121370e+01, -1.194782484842294e+02, -1.797089605884978e+02, 2.304134902660262e+02, -6.804807432267984e+01, -6.367304376577358e+01, -2.641549539495877e+02, -4.438285147083191e+00, -7.881387375377913e+00, 4.832157096664328e+01, -1.721541839573917e+01, -1.129947888590650e+02, 7.156780541060371e+00, 4.022874431388659e+01, -3.471286674113751e+01, 1.004689262198340e+01, 2.052736975302682e+02, -9.290221826695921e+03, 1.148974895057339e+04, -3.719711673861056e+03, -5.417454758024111e+03, -2.872097512132344e+03, -2.156192806395501e+03, 3.755819766385729e+03, -4.333937114009854e+03, -1.033255520866144e+03, 1.337904040923602e+01, 3.584675183585743e+02, -2.696774696498661e+02, 6.349170447906319e+01, -8.278999074183015e+01, 2.953003373131843e+02, 1.003699880508349e+02, -3.509491130921369e+01, -1.968990372080625e+02, -3.030355154227717e+01, 5.926274191624244e+00, -1.176874509448953e+01, -2.162292513759752e+01, -2.274660664778818e+01, 3.002852532786718e+00, 5.872813396057031e+00, -5.133422977278396e+01, 2.576947603373587e+01, 2.114406882093956e+01, 1.209690192162940e+02, 2.656219238994408e+03, -3.618973408595197e+03, 2.921582421833411e+03, -1.785884853548833e+03, 2.186300460770526e+03, 3.798816804194212e+03, -1.116681489316965e+03, -2.373149644770331e+03, -7.791413984760961e+02, 6.411108341334723e+01, -1.150250748740655e+02, -2.006106639268689e+02, -8.125104508322606e+01, 3.315275009459700e+02, -7.235467351064852e+01, -3.025665480736506e+02, 3.197630328648150e+02, 1.942514196095538e+02, -5.668819498908258e+01, 6.951360424441838e-01, -1.362934238537655e+01, -6.082385613875320e+01, -7.578407162883538e+01, -4.292851867773658e+01, 1.050910536932356e+01, -1.783678469539753e+01, -5.204590547829661e+01, -2.963394416901141e+01, 7.327109694890997e+00, -2.062576922655267e+02, -4.391549983796279e+02, 1.707725926798317e+01, 1.489390436464586e+03, -1.663222328598588e+03, 9.555184338820273e+01, 1.070528237776928e+03, -8.011622488307497e+02, -2.089248704624921e+02, 1.229681218857381e+02, -1.820272155515396e+01, -8.951669444872081e+00, -1.989801214351533e+02, 2.491001738612420e+01, 3.374969361419701e+01, 2.297285265275096e+02, -7.146977330813156e+01, -1.834823478939067e+01, 1.907266484610190e+01, 3.216698627815181e+01, 2.565101013113931e-01, 2.453040578748133e+00, -1.693387764862520e+01, 4.651421545986087e+01, -6.414522653792470e+00, 6.050948223605420e+00, -7.501425607983752e+00, 4.593546055858190e+00, -4.745836702430795e+00, 4.255560264290820e-01, 4.318573224828073e-02, -1.204307535448769e+02, 1.713519500724438e+03, -1.478191163579997e+03, 5.039118479306448e+01, -7.107889035305242e+01, -1.948854125907459e+03, -2.979265918414138e+02, 1.343066476393421e+03, -1.258106546580657e+03, 5.789598932049157e+02, -1.111687498176760e+01, -2.601735834116581e+01, -3.370857431703896e+02, -2.017494615885431e+02, 1.593631734683234e+02, 1.744274180975698e+02, -2.451149852184265e+01, -8.510503247953189e+01, -5.701316608125633e+01, 1.018855806488347e+00, -1.332997117915946e+00, -1.047686112510540e-01, -7.875854235110782e+01, 5.095371737571299e+01, 6.183189231009270e+00, -9.904634519590440e+00, 1.560844761724237e+01, 5.920355246011314e+00, -1.182775955667337e+00, -9.866462899910532e+00, -1.675156493926592e+00, -1.610309514193905e+00, -1.193488735123551e+03, 2.563047721516363e+04, 1.869276080038323e+04, -3.888921080092609e+04, -2.208877838872856e+04, -5.670968138758933e+03, 7.687372645503988e+03, 3.745348792582923e+04, -1.595097704571445e+04, -4.010382351896493e+04, 3.266864771922020e+01, -5.894847669525790e+02, 1.041490708584060e+01, 1.598371436899228e+03, 1.105588326999464e+03, 6.959010504939353e+01, 1.161236769982857e+02, -4.088312173199701e+02, 6.762831864495662e+02, 8.969390146796961e+02, 8.839785101818370e+01, -1.506216705141094e+01, 3.614126465587548e+01, -9.123012125338839e+00, -2.713647840868038e+01, 7.698692130349540e+00, 6.051105804790036e+00, 1.235986474570355e+01, -4.891325133774786e+01, -4.519276319862627e+01, 2.661548306889933e+01, -6.346593434409098e+00, -5.619081956759599e+01, 8.779638848452524e+02, -1.911936376040876e+01, 4.339481799245777e+03, 6.900994208359691e+03, -6.676833008908825e+03, 3.533408698939531e+02, 6.208151113198018e+03, 2.182291794479161e+03, -1.280110768621575e+03, -3.845309363785734e+03, 9.726993189409306e+01, 4.344099734138420e+02, 3.276554766560047e+02, -1.196006952004984e+03, -2.292690391330730e+02, 6.644380359114663e+02, -3.396294113312935e+02, -3.017161541371740e+02, 3.064978892895813e+01, -2.933461525745503e+01, -3.982717794742124e+01, -6.121099550722151e+01, 8.655302937737008e+01, 2.483348457013980e+02, -1.524213224322637e+01, -1.004190768410928e+02, 1.110099247182194e+02, 7.054451239532897e+01, 2.704559421272337e+01, 2.062339532733122e+01, 3.060444637911450e+01, -3.933522704054356e-01, -5.194846816739917e+01, -8.012068924073452e+01, 7.419015483127727e+01, -2.244473030033968e+03, -3.421756096302728e+04, 1.419142884056970e+04, -1.102225083909578e+03, 1.008115224033583e+04, -3.585587978225099e+03, -6.234203599929953e+02, -2.928216951417864e+03, -6.113581960838864e+03, 1.257870637410669e+01, 3.215198909002977e+01, 6.358481906194087e+02, 4.751257224232509e+02, -2.388518396084942e+02, 2.531861430124583e+02, 2.572324654852101e+02, -3.228265409839408e+01, 7.175427765529503e+01, 1.264817232681715e+02, -3.451720622986794e+00, 1.646778315025592e+01, 5.691469678470224e+01, -4.095998261032388e+01, 8.139848805138158e+00, -5.257385541077045e+01, 1.065667953657895e+01, 1.477982640640902e+01, 6.484730777776574e+00, 4.681220149167676e+00, -8.891712744627302e+00, 9.064316214831660e-01, -3.750011968157149e+01, -3.647275576013125e+00, -4.495291071532039e+00, 1.090516505411641e+03, -1.432445384226275e+04, -5.944626010923889e+02, 9.046407261493941e+03, -3.151848368959633e+03, -1.610960426378613e+03, -5.046637324796707e+03, 5.131834045863757e+03, 2.868927630913302e+03, -1.548817692293341e+03, 6.339275284282191e+01, -6.674005453899892e+00, -1.805098420051383e+02, -1.090117870668093e+03, -3.064004966798648e+02, -3.206593081313742e+01, -1.071668322607113e+02, -2.511802753079846e+02, -1.215717851109145e+02, 3.299900792153528e+01, 1.058753860144409e-02, -1.557045301537924e+01, -5.888897687320092e+01, 1.078172323746889e+02, -2.218422497744608e+01, 1.139432044097348e+01, 3.105038579816786e+01, 1.507507548333899e+01, 5.303920218615437e+00, -8.040271449355760e+00, -9.907151311797445e-01, 1.511509781096427e+00, 3.476069698330731e+01, 1.181791017690431e+01, 1.196504911801555e+01, 2.120750247684284e+00, 1.496187410622764e+02, 7.887262521145626e+03, -4.943882350935191e+03, -8.539872506727677e+03, -1.164177402153290e+03, 2.893042998142431e+02, 6.962419930324703e+02, -3.747176363072633e+03, -5.165247158620510e+03, 4.673032877779940e+03, 1.281131819400080e+01, 1.833957777789304e+02, 8.679243232870896e+02, 5.405082412640302e+02, -5.944044427827058e+02, 1.133966798552180e+02, 2.154951872664895e+02, 5.516474589407454e+01, 7.475846728322148e+01, -1.117281846670806e+02, -9.580243167135067e-01, -1.235300296554152e+01, -6.591659882274416e+01, -1.083026706931703e+01, 5.554621955345858e+01, 2.204460997913663e+01, -9.755286853749240e+00, 7.702644246203540e+00, 5.351533222548063e-01, 3.137381056786491e+00, -3.543579161593582e+00, -1.947068463212994e+00, 2.447463911891914e+01, -5.238424420646808e+00, -1.159173629696943e+01, -7.198335572356576e+00, 9.015440829725099e-01, 1.887593651317941e+02, 8.063376123474181e+03, 1.451617984499071e+03, -1.132640776382837e+04, 5.430765117669887e+03, 6.921650732788275e+03, 2.315658083732698e+02, -3.654670922382277e+03, 2.814432328866284e+03, -4.185406128492410e+03, 2.849530233935456e+01, -7.677933574726538e+01, 3.640296049499829e+02, 6.635467657131097e+02, -4.062032303529867e+02, -2.213145102179842e+02, 2.231600432798939e+02, 8.100692606906024e+01, 7.124934120523212e+00, 1.805039221175958e+02, -4.735596844003383e+00, -6.378092034370257e+00, -4.629032811262768e+01, -3.079085484193561e+01, 2.529825898184112e+01, 1.920059033493876e+01, -6.964028726672505e+00, -4.558147153826884e+00, -6.403427520301512e+00, -6.430076636612471e+00, 1.967948984828282e-01, -3.914741793722900e-01, 1.669850467646643e+01, -1.149958841238071e+00, -9.206179743866775e+00, -2.884779521424229e+00, 9.720990541083654e-01, 8.829598934904707e-01, 2.089324011148767e+02, -5.357942265702338e+02, -1.514017846548221e+04, -1.078556998575419e+04, 2.955131297222722e+03, -1.904668350525752e+02, -5.188095038880574e+03, -8.044250581395603e+03, 3.206794184152929e+03, -1.102857610934175e+03, 6.319072478524196e+00, 6.341668568042713e+01, 6.390162267300417e+02, 3.297983567943459e+02, -1.936122750167957e+02, -1.482855319845677e+01, 3.168494720623815e+02, 1.641976016168475e+02, -7.439956583345935e+01, 5.907997438095250e+01, 8.814863706768072e+00, -2.597919438432594e-01, -4.382148709052774e+01, -2.228128891490643e+01, 6.262909910083020e+00, 1.505076113896991e+01, -4.254037618181405e+00, -2.773880598321809e+00, 4.847068231538408e-01, -3.341698695995118e+00, 9.097516144853925e-02, -2.651138046859091e-01, 1.193588061707601e+01, -6.101138141825118e+00, -9.757476920022521e+00, 2.337119552211288e+00, 5.798499639528558e+00, 3.263204492568050e+00, 2.525752467198120e-01, 1.611698997627501e+02, 1.686680942680889e+03, 4.122910388201352e+03, -7.483109424852489e+02, -2.447771045089005e+03, 7.621887931221240e+02, -3.879026118698966e+03, -3.407695463768703e+03, 3.508517159091034e+02, 5.153632669233156e+03, 2.756200227149472e+01, 5.964781661879736e+01, -6.483913047803109e+01, 2.933424512382134e+01, -2.354505488755102e+02, 3.175939126506341e+01, 2.275760866047153e+02, -3.937377908198147e+01, -1.459895695925618e+02, -1.152678701961833e+02, -3.665542959216589e+00, 1.973360294268814e+00, 1.554465679691972e+01, 5.923474407115537e+00, 2.053008515701055e+01, 9.909771047373694e+00, -9.220664699525225e-01, 2.174107664422417e+01, 2.024874820133767e+01, -5.647682207811910e-01, -1.005769181599449e+00, 2.814381357059311e+00, 3.447945474699875e+00, -5.411809312626957e+00, -5.609954800613473e+00, 5.289252196569145e-01, 2.185920879105497e+00, 3.082085722871244e-01, -6.298141539481683e-01, 1.423739456650968e+00, -1.366041496925149e+02, -1.940234463634546e+03, 2.645494494380388e+03, 2.187192895026650e+03, -6.292266628956794e+02, -1.450705344651488e+03, -6.639471183488401e+02, -1.218871051940035e+03, -6.712727683065282e+02, -1.350212585901843e+03, -2.707686089337949e+00, -1.050894691353637e+02, 4.574980345740899e+01, -8.707782193596087e+01, 1.783573392631114e+02, 4.561067035992698e+01, 1.989136152895824e+01, 6.572898609824439e+01, 3.370633104937284e+01, -5.987176280235816e+00, 3.470472672961951e+00, 1.937785329575844e+00, -8.774710763537210e+01, -3.717735888848339e+01, 9.664630135194482e+00, 4.397084131410720e+00, -5.732258071343483e+00, -9.066723353108353e+00, -9.239167913133100e+00, 1.954026370504311e+00, 3.355721151704237e-01, -6.945539206510843e-01, -2.170820597065065e+01, -8.431382562821153e+00, 2.403779654094417e+00, 2.437283760844966e-01, 3.287209816541337e+00, 8.586140587715587e-01, 2.772607217603309e+00, -9.579139412802757e-01, -4.783087826843636e-01, -3.734667251972219e+01, -5.978161789206044e+03, 5.998233307034518e+02, 1.320155844672349e+03, -5.151591966671795e+03, -4.677456633939914e+03, -1.431718075823104e+02, -5.017638131364352e+02, 2.724887605466884e+03, -2.421856233755127e+03, 8.158938392084373e+00, -1.459381616608176e+02, 2.380683478636695e+02, -1.554787144259888e+02, 1.172007566534491e+02, -1.919238791828921e+00, -1.352042308284863e+02, 1.319246565889824e+01, 2.943091505006647e+01, 5.330427160370011e+01, 3.129288299698267e+00, -6.605449244036535e-01, 7.152912046796155e+01, 3.927232181025535e-01, -8.973993689934050e+00, -1.773717483093833e+01, 6.388074945689353e+00, -1.178718533159975e+01, -6.528809997422981e+00, -1.554751765557685e+00, -3.675205187026167e-01, -3.887328820624375e-01, -1.226058059309344e+00, -7.841866983360587e+00, -2.473767464436047e+00, -2.480991931563738e+00, -3.285846756703625e+00, 1.754751287204738e+00, -1.959825808234585e+00, -9.774572940005152e-01, -9.658293227575153e-01, -8.102344940107900e-01, 5.320912037578366e+02, 2.567812668951359e+04, -2.441058774770708e+04, -1.133327858962931e+04, -2.567339501589085e+04, -5.919209038054297e+04, -1.397783485036247e+03, -2.847557611203001e+04, 2.659210142825248e+04, 6.118492110032454e+03, 1.050779687688988e+02, 9.831652473713024e+01, -3.609643835395556e+02, -2.951278436379488e+02, -7.188275978257565e+02, 1.641086367504827e+03, -1.064406146010400e+03, 5.669654583581601e+01, -8.962708743820779e+02, -1.660111971850677e+02, -3.466537614143792e+01, -2.064270281052519e+01, 1.661379165353227e+02, 2.395634029389997e+01, 1.640326126095140e+01, -1.218812629908127e+02, 1.108257682544212e+02, 2.923010354677431e+01, 6.518306153696493e+01, 1.854704594984331e+01, -1.879233618898411e+01, 3.152513417752551e+01, 1.657279752023421e+01, -1.875150123705316e+00, 2.204771850124644e+01, -4.923695232943323e+00, -3.281328560980032e+01, -1.510519558032570e+01, -1.718556077007723e+01, -5.540485859402416e+00, 1.043947476289090e+02, -5.749253410543533e+01, -5.284970563914064e+01, 8.320784581160141e+02, 6.208458323417318e+03, 4.446784755152372e+04, 3.731179121125875e+03, -1.804569151256868e+04, 6.535137176580389e+02, 1.653498647865485e+04, -3.821844582128623e+03, -6.583466104035616e+03, 2.494390315844521e+03, 4.927122564314087e+01, 6.355833976923334e+02, -1.445038943651437e+03, 1.453142816821968e+03, -1.102000299160121e+02, -7.387746716758869e+02, 3.207495155591698e+01, 7.954361258952576e+02, 4.012428276558955e+02, 2.450753923530702e+02, -7.218993450131674e+01, -1.163909675574210e+02, 4.159652751979579e+01, -2.458715068194134e+02, 5.837087502600610e+01, 6.805601049447910e+01, -6.590989993246248e+01, -9.071853185228872e+01, -1.917470412163509e+01, -1.482590195243271e+01, 4.767515004907735e+01, 4.844511490301880e+01, 5.565409626210952e+00, 2.516634284954548e+01, -7.179825171467414e+01, 2.186710489938751e+00, 2.361344764166484e+01, 2.161593857048064e+01, 4.632357719951225e+00, -8.070104680939907e-01, 2.447581702268358e+01, -4.156812556574346e+01, -1.033842702915236e+02, -6.802071695555971e+01, -9.560431618810527e+02, -4.045782395537483e+04, -4.821247175969734e+04, 5.686426734702943e+04, 2.753892978496428e+04, -2.322558827587075e+04, 1.729265481992523e+04, 1.060887160187007e+04, 3.614082435097569e+02, 1.262892067681370e+04, -1.223826994386112e+02, 6.986876855431827e+01, 1.581153103274016e+03, -2.011754387448335e+03, 3.693846991040609e+02, 1.128624380389926e+02, -6.095416521742320e+02, -1.768125955567459e+02, 2.623065483494435e+02, -3.040547691838828e+02, -1.044282666311280e+01, 4.555852593528691e+01, -5.364355998527390e-02, 1.820838920499685e+02, 3.039250594498393e+01, -3.703976538724996e+01, 1.202637269457206e+01, 3.049154975757123e-01, -1.837889155237954e+01, 2.506942438202131e+01, 1.453455498220641e+01, 3.436561865099780e+00, -2.144757921091097e+01, -7.891636507035147e+01, -1.573749758407791e+01, 4.412360062560212e+00, -1.947749254847517e+00, -3.452534211417923e+00, -1.772459371483591e+00, -5.440983208450945e+00, -1.858221467562778e+00, -2.574865689481779e+00, 6.485903854448678e+00, -5.619638543161433e+00, 6.987287914538199e+00, 1.910800067218424e+03, 1.802270973641186e+04, 2.107952352449652e+04, 3.474725055405071e+02, 3.222918582440453e+03, -4.072274232168851e+03, 1.142290987409238e+04, 1.748994824684205e+04, 2.444315674307625e+03, -1.236284208395410e+04, 2.969033777595071e+01, -8.358706351604892e-01, -2.385747355999006e+03, 2.830276900886583e+02, -3.539092093245330e+02, 5.407554329096293e+02, -2.492608275324548e+02, -6.574588745066756e+02, -1.038896991637705e+02, 2.523931156340157e+02, -2.063070157867322e+01, -6.619278372109363e+01, 4.666726499817648e+01, -1.429609277883613e+02, -8.574899259603363e+00, -7.263571634215532e+00, -3.025583144299143e+00, 4.291764163595393e+01, -6.451596744304643e+00, -1.755571598572400e+01, -7.585647092318721e+00, 1.304347998682063e+01, 9.899007057908262e+00, 3.858349051545638e+01, 1.106666503470874e+01, -2.121193430887530e+00, 3.961545286465589e+00, -9.983022954521891e-01, 6.525821672324444e+00, 4.613055649281362e+00, -2.572864281778771e+00, 3.392139715271128e+00, 2.749310344967359e+00, 4.552781993117164e+01, 1.456352105541484e+01, -9.697400203704944e+00, 1.447734920549522e+03, -1.929165978655201e+04, -4.254515237197335e+03, -3.188729013498927e+03, 1.749692968183515e+04, -1.009767660657909e+04, -2.696456625962617e+03, 2.643172937605148e+03, 6.432463346298354e+03, 4.345465812998810e+03, -1.311961722001594e+02, -5.108800655425620e+01, -2.201875802047273e+02, -4.257449001728714e+02, -5.811951202886270e+02, 2.366092323672174e+02, -2.083483586924629e+02, -2.283474753871950e+02, -1.644957149034987e+02, -5.054259279154466e+01, -1.882863319112854e+01, 1.238372757634977e+01, -2.839042106207182e+01, 1.775356229854624e+01, 1.455436796055622e+01, -1.700416961856416e+01, 1.493051142146369e+01, 5.951995112244151e+00, -1.000238840559246e+01, -9.304184109182701e+00, -1.105923933430424e+01, 2.683655900702186e+00, 1.920751217157673e+01, 3.619983563445038e+01, 1.759183148365655e+01, -4.360802898163680e+00, -1.076710460153233e+01, -3.620108137976341e+00, 3.100975258264399e+00, 2.265206307077973e+00, 2.952345946052531e+00, 3.273199527622614e+00, -1.691184836195431e+00, 2.335705263872967e+01, 1.701829249497598e+01, -1.072559879782679e+01, -3.044883120886327e+00, -4.756739078270487e+02, -1.444854953038315e+04, 1.127139844279235e+04, -5.573547249487777e+03, -2.116589060223871e+03, -3.860808881833816e+03, 2.640088828448196e+03, -1.123222925032191e+04, -1.142586083988164e+03, 7.673094619653971e+03, 1.043929915567434e+01, 2.952498195884818e+02, -1.966387611268855e+02, -1.837671788056770e+02, -8.133702575567119e+01, 2.405678794438359e+02, -1.779805277269018e+02, 3.659193985494735e+01, -1.686585584742616e+02, -2.218213415164718e+02, -7.375335772229085e+00, -5.551162369615767e+00, -2.464902732655288e+00, 1.706585383298678e+01, 8.502615250224213e+00, -1.988540742242730e+01, 1.075951263578918e+00, 3.452831431909273e-01, 9.478389259988809e+00, 1.521003106860690e+00, -7.305916921570569e-01, 9.771851427818609e-02, 2.467678058109303e+00, 1.576265033871918e+01, 6.334863275846778e+00, 2.682558236950936e+00, -1.919792350035038e+00, -9.346925657095382e-01, 1.733629848598673e-01, 2.730081945375435e+00, 1.473117969463877e+00, -2.143374705954018e-01, -6.789469209834301e+00, 9.858911753462595e+00, 9.859580819852685e+00, -3.432762840508442e+00, -5.181869261795015e+00, -4.183840962714987e-01, -7.893115791298848e+01, -9.403599096715983e+03, 1.480209507172257e+04, 6.533265615363759e+03, 6.377284454123715e+03, 1.742803865026577e+03, 1.362534245937137e+03, 7.595639402303626e+03, -7.296508247886719e+02, 2.832075982086075e+03, -1.504973014203931e+01, 2.179885635087034e+02, -2.621347513781096e+02, -3.039660376465662e+02, -9.368668210310994e+01, -9.128418901486329e+00, -6.008456918335492e+01, -2.236875625681827e+02, 1.029419911194400e+01, -9.362871021960665e+01, 7.431361351417901e+00, -1.902706661466914e+01, -1.484051531803378e+01, 8.872438095739032e+00, -7.967141874996337e+00, -5.614484027830591e+00, -8.827044278024413e+00, 5.141606302710011e+00, -8.237150377441795e+00, -8.758024349500780e-01, -1.063623701543810e+00, -1.966426037664179e+00, -1.813199899478403e+00, 8.064014988070946e+00, 4.672519455416499e+00, 1.058979484233950e+00, -8.823758912537372e-01, -1.903415306287643e+00, 7.806130355088000e-01, 8.673913326745938e-02, 2.289647447964937e+00, 4.386665935831049e-01, -4.276806537947259e+00, 1.366482676742780e+01, 6.249147145567217e+00, -7.757457463102788e+00, -5.350670354561823e+00, 3.217957791103299e-01, -3.769197595645485e-01, 3.249549046790723e+02, -6.561182117844491e+03, -4.517334096909662e+03, -6.869510035224921e+03, 8.237980240217930e+03, -3.993851093626286e+03, 2.047984067840315e+01, -4.791622419356509e+02, 2.914603996049466e+03, -1.161264416582269e+03, -1.288952563799222e+01, 2.305534619699147e+02, 3.444479184194936e+02, 1.875549788339809e+02, -8.785374562965117e+01, 1.107744696350036e+02, -2.023417512216048e+01, 1.372947557496089e+02, 5.275416817371725e+01, 1.092080186752224e+02, -5.861760559803724e+00, -1.880833222049235e+01, -4.517159268358071e+01, -2.330219354784800e+01, -5.089645628159555e+00, -6.054754646515725e+00, -4.230864364751034e-02, -1.762178465081826e+01, -1.462595000540223e+01, -8.828480175881777e+00, 1.678980227392194e+00, 1.033456411169753e+00, 3.602355743070147e+00, 7.465051154330248e+00, 9.562705870814878e-01, 4.355289080367611e-01, -2.098792629409265e+00, 1.491728271364121e+00, 8.852024595551831e-01, -2.167547482931470e-01, -1.807448640680779e+00, 6.157781267982467e-01, -3.989281437540720e+00, 4.171909959399212e+00, 5.290661724143205e+00, -3.309571914873174e+00, -1.479427132717682e+00, -1.418243518785314e+00, -9.595496743384574e-01, -4.698660754971375e-01, -4.815955868572507e+01, -3.037412869750510e+01, 3.865694379484380e+02, 5.513726135706195e+02, -1.296600977073880e+03, -1.333842727806931e+03, 9.218054090580408e+02, -5.105929958739682e+02, -5.427382764327481e+02, -2.234600518810465e+02, 2.064131770046055e+00, -1.487864438615253e+01, 5.797621567348919e+01, -9.041157387917911e+00, -2.478175167150556e+01, -1.271289688583966e+02, 2.358040587550361e+01, 3.557181798965919e+01, 1.569507508492657e+01, -1.231729296390817e+00, 3.509573743542757e+00, 3.452597333439806e+00, -5.288761654564378e+00, 5.521717199095869e+00, -1.663095018397487e+00, -1.102784468549066e+01, -7.551960761768720e+00, -3.198237722977898e+00, -8.800866851268806e-01, -5.235056357694871e+00, 9.799038311752469e-01, 4.117626537374655e-01, 9.681154274678818e+00, 5.440364983353405e+00, 1.477678104041191e+00, 4.305492161282610e+00, 3.449398103546185e-01, -1.715349594366061e-01, -1.215344128028100e+00, 8.916356840780901e-01, 3.517316988071673e-01, 7.769077898592190e-02, -6.438645530842601e+01, -4.234051927908798e+00, 5.495300593410208e+00, 5.157939323339606e+00, 1.835646918392747e+00, -5.568861203107712e-02, -5.080958663025640e+00, 8.436004966323313e-01, 1.643857288949193e-01, -5.104025485554602e+01, 6.382140979836232e+02, -9.634912622428428e+02, -4.261944869033359e+02, -7.411738724794657e+02, -1.433617944609546e+03, 4.972070240879171e+02, -9.337102064303838e+01, -3.308279545292945e+02, -7.558431873132598e+01, -3.208361721706123e+00, -2.126459377568655e+01, 3.238730522900904e+01, 4.200072430154956e+01, -1.022452323874731e+01, -7.649112606417854e+00, -5.225095300371444e+01, -2.237593466004902e-01, -1.470195594483481e+01, 2.990501045331493e+01, 1.307149116882414e+00, 2.011104935811376e+00, -1.116962750718782e+01, -1.065803441504717e+01, -6.753697706265643e+00, 3.384782274831647e+00, -7.134138064978329e-01, 1.968388748050797e+00, 4.808515354099815e+00, -9.825052772193443e-02, 3.991077337361469e-01, 1.518275887281564e+00, -3.975714788709046e+00, 1.040362562628791e+00, 8.437328427813960e-01, 4.783052836652629e+00, 3.417561417602739e+00, 7.762701706715860e-01, 1.387647347461317e+00, 7.863426496837056e-01, 8.626917717773583e-02, 5.318754091355816e-01, 1.250530645116086e+01, -3.953082714251444e+00, -4.620291302952168e+00, -4.765207044529975e+00, -1.401062311811684e+00, -1.667657556808182e-01, 2.045733746532322e+00, -1.826609763390012e-01, -6.169082195445726e-01, -1.348776469047054e-01, -1.503903903939872e+03, 1.582548540953102e+04, 9.507750715517810e+03, 5.056384821617653e+03, -1.108181750118061e+04, 1.019167893785550e+04, -5.431885001708862e+03, -1.173128140858571e+04, -1.703206658514610e+03, 1.247844636479654e+04, -1.150837775129995e+02, -6.640343043725958e+02, 2.543042116793668e+02, -2.709018152356592e+02, 8.170088660945887e+02, -5.421621346823871e+02, 1.320611253901067e+02, 3.699161946295701e+02, 7.665636547311030e+01, -3.099736226933926e+02, 3.462840535754355e+01, 5.268447946172128e+01, -9.028796311097472e+01, 2.453832247682097e+01, -3.225196070760601e+01, 1.088464735317030e+01, -4.780323697376934e+01, -5.302953792125010e+01, -1.460139232799384e+01, 1.469321278819476e+01, 7.453092804151729e+00, -2.688530259384355e+01, 2.296808831379369e+01, 4.837091131766383e+00, 1.461429753386376e+01, -2.294843536876051e+00, 7.904541916471173e+00, 7.476164030518725e+00, 3.996606719699762e+00, -1.548000760255546e+00, -7.795265400233306e+00, 1.304877969128238e+01, 1.244597006821015e+01, 2.420164989723490e+01, 2.112915615439214e-02, -4.610590977596071e+00, -4.392415864844564e+00, -9.425244373720465e-01, 5.099776797154071e+00, 5.203629490783920e+00, 5.745175389309005e-01, 2.434834858904246e+00, -1.532615854500367e+00, 4.225018994629822e+02, 6.209427206429400e+02, 1.194976925303949e+02, 2.246202185318283e+01, 3.740411383685784e+02, 1.992463920965864e+03, -1.153357163850071e+02, -1.168793542701845e+03, -1.254789536157344e+02, 4.222138458426611e+02, 2.234171718462894e+02, -7.559308804618663e+02, -6.524420386038693e+02, -3.774291615385395e+02, 1.623904463256356e+02, -2.466510846116847e+02, -7.546754617182846e+01, -3.426757688101336e+01, -5.924760179062556e+01, -7.236409787966709e+01, 7.855013640344117e+00, 5.897200990873834e+01, -1.139876055472768e+00, -7.717987452942080e+00, -7.013530573394036e+01, 7.938794429204100e+01, 4.985263044245964e+00, -1.302447534713463e+00, -1.704457351829851e+01, -1.051405264955381e+01, -5.487176686002751e+01, -1.082035308246973e+01, 2.107414337073969e+01, 6.055985213341689e+01, 5.969166189383207e+01, -3.645868039453067e+01, -1.365466613707771e+01, -7.742112344226435e+00, 2.591908162508218e+00, 5.294683428185626e+00, 4.353725541634568e+00, 2.216709146266947e+01, 6.058549686519172e+01, 7.483636034146926e+01, 3.092450686629420e+01, -2.227962675840775e+01, -3.757191587385849e+01, -2.134177762994463e+01, -1.608359553705759e+01, -8.044489794943004e+00, 1.114058385169235e+01, -1.022198819890755e+01, -2.760158981577132e+01, -3.860420529144359e+01, -1.069064443404177e+02, 5.964236772025785e+02, -1.817034346980436e+02, 2.986744486099012e+03, 1.332940001277458e+03, -7.182535856176426e+02, 1.527086317370861e+03, -4.070348115870490e+03, 5.911201845299548e+03, 7.322605431322046e+02, -1.254108870979265e+00, 1.339418078406188e+02, 2.679919382089614e+02, -2.641484613318851e+02, -2.033328945850521e+02, 8.157146326466560e+01, -1.378814918717981e+02, 9.786638796950349e+01, -2.988199825895057e+02, -3.829559108209611e+01, 9.458888247401198e+00, -1.374931481375876e+01, -7.419736718703219e+01, 1.683356133135333e+01, -3.771295502995261e-01, 2.037720035085508e+01, 6.424461429911126e+00, -1.609862710267006e+01, 1.106949206509384e+01, -6.913910077968412e+00, 8.217879819519982e+00, -7.163447474297334e+00, 2.352667829863066e+01, 1.952201023518986e+01, 6.922958536848824e+00, -4.492318651867463e+00, 1.733957074535718e+00, 5.503393326430296e+00, 2.200235330827148e+00, 2.284433592277829e+00, -5.599788366295788e+00, 1.133123182904040e+00, -1.425371453824621e+01, 3.730663207174361e+01, -3.648995009269458e+00, -2.155107970451276e+00, -8.295157024622418e+00, -6.806162471272943e+00, -3.428834055073439e+00, -2.227649426948408e+00, 2.063746303710578e+00, 5.072949145450112e-01, -7.136193978404507e+00, -3.803822586465172e+01, -1.757345641909993e+00, 4.048687006659508e+02, 3.643845936152613e+03, 9.123548237719220e+00, -1.209444134019051e+03, 4.050472153187228e+03, -6.551499351680161e+01, 2.716052362553708e+03, -4.619368654106660e+03, 2.665270740220630e+03, 2.467740363353089e+03, 8.892250485977103e+00, -8.417863858317904e+01, 2.442253063068150e+02, 8.742690601003513e+01, -5.979634527200033e+01, -6.195220882740843e+01, -2.298600260105163e+01, 2.934405490584767e+02, 3.610493127557594e+01, 1.455882002839978e-01, -1.372383694467357e+01, -5.776344603924885e+00, 2.015811598717446e+01, -8.008096504654368e+00, 7.537246501975939e+00, 1.878817643308127e+00, 3.546407152879159e+00, -2.442733697872385e+01, 6.651079511211077e-01, 4.202687709206187e+00, -7.157959083335775e+00, 9.731395663222180e+00, -4.308526186722856e+00, 4.087663456672234e-01, 4.793518730737575e-01, -5.854910571415959e+00, -4.782524954015343e+00, -7.984371117422530e-01, -3.871000827730682e+00, -1.642009809092708e+00, 5.558994456116724e+00, 1.441177989521664e+00, 1.421189508229013e+01, -2.095428557795164e+01, -9.388716524221322e-01, 3.539483245891670e+00, 2.460080729727555e+00, -6.844190400833550e-01, 2.689809991883274e+00, 1.161801101893123e+00, -5.774454243788298e+00, -1.852421202025645e+00, -5.450728769685116e+00, 1.456834682957440e+01, -1.506748193973765e+00, 9.148546094416228e-01, 6.685204097990814e+01, -4.441815054985726e+03, 7.431480612450405e+03, -1.914505050901110e+03, -2.506505543733214e+03, 1.355789366867874e+03, -1.718306010426331e+03, -1.503383248720196e+03, 2.247361072168705e+03, -2.993501309061157e+03, 2.161902286832350e+01, 1.016703332591465e+02, -5.184136106042723e+02, -2.020939167370440e+02, 2.061090693076075e+02, 2.971984272070777e-01, 2.500460201653709e+01, 5.553906979049195e+01, -8.762547177595462e+01, 1.841311727570262e+01, 1.978208013913740e+01, -2.107308701748182e+01, 5.174895996288278e+01, 2.184026172137656e+01, -2.315004296414179e+01, -6.290304499148140e+00, 3.567946008670124e+00, 4.842111327623955e-01, 1.881920021195743e+01, 1.033771781622878e+01, 2.614385484429603e+00, 1.629938428495674e+00, -1.440614894560171e+01, -2.874308366654036e+01, -5.685589191179368e+00, 8.344760215820809e+00, 3.152918726404807e+00, 7.418198960191247e-01, -5.569995681346265e+00, -2.901847120922057e+00, -8.058920812844013e-01, -1.314883555749395e+00, 8.607693647032002e+00, -1.256868545877604e+01, -8.354887698231407e+00, 2.360511501162151e+00, 4.730662046795563e+00, 3.741045494434942e+00, 4.507750177031783e+00, 2.413437989472529e+00, -3.061932303070233e-01, -2.001355159769740e-01, -2.943503199580056e+00, 2.333846823729041e+01, 4.020476440605103e+00, 4.885789744816693e-02, -4.512947785253291e-01, 3.104240940130513e+02, -2.031035400517110e+03, -6.851562110722893e+03, 3.157585022310323e+03, -1.480030876706211e+01, -1.027400252692229e+03, -2.393256816842709e+03, 3.755487204818814e+03, -2.485227936111221e+03, -6.010083463738497e+02, 4.485270294690263e+01, -2.672249075190851e+01, -1.087235238921955e+02, -2.181354306445171e+02, 1.244611142815838e+02, -1.850450734331257e+00, -3.558176506409053e+01, 7.170216161627629e+00, 1.396976544341250e+02, 9.564967405086568e+00, -1.819024308626403e+00, -1.332577585199497e+01, 1.375534443444516e+01, 1.424193242214426e+01, -2.042520800333331e+01, -1.621185454159030e+00, 1.141490318878853e+01, -1.932500005785335e+00, -4.975236761818755e+00, 7.641328481781406e+00, -1.631891860305402e-01, 1.622017280975296e+00, -2.190464923174348e+00, -1.393719909508368e+01, 1.287792900369714e+00, 1.285337420708229e+00, -2.413090016009639e+00, 1.429701616166638e-01, -1.338103971563987e+00, -3.634926245319905e+00, -5.688208960000551e-01, -1.943820448240327e-01, 7.241649247206371e+00, -6.546055825046230e+00, -3.315250137378051e+00, -1.764183762249038e+00, 2.448007182397309e+00, -1.692248409606437e-02, 3.183248105902975e-01, 1.232389106272886e+00, -6.170577072715430e-01, 5.984487637794502e-01, -3.938583082199237e+00, 1.253091496796387e+01, 1.852756581355620e+00, 2.053517124159861e+00, 8.573331999842336e-02, 5.202694170955269e-01, 1.843265751616244e+02, 7.588268927340019e+02, 1.357360096302885e+03, -4.184962233065739e+03, 1.633725169559547e+03, -2.081085503887086e+02, 2.067680998859062e+03, -2.747475190101029e+03, 1.545788694762301e+03, -1.350312587023601e+03, 1.345721128070103e+01, -7.910031682343120e+01, -2.392177754225571e+02, 6.372342173500287e+01, -7.856828370790224e+01, 1.551769667165816e+01, -1.711188811384197e+02, 8.090912189185018e+01, -1.552055674026049e+01, 5.097905051433323e+01, 2.669158321300111e+00, -2.660148819372782e+00, 2.422966762412147e+01, 9.815413962400338e-01, 7.158346735750012e+00, -2.533080931233416e+00, 1.876236447230732e+01, -3.644373722210513e+00, 4.936666927180750e+00, 2.796482826835097e+00, -4.996675670629716e+00, 3.035243488395770e+00, 1.564690410973759e+00, -4.063422737245231e+00, 2.368273738563482e-01, -3.450870264256879e-01, -3.779258185687373e+00, 9.079380533714658e-01, 1.018031340703572e-02, -2.729086341405657e-01, 1.625262758118726e-01, 4.247190566762584e-01, 6.071864294464809e+00, -8.360680418341252e+00, -5.823792414120954e-02, 5.721446873666609e-01, 1.155069838968242e+00, -1.697930892470451e+00, 1.667728586865331e-01, 1.020194401481874e+00, 1.160734013842263e+00, -7.893643810930780e-01, -5.546131579253224e+00, 8.662368799962945e+00, 4.464752140261560e-01, -1.211866998326123e-01, 1.777966666207432e-01, 9.682331332101888e-01, -2.353818219663164e-01, 6.303681291153417e+01, 4.642685080621514e+02, 5.945072643412643e+02, 1.546775028490508e+02, -2.887259657980835e+03, 2.815980898478699e+03, 1.261623644321683e+03, -2.028678212959816e+03, -2.409440802696594e+03, -7.857709124141334e+02, -2.268391519132425e+00, -1.172698589538852e+02, -1.459377930283592e+02, -8.195010220316854e+01, 9.420426515918362e+01, -5.603599545150661e+01, -4.986046595503780e+01, 2.122910623511499e+01, 5.027201475861985e+01, -2.238292024574683e+01, -4.559452486396974e+00, 4.893906246335388e+00, 1.490774687228034e+01, 1.181119506625428e+01, -6.107651916180775e+00, -1.390006055595226e+00, 2.182745424468453e+00, -1.784861283808906e+00, -3.793559518881346e-01, 5.585120049890460e+00, 1.045864747684224e+00, 8.779612127597937e-02, 1.668147170659479e+00, -2.307191085382605e+00, 3.316670986143523e+00, -4.943126991347975e-01, -6.298144691127492e-01, -3.841989873739201e-01, 3.090015500033305e-01, -9.849371856042328e-01, 1.577463660502028e+00, -6.786670344698760e-01, 2.715381818138334e+00, -7.989644587562814e-01, -1.832119386544584e+00, 1.876948134629784e-01, 9.509942220306021e-02, -9.034181221257025e-01, 4.960270231292372e-01, 1.330672787306889e+00, -1.106083097116500e+00, 2.694348815459048e-01, -3.606147700531595e+00, 2.522662774911109e+00, 4.664926832758172e-01, -1.590239131054196e-01, -5.207150430149149e-01, 7.462150621815782e-01, -8.399428253605099e-01, -4.959527472166819e-01]
