elements:      [Ge]
cutoff:        5.0
pair_type:     gaussian
feature_type:  gtinv
model_type:    4
max_p:         2
max_l:         6

gtinv_order:   3
gtinv_maxl:    [6, 4]
gtinv_sym:     [0, 0]
gtinv_version: 1

electrostatic: 0
mass:          [72.61]

n_pair_params: 6
pair_params:
- [0.5, 0.0]
- [0.5, 0.75]
- [0.5, 1.5]
- [0.5, 2.25]
- [0.5, 3.0]
- [0.0, 0.0]

n_type_pairs: 1
type_pairs:
- atom_type_pair:      [0, 0]
  pair_params_indices: [0, 1, 2, 3, 4, 5]

type_full:    1
type_indices: [0]

n_coeffs: 1308
coeffs: [4.914817905287568e-01, -1.936821985387878e+00, 8.279352906630420e+00, 2.791050368913364e+01, 5.399126219261763e+00, -1.592312610770462e+00, -3.287186253996575e+01, 1.626807450435224e+01, -1.476868547164289e+01, 3.011745034305730e+01, 1.773066200155289e+01, -4.579547433382532e+00, 1.357449316321470e+01, 1.684789256685842e+02, -1.390045170943917e+01, 1.086871224864953e+02, 4.282699746312365e+01, 3.311516540258822e+01, -1.938597255654793e+01, -3.442737243410674e+00, -2.615147107009942e+01, -3.111854213898269e+01, -5.065923377013138e-01, 5.977230052123762e-01, -2.529346740919785e+00, 1.688157170890520e+00, 6.667306747787779e+00, 2.695178575406474e+00, 1.700356499998468e+00, 1.345795618988975e+00, -6.011042199802967e+00, 5.654301318290198e+00, 1.051766004329055e+01, 1.442844937479540e+00, 5.682888455471597e+00, 3.060754848984896e+01, -1.033405465915899e+02, 1.000078877062021e+02, 1.589932604075166e+02, 8.198706910692971e+01, 2.004572328185834e+01, -3.337134445245855e+01, -4.480675188567106e+01, -4.845893889161068e+01, -8.914510092290456e-01, 8.904429969988249e-01, 1.017270992418122e+00, -4.559684313854161e+00, 1.305774148074676e+00, 3.222481954012564e-01, -1.119781335722013e+00, -1.685922685254394e+00, -5.011970532325820e-01, 1.115523244950454e+00, 4.621914608504146e-01, -1.597019064270795e-01, -9.466768180346029e-01, -5.237151665061882e+01, 1.437600013567924e+01, -2.535508261925920e+01, -1.653289829639059e+01, -1.407269136215883e+01, -6.456048174397369e+00, 9.120493791461342e+00, 7.448544622883468e+00, 7.138864119762969e+00, -9.590912254181139e-01, 3.182764618264040e-01, -2.547813807570825e+00, 1.807872150786526e+00, -8.471947655890950e-01, 1.854123811898543e-01, 1.732530712180367e+00, 7.672569673914789e-01, 1.083521254585967e-01, 6.694811296021215e-01, -9.761697565268941e-01, -6.777489137971009e-01, 4.909571069224619e-01, 2.201798741061782e+01, -1.201887043944481e+01, 1.067889090258807e+01, 6.398321970434901e+00, 5.783093538115491e+00, 2.240544245117860e+00, -2.175392134778238e+00, -2.127697885387698e+00, -1.081953033004738e+00, -8.944233209535795e-01, 2.816961510780314e-01, -4.705039765292301e+00, -5.696089013204663e-01, 7.311434007736055e-01, 2.779156879260718e-01, -5.746638101182617e-01, -6.721830085163340e-02, 2.370761672059482e-01, 2.497209085469306e+00, -5.058061322263506e+00, 6.830112311177885e-01, -5.202339720005714e-01, -1.465536971503129e+01, -5.262942017918165e+00, -1.812534684371712e+00, -1.464865319805077e+00, -5.561091219365809e-01, 8.579162608924846e-01, 1.107703243339538e-02, 2.925729615387188e-01, 5.662127729371467e-01, -5.271711377775090e-01, 1.598046303639860e-01, 2.920141317947551e+00, 4.963537173167042e+00, 1.674164361288293e+00, -7.839292744321791e-02, 4.270181482427726e-01, 3.290649254066017e-01, -7.023268672537020e-03, 1.907769587480298e+00, 1.709116821620441e+00, -2.682918169800875e-02, -2.051447118089020e-01, 1.336723478088747e+00, 9.929566320348938e-01, -1.160053568184881e+00, -1.106733115794930e-01, 9.145410279326445e-02, 1.027969237020382e+00, 2.472032850552451e-01, -6.011256406616246e-03, -6.954488424116534e-03, -1.936822079334173e+00, -1.476868850008421e+01, -6.605238955764979e+01, 3.011746115616640e+01, 6.090626502817019e+01, 1.476048550444209e+02, -1.773065869370335e+01, -1.635045261939347e+01, 6.508814190997251e+01, -1.923942310589264e+00, -4.579556194272203e+00, -6.549964217412388e+01, 3.292548776983976e+01, 5.045094402679769e+00, -2.791996128961891e+00, 1.357448845165318e+01, 1.987679912387336e+01, -3.673573371607910e+01, 1.663684520422155e+01, 2.815788386773032e+01, 2.194839808675408e+00, 4.324053348851155e+01, 6.891804865702014e+01, 4.576064258953064e+01, -1.646801852752518e+01, -2.183499159874279e+00, -6.698287526050620e+01, -5.347688080149743e+01, 5.615329713731069e+00, 1.613492664774807e+02, -1.031029293552283e+02, -3.376859246435713e+01, 7.133211199539474e+00, 5.573523130859050e+01, -2.323808843639002e+01, 1.504428133552215e+01, -6.320168026476789e-01, -1.291319099195946e+01, 1.781165513238789e+01, -1.535462134650282e+01, -2.924114654946947e+00, 1.232306742519346e+01, 1.736112940073826e+01, 1.476932666185119e+01, 5.977229977713132e-01, -9.546875613307687e+00, -5.643490232686883e+01, 1.989759094945045e+01, -2.734922690021752e+01, -5.167822808061629e+01, 1.771595574035493e+01, 9.744675855778918e+01, 4.315764983552274e+01, -6.011042519630037e+00, -1.735655074204230e+01, 1.720139171978818e+01, 6.901561013137065e+01, 1.582694921886240e+02, 4.104829627991719e+01, 3.510163832271645e+01, -4.116888500211776e+01, 6.526328797900929e+01, -7.325484214487048e+01, 5.654301739557534e+00, 1.781669444059823e+01, 1.033427833424994e+02, -1.610282557529356e+01, -3.305894857921522e+01, 2.381855206416295e+01, -1.104232343603376e+01, 1.123343362866007e+01, 2.595873309560481e+01, 2.848711922851900e+01, -3.846721554134785e+01, -1.051766154330058e+01, -1.920118484969027e+01, -5.901061492845446e+00, -1.473832143047754e+01, -4.234421086949684e+00, -8.443547147335244e+01, -2.275812374308385e+01, -9.922248152338556e+00, -7.757687611261916e+00, 5.113602491158412e+01, 2.403548222295654e+01, 8.607906007903674e-01, 1.442835354679077e+00, -3.526119605743957e+01, -1.280790598499522e+01, -8.977201063800706e-01, 1.098472434126775e-01, 1.015225432640842e+01, 3.177241471849080e+01, 8.290217996039848e+00, 4.231575679058679e+01, 4.344501650642024e+01, 1.802912737954738e+00, -6.887284461696267e+01, 2.088304096068760e+01, 5.682891146986687e+00, 8.823576073601387e+00, -3.777074650052189e+00, 2.800572786722856e+01, 3.144372449861410e+01, 7.438493147192589e+00, 5.696367427430189e+00, -2.550939007337783e+01, 1.545775667845338e+01, -1.907680037033539e+01, -4.694732972928026e+01, -3.289520228617663e+01, -4.954129527037185e+01, -9.461085994384177e+00, 5.576330598298852e+00, 5.023661543088409e+00, -1.378155597087991e+01, 9.569913207261296e+00, -2.209778087025693e+01, -1.909982126806630e+00, -8.152128979084521e+00, -4.093747160554472e+00, 8.323878946157015e+01, -1.956050578446907e+01, -7.015688341999243e+01, -1.621533292023831e+01, 3.564245061133686e+01, -3.141011093233473e+01, 1.629577280735709e+01, 3.754731597212168e+00, 9.407299578220325e+00, -1.049816559267356e-01, -2.342856113657407e+01, -1.860389265773004e+01, 3.639634728741564e+00, 8.682138729401359e+00, 1.060701754936857e+01, 8.433598333788898e-01, -9.507623382370014e+00, 2.003492424622846e+01, -8.582319785032434e+00, 1.172492593790665e+00, 1.145216779356319e+01, -6.417691532953063e+00, 1.411160223051859e+01, 1.110948967134165e+00, -3.544383739617913e+00, 4.605856502880661e+00, -7.784240612140654e+00, 4.668244384049950e+00, 4.160738205751151e+00, 3.962379872713137e+00, 3.551361161842560e+00, 8.904430180969977e-01, -3.894856133093131e+00, -2.470876511078033e+01, 2.111008585463055e+01, -2.294580171492761e+01, -3.470228079763817e+01, 1.917737937118788e+01, 5.175592574779498e+01, -2.291869446485315e+00, -1.671688216539227e+00, -4.374775238803734e+00, 8.793833366915056e+00, -7.811068627417119e+00, -1.347810633800932e+01, 3.885848701201823e+00, 1.695095052909405e+00, 1.111164886346863e+00, -5.012020607748195e-01, -1.231090338238011e+00, -4.319389043571930e-01, -3.181549961990305e+01, 2.406465621994111e+02, 5.245578958914861e+00, 2.270533176635248e+01, -3.252681470197786e+01, 1.219495154103232e+02, -5.394450252297039e+01, -1.829275421323946e+00, -2.370715255782348e+01, 8.371090794036508e+01, -3.754955475372094e+01, -1.660116441342349e+01, -1.295046379054468e+00, -9.394977233063136e+00, -7.711482510158563e+00, 1.115525765618390e+00, -9.274385951211483e+00, 4.890966719057764e+01, 9.630731780414425e+00, 2.014086907409479e+01, 9.023452491468345e+01, 3.806836174006796e+01, 6.097461714973509e+01, 1.150566217334385e+01, 1.652268299875695e+01, -4.301829553303892e+01, 2.999804285898811e+00, 5.674878737441730e+00, 2.063934371796224e+01, 1.746492834935224e+00, 1.452385574143194e+01, 1.142925136051801e+01, -5.809281064047733e-01, 2.921471067821585e+00, -4.621939971160212e-01, 1.074663901200924e+01, -1.876984264960561e+01, 1.374895282471329e+01, -7.314834892504706e+00, -1.066471041765580e+02, -6.072168757696377e+01, -2.279004911821913e+01, -1.818265750536720e+01, 8.939959728331669e+01, 2.534353197121040e+01, 3.007055820983648e+01, -1.555619875858317e+00, -2.904595014357401e+01, -1.886075290319102e+01, -1.900240294166843e+00, 4.993501580294442e+00, 2.863973114082852e+01, -1.166807712768181e+01, -4.391585781752723e+00, -1.597014302980288e-01, -9.384769125142242e+00, -5.117955345861587e+00, 1.162235125605807e+00, 4.979120624589987e+00, -5.612783398510228e+00, 4.726718982982375e+01, 4.477369877446330e+01, 7.286559329852281e+01, 4.523914370749144e+01, 2.072304293459298e+00, -2.869576978196889e+01, -1.544069348431372e+01, -2.731655339958293e+00, -3.268506501132891e+00, 1.050596722573360e+01, 2.054164229669864e+01, 4.516646428622320e+00, 1.107556019941303e+01, 2.446783301948592e+01, 3.050652225129646e-01, -9.466748840211461e-01, -3.157908930353152e+00, 4.037490005604949e+00, -9.011289131366462e+00, 2.702907237920912e+00, 7.174128681375499e+00, 1.621833196751008e+01, -1.844748192715496e+01, 2.717369390469872e+01, -4.299895450543977e+01, -2.191549117055905e+01, -4.685243422171637e+01, -4.029882867771775e+01, -3.313801214339292e+01, 7.432790147920261e+00, 5.071776162934122e+00, -1.298193915155912e+01, -2.073229315111172e+00, -6.784614970940908e+00, -7.828891098472504e+00, 5.464212364642736e+00, 1.212504864903821e+01, 1.972926917714922e+00, 1.487245983147898e-01, -2.493697198286323e+00, -3.316575240299260e+00, 3.464082035441788e+00, 2.382121238372818e+00, 2.778036064597602e-01, -2.015423861619414e+00, 7.623964852760417e+01, 8.845834448529412e+01, -1.058225449385897e+02, -1.261573096738839e+01, -3.776180858130155e+00, -5.388728278676108e+01, -6.429965134321090e+00, 6.254278752339760e-01, 8.843545761694877e+00, 3.058533545540007e+01, 1.249203809577061e+00, -6.817140849893301e+00, -4.377322817844081e+00, 6.054955850020730e-01, 8.460621623512050e-01, -1.232240130451192e+00, 3.143378721116703e+00, -8.377214449520396e+00, 7.124785298999293e-01, 8.200877586547254e+00, 5.621332516598690e+00, -2.609634838445898e+00, -1.924534030276329e+00, 1.921120268018186e+00, -7.853306394662576e+00, 2.582053391912589e+01, 3.670377717064524e+00, 7.994495317764364e+00, 9.848039316303090e+00, -2.728408393678307e+01, 7.028065300273298e+00, 1.277101595912931e+00, -2.426685117469912e+00, 4.723752789190777e+00, -6.004762149241007e+00, 7.236199250773636e+00, 3.231321012113740e+00, 2.721970094381754e+00, 1.908462689603781e+00, 6.497745552480434e-01, -9.561102337440393e-02, 2.259637189541252e+00, -2.850578584979398e+00, 1.860466434651152e-01, -4.463804944031977e-01, -1.283287310440108e+00, -1.549820606043271e+00, 3.182764527978458e-01, -1.824670480703111e+00, -3.644660392214865e+00, 2.579214666326916e+01, -1.523163984132245e+01, -8.745908171079208e+00, 2.085953014906352e+01, -4.849374052121767e+00, -2.459300848664391e+01, -2.908295667282087e-01, -1.424248923223206e+00, 5.551212630433865e+00, -6.441748611439588e+00, 4.640023084793516e-01, 3.739223264497206e+00, 3.324680736303739e+00, -1.012290830259375e+00, 8.598205896582241e-02, -9.563717972839646e-01, -6.785719653423005e-01, 7.474836460458957e+00, -3.466578780255869e+00, -3.539480395928984e-01, 3.952253209837914e-01, -1.000355533131937e-02, 1.083522786267687e-01, -5.484145955175764e-01, 3.608674985226225e+01, 1.099401259401076e+00, 3.662483299893386e+02, 3.980086267832984e+02, -1.383948711492719e+01, 6.657979846863961e+01, 1.762254672051900e+01, -9.150100763404281e+01, 1.024096168695794e+01, -1.389530038266555e+00, -4.714334003828009e+00, 1.223576384285079e+02, -5.674292616460742e+00, 1.654391646787347e+01, -1.082194604263665e+01, 2.654804969038844e+01, 4.422223916691701e+00, -5.067613391723056e-01, -7.347500613233084e+00, 4.267868189946467e+01, -5.183877540941964e+00, 4.581419429263466e+00, 3.179785278765499e-01, -2.880599034572513e+00, 6.694787769013504e-01, 3.654480294610254e+00, -1.606215996105412e+01, -1.604006280161686e+01, -8.895128205264325e+01, 2.296451849651386e+02, 1.401924032183292e+02, 8.662304128902883e+01, 4.142077332744638e+01, -3.158105222142709e+01, -8.147312161833787e+01, -5.066228755867633e+00, -7.741261064684872e+01, 9.783881010289019e+01, 1.178955738852143e+01, 3.140952999935033e+00, 4.159975005473393e+01, 1.717393684421280e+01, 2.039629223751200e+01, -1.515590060174030e+00, -1.930659990893395e+01, 2.696106492832269e+01, 1.503242267660107e+01, -1.879292087343163e+01, 8.971201077753115e+00, -3.633381248159225e+00, -2.588656730985634e+00, 9.761715399616884e-01, -2.900314695966011e-01, -2.442146191026377e+01, -3.908788160622803e+00, 1.039308802290345e+01, 9.823094244464164e+01, 1.395409060029783e+01, 5.582911196861391e+01, -1.420770071037107e+01, 5.573867892633992e+00, -6.128261324021693e+01, 4.495423879752392e+01, 2.189157213264922e+00, 2.336562684597845e+01, 1.825064499139594e+01, 3.405764248403904e+01, 7.748121193845106e+00, -1.733041302795052e+01, -3.437947525427017e+00, -1.105465789083588e+01, 2.008418899571886e-01, 4.763027874278710e+00, 2.980652500808992e+01, 1.638980020440202e+01, 1.521824807836504e+00, -9.199346709113012e+00, 7.336993195660777e+00, 6.104891255545088e-01, -6.777485712930077e-01, 4.690267774921482e-01, 3.938919520593400e+00, 1.861548037318073e+00, -8.422953354981400e-01, -8.454330690240642e+00, 1.364206732731944e+02, 8.783283009075522e+01, 3.819938061102793e+01, 2.823801581161498e+01, -1.921349503485814e+01, 5.008219028985385e+01, -8.031030706629947e+00, -1.405772603988759e+00, -1.776874825111750e+00, 2.141081178817923e+01, -1.367494165499180e+01, -2.136944337706012e+01, -7.739187634847231e-01, 8.395478547399398e+00, 6.121800958920684e+00, 3.187271417343690e-01, 1.894159881561469e-01, 5.297322740229903e+00, -3.178772415187713e+01, -7.577352403049141e-01, -1.112024782753807e-01, -7.157138107237969e+00, -4.137327133689061e+00, 4.909563751086840e-01, 1.458259147495284e+00, -9.176381086104589e+00, 5.317586446495877e-01, 1.626286962544540e-01, -6.345647384107098e-01, 6.929756645201887e+00, 3.446708462263012e+01, 1.415861896196165e+01, -1.474639424746937e+02, 8.464887064826357e+01, 9.793818299420288e-01, 3.411103950569218e+01, -3.015147966286151e+00, -1.010750542683644e-01, 9.035564948046408e+00, 1.804403675231870e+01, -6.210374200796785e+00, 1.827103726501211e+00, -1.347156865835442e+00, 1.124377432388690e+01, 1.343120935766850e+01, -1.661229397772712e+00, -3.781900443857559e+00, -4.250962817918631e+00, 1.430406539442933e+01, -3.045717354162222e+00, 3.919650897517097e+00, -3.653167789649888e+00, -3.136717301153744e+00, -1.520052007203846e+00, -6.971581389382545e-01, 2.652969423776638e+00, -5.506476121718954e+00, -2.069261758433547e+00, -4.841147442957222e-01, 9.132971910658124e-01, -2.009233349145857e-01, 1.403341609771832e+01, -9.096264168250510e+00, -6.949625276109674e+01, -2.401682962762332e+01, -2.195421296501354e+01, 2.549263992944797e+01, -5.076492509511517e+00, -2.098711821815758e-01, -3.247423013618259e+00, -5.037725688378254e+00, 3.401589221301336e+01, -1.170361573049005e+01, -1.080177453082046e+01, 6.817066151350314e+00, 5.551776788806773e+00, -6.945359374611456e-01, -9.817177936206292e-01, -1.441402839034731e+00, -2.787729533332908e+00, 3.001956480512697e+00, 4.000953162378127e+00, -1.240207136718800e+00, -3.959010691437003e-02, -1.043744690964352e-01, -6.766640880427353e-02, 2.768750787838366e+00, -1.295548853122347e+00, -1.550041583250412e+00, -1.225851010179330e+00, 1.060138503711452e+00, 1.371456514146259e-03, 3.032641245871063e+00, -1.970082580153379e+01, 2.318880418113106e+01, 1.882267267149775e+01, 1.247044328796981e+01, 9.917981261057855e+00, -3.476620062975496e+01, 2.991576979785571e+00, 1.706681930265798e+00, -4.050357334685319e+00, -4.988684512378312e-01, -4.227210402500792e+00, 8.848793868342211e+00, 2.105767547786376e+00, 6.284512249055001e+00, 3.378463140032076e+00, 7.039914391754122e-01, -1.313941993923262e-01, -1.827238076145328e+00, -4.336386589030609e+00, 9.650186009593827e-02, -1.235994230605312e+00, -1.781680653163573e+00, 5.314947858467689e-01, 2.941754667277757e-01, 1.318971782840096e-01, -6.730313769686163e+00, 4.196610879713132e+00, -1.669290374555035e+00, -5.556411496534338e-02, -8.228297015752820e-02, 5.609871409114483e-01, 2.816961462546764e-01, 2.005772922003176e-01, -7.023045339349236e+00, 2.154863551279703e+00, -1.273667355024462e+01, 8.323136149539581e+00, 1.964812509118841e+01, -3.474979685739007e+01, -2.327822709238717e+01, 6.886368714168311e-01, -2.055628880135453e+00, -8.538376995769800e+00, -1.338766469099025e+01, 1.075506795802972e+01, 9.788892256297562e-01, 7.422538613799651e+00, 2.341786806205608e+00, 3.570670055469019e-01, -8.108060225993309e-01, -3.292383306649990e+00, -2.343630491112500e+00, -4.167368451813885e-01, -1.286853978345269e+00, -1.628650629788931e+00, 1.209604203144396e-01, 1.965350689445420e-01, -2.987415024424228e-01, 2.282726625160004e+00, -2.368923635781230e-02, -1.171159940250373e+00, 4.999481456579201e-01, 1.410104488886424e+00, -6.711509649063842e-02, 2.370762448906090e-01, -5.071868612737058e-02, 2.643903332026130e+01, -2.949585274706339e+02, 3.447148726709399e+02, -5.608810424516900e+02, -4.886990380844658e+02, 3.080295045072900e+02, 9.960987827745408e+00, -3.255223265213394e+02, 8.787948366591452e+00, -5.416749785203469e+01, -5.952958386079718e+01, -1.538676590436948e+02, -9.805491084068946e+00, -3.886193284406534e+01, 5.820452417843521e+01, 2.534975960900280e+01, 3.386965990369869e+00, -3.756209708192457e+01, 1.018820381852524e+01, -1.179572273701145e+01, 1.660772863977198e+01, -1.649858069213072e+01, -2.388691531059985e+01, 1.724598797382751e+00, 2.415668889348208e+00, -1.320618084535495e+01, 4.118703068385323e+01, 1.396071353889697e+01, -3.956670017377084e+00, 1.748237995243311e+01, 7.595362936665135e+00, -3.462289145960778e+00, 2.497207703181856e+00, 3.537639266491087e+00, -7.516013010232792e+00, -4.963857996489870e+01, 7.332610684461342e+02, -3.831647493553486e+02, -1.343316612477247e+02, -1.539160876413178e+02, 6.107819859126719e+01, -7.054717870907116e+01, -1.620414293573624e+01, -1.685652279844377e+01, 4.553557508156420e+01, -2.187678614011623e+01, -6.375467386612218e+01, -1.858102551350210e+01, 1.013964649918367e+01, 1.937124978076710e+01, 5.950309139129176e+00, -6.348506464219231e+00, -5.346764539652676e+00, 7.850458372161765e+01, 1.674315216326247e+01, -5.324275666538418e+00, -2.408962529961611e+01, -1.188305932036138e+01, -4.155588994550856e+00, -9.347749163978814e-02, -4.828157375327090e-01, -1.774877920621903e+01, 9.542614540478815e-01, 7.984544122472056e+00, 1.048845366693900e+01, 9.073312086687157e+00, 3.499623539522724e+00, 5.058065691762051e+00, -2.305225867373595e+00, -2.682105981408294e+00, -3.976005573424358e+00, -1.006416163946998e+01, -4.460726913134325e+02, 8.170958237931788e+01, 6.398669961850987e+01, -3.809629462708844e+01, 3.353784706714687e+01, -1.082644868378247e+02, 2.965825907446197e+01, 2.354139283723423e-01, -6.121351545797959e+01, -4.667618913834228e+01, -1.123941879097989e+01, -2.949573505429873e+00, 1.426016832432265e+01, 7.983000515509232e+00, -4.997371017911295e+00, 1.441000793008214e+00, -5.643801219016749e+00, -1.484551416854901e+01, -1.699912224060300e+01, -7.224907980963687e-01, 1.608114938664786e+00, -3.317004140355332e+00, 1.886527576686891e+00, 1.370766746775904e+00, 1.020257391607774e+00, 2.213932304766785e+00, 2.055028096337943e+00, -4.267589915546798e-01, 3.439499955344604e+00, 9.764973464892927e-01, 5.084047160168993e-01, 6.830121183757339e-01, 2.041187745382180e+00, -5.435069520776503e+00, -8.533369157080330e+00, 4.429099412523176e+00, -5.673662614866853e+00, 3.031306747227397e+02, 2.420616732539181e+01, 8.167703706120182e+01, 1.556605372972958e+02, -6.185179109299419e+00, 1.306753086002872e+02, -8.324346863889646e+01, -1.267796253904948e+00, -1.332744854620316e+01, -2.040328032181539e+01, 1.756965324370735e+01, -2.851406012726800e+00, -7.284827433189829e-01, -3.053452392476663e+01, 9.138706177967933e+00, 3.839908362740929e-01, -1.253161930373040e+00, -4.035388712903747e-02, -8.024835520382104e-01, -5.262660874467939e-01, 9.527184541398819e-01, 9.435995013183598e+00, -1.264219548032826e-01, 4.391659426573182e-01, 1.675639220590050e+00, 8.059924340602645e+00, 1.009877670170479e+01, 2.817386639070421e+00, 1.413801731190806e-01, -1.976779769018450e+00, 6.980044291089257e-01, -5.202340769930396e-01, 1.070322380062105e-01, -1.056280507911659e+01, -7.555899094357486e+00, -1.687754067973934e+00, 8.262338275425885e-02, 5.857006641960633e+00, 1.133813507465373e+02, -1.564824534502883e+02, 1.096297733581987e+01, 1.040816152090582e+02, 4.561208494378857e+01, -5.571310703188306e+00, 7.974299593713394e+01, 5.717568002230347e+00, 5.557213736149992e+00, 2.448816716784231e+01, 2.263828630871816e+01, -2.650244417042940e+01, -3.969273435093625e+00, 7.265720896719996e+00, -1.639851470211706e+01, 3.887621716220980e+00, -4.510401034825945e+00, -1.791764414673796e+01, -1.144260058550227e+01, 2.611810207726736e+00, -1.481655950223642e+00, -4.244920253686691e+00, 2.232940637259654e+00, 1.825394209117793e+00, -1.227162199718391e-02, 3.739888585653455e+00, 4.042220510962516e+00, 1.190715437934603e+00, 9.899032422273450e-01, 3.667966416649291e-01, -6.352940100141301e-01, -1.013695926405508e-01, -9.001759389249738e-01, -8.526978297252567e+00, -6.164769789534811e+00, -2.407299586110620e+00, 1.589090188868650e+00, -9.459658786709407e-01, 1.917571147914148e+01, 5.052667934804540e+01, 1.501795243008503e+02, 2.116898024102292e+01, 8.546088153933997e+01, 1.780991332022672e+02, 9.108784554921509e+01, -4.397375246763448e+01, 9.540258945965685e-01, -5.777413189769396e-01, 1.119165004896558e+01, -1.897470289011671e+01, -6.141139842494004e+00, -5.779447616476203e+00, -3.583781524116653e+00, 2.838800119459955e+00, -4.113591483470481e-01, -6.383315928433888e-01, -8.981143460451271e+00, 4.045503372632844e+00, -3.572971361596189e-01, -2.285880440288759e+00, -1.750419976623772e+00, -2.820642428789273e-01, -1.532308565719434e-01, 4.033324542429556e-01, 1.805882791540250e+00, -3.104343820608172e-01, 1.271792200272214e+00, 1.151509690500870e+00, 2.133207845732475e-01, -2.733425425768545e-02, -6.036963815458813e-02, -1.354773883796571e-02, -2.725446508299317e-01, -2.227568548734567e+00, -6.591230412859442e-02, -5.011753870599760e-01, -7.910364628117821e-01, -6.760759241427466e-02, 1.128720058914605e+00, -1.897792211926161e+01, 1.807476695653389e+01, 6.374216261000528e+00, -8.143480126809052e+00, 1.109172838450525e+01, -8.464493959409765e+00, 4.541655570638559e+00, 7.658424723887245e-01, -3.239156411051745e+00, 3.988465271066015e+00, -2.336362204324725e+00, 4.568822972591622e-01, 3.464505716378033e+00, 6.079736179026286e+00, 9.684094766404111e-01, 2.439084883800659e-01, -4.715688144948801e-01, 1.177911251747885e+00, -1.569861762605348e+00, -6.964114077318166e-01, -3.114399938914595e-01, -1.053703044931090e+00, -2.803319058902168e-01, 3.811964326645568e-02, -2.053251070000724e-01, -3.023835978575798e+00, 1.076512827205784e+00, -8.977121182616593e-01, -2.477801329838276e-02, -2.686264134243876e-01, 4.398875291627409e-02, 1.332389867267443e-01, -2.138437218776489e-02, 7.665186848279480e+00, -2.299275764218348e+00, 5.633375803566085e-01, -8.463429293402662e-01, -1.570970017455341e+00, -4.873324373084069e-01, 1.598046340071134e-01, 2.934277552912597e+00, 2.083004967317982e+01, -3.959649349968735e+00, -1.257311863527146e+01, -1.241402223687602e+01, 6.622646786608025e+00, 3.155075475761103e+00, -6.970066537346139e+00, 7.623875749805543e-01, 7.034445482307085e+00, -2.679353391604441e+00, -5.231139565835853e+00, 2.235015653277210e-01, -2.782398072309091e-01, 2.753528603527831e+00, -1.405118244010978e+00, -1.624628565669429e-02, 1.027201027362897e+00, -9.461603112382142e-01, 1.604141112422547e+00, 9.753248297288025e-03, -6.510575483513414e-01, -2.480333151060075e+00, -1.342217678498648e-01, -1.791523004189644e-01, -2.410161241531452e-01, 1.170724590295630e+00, 3.820302731320170e-01, 1.761467837103952e-01, 4.644165721685019e-01, 1.210984643436520e+00, -1.558500086567902e-01, -7.778230930547458e-02, -2.238497325827828e-01, -7.066841428735816e-01, -1.362341464961092e+00, -5.174108553125006e-01, -2.049816045072172e-01, 8.547229689769117e-02, -2.011934637023673e-02, -7.023332721804456e-03, 4.498333008951642e-02, -1.571853776807169e+00, 7.040539531714502e+01, 4.021189276997854e+02, -6.266546051671799e+01, 9.739326188733385e+00, -3.614770154738910e+01, -1.551866116103300e+02, 1.750709074685105e+01, 5.317449444869272e-02, 2.492423645070049e+01, -6.985517506639259e+00, -4.961158450491829e+01, 8.954350344880023e+00, 1.026331395671472e+01, -1.988812651618197e+00, 2.991874918965084e+00, 2.057314234699304e-01, 1.036926065609784e+01, -3.805590319154059e+01, 2.906993530948106e+01, 4.320331746279969e+00, 4.748009935077767e+00, 9.261041995288609e+00, -4.380320672417377e+00, -7.322617820998409e-01, 6.614257427243555e+00, -8.037667008164977e-01, -8.729430689725511e+00, -1.593169251748191e+01, -1.871261152020576e+00, -5.669777483263055e+00, 2.104919833330055e+00, -2.208388611025286e+00, -4.818393292394179e+00, -6.651826199980749e+00, 4.807856799982032e+00, 6.320743047026283e+00, 2.602126337359294e+00, 4.807063274119052e+00, -1.007251932160655e+00, 1.907769996500787e+00, -2.830657739811348e+00, -1.416211763812342e-01, -6.557282762716188e+00, 3.579261358191548e+01, 4.002204113677625e+01, 7.427210727902984e+01, 4.718460709188980e+01, -5.494997594901939e+01, -2.403611629289304e+01, -4.457583936173545e+01, -3.838501749459905e+00, 7.333053613975722e+00, -3.310798023493113e+01, 1.712311928345677e+00, 2.937998872067376e+01, 2.828939842328681e+00, 1.225108048256051e+01, -1.676758237959661e+00, -3.075076020931904e+00, 9.395054159301855e+00, -1.733751089421162e+01, 6.223612231847482e+00, -1.268298582050545e+00, -1.599833839534245e+00, -8.775081199479250e-01, 1.833500110555695e+00, -2.475552353769376e+00, 7.347772495453236e+00, 7.756422385723666e-01, 2.712549328928770e+00, -1.389431339706896e+00, 1.960795782640133e+00, -2.327348329910236e+00, -8.358450025615773e-01, -1.675675966968105e+00, -2.378185160806436e+00, 6.895316918142666e+00, 4.180733184770774e+00, 1.235427061217316e+00, 1.890750568847037e-01, 8.962588045753722e-01, 6.093324490606088e-01, -1.709116762520998e+00, 8.622787438560900e-01, -7.329753283344517e+00, -3.887470943625560e+00, -6.144532797095880e+00, 9.783340123067751e+01, 9.573090704599754e+01, -4.414709766735882e+01, 6.792283771052739e+01, 3.469863498430816e-01, 6.592401050157969e+01, 2.475140001514640e+00, -3.685316779093411e+00, 3.101088812761099e+01, 8.006964287339160e+00, -4.596609525679569e+00, 8.561118978381694e+00, 6.301320514688832e+00, 7.667152666250528e+00, -2.474524932679731e+00, -1.988630162593024e+00, 5.599669745545133e+00, -3.061522679032729e+00, 5.442219879456662e+00, -3.011140166152927e+00, -9.092534937848900e-01, -4.176811114161355e+00, -1.271351967492203e-01, -9.787639096299712e-01, -3.648270195619865e-01, -2.164256422675019e+00, 4.192009154225402e+00, -2.523585450034763e+00, -2.797103895438163e-01, 1.368990381727755e+00, -3.883413756465809e-01, -1.412840243175267e-01, -1.120231426455733e+00, 5.751314560847883e-01, 1.533151250711722e+00, -5.158258233606542e-01, -1.466868123846244e+00, 1.933187985280416e-01, -6.166968124611428e-01, -2.682830300667574e-02, -2.830673304694423e-01, 4.473788683071862e-01, -4.157378574319433e+00, -3.380384920727988e-02, 4.416250200171733e+00, -6.753330786084804e+01, 1.905924617012915e+01, -4.579313661010671e+00, -4.905948090034494e+01, 2.311854309738695e+01, 2.853129187790379e+01, 1.005668694499601e+01, -3.246971836113672e-01, -1.463111841826045e+01, -5.174021070617783e+00, 1.128586888154951e+01, -6.010691340450177e+00, -2.378553472099572e+00, -1.148208838632299e+00, 3.760267189080846e+00, -5.515549874216942e-01, -1.495765053644005e+00, 5.863780731770372e+00, 5.526761040162070e+00, 4.665197796945814e+00, -1.941002452553928e+00, -2.594216940532006e+00, -1.818622449979460e+00, -2.013804325000229e-01, 4.832338050959517e-01, -1.972128287848472e+00, -2.120027959437029e+00, 3.267783995542491e-01, -7.292494827945278e-01, 8.644699987194630e-01, 3.622400781989384e-01, -2.613377951963827e-01, -1.938982485508139e-02, -1.540592845747216e-01, 1.195830434831249e+00, -4.630173741313165e-01, -7.844125929230625e-01, -1.720251051800106e+00, -3.740512816932258e-01, -2.051451034297050e-01, 4.892941667190636e-01, 1.021337328934284e+00, -4.976981578504754e-01, 1.659783275403039e-01, 8.901897033087802e-01, -1.279502114930444e+01, 7.466377453434346e+01, -7.085440712748627e+01, 7.455442821180681e+00, -5.962195551344853e+00, 2.058675035115487e+01, -3.352099705649653e+01, -1.686849889691682e+01, -5.902141454340751e+00, -7.695446638923594e+00, -3.093672700779825e+00, 2.400427777583893e+01, -6.365268818968244e+00, 4.021276745622388e+00, 6.403891104460525e-01, -2.282775700201757e+00, -2.808064664874659e+00, -5.605743252904148e-01, 1.374817224493683e+01, -1.116982374682660e+01, 5.934229149843281e+00, -3.990808174988068e+00, 1.231918806604193e+00, 6.321184695387919e-01, -8.909075037429156e-01, 3.174330710669802e+00, -3.275915971583485e+00, 4.679430002075240e+00, -1.639724847549563e+00, 1.118535971772503e+00, -8.121079094698462e-02, 1.630798925197914e-02, 1.498006269928069e+00, -1.176117852101797e+00, 3.607397795720264e+00, -7.261168761872667e-01, 2.734553224809958e+00, -1.860214558578551e+00, 1.454059315024049e+00, 5.702231641690243e-01, -5.129949202382148e-01, 4.898656087905277e-01, -4.826003090748599e-01, 1.184703526182012e+00, -1.526102485790924e+00, 1.786795812371467e+00, -4.807928836825159e-01, -1.047248469374365e-01, 6.321974882771220e+01, -9.088648887977936e+01, 3.801863597600921e+01, 2.637899685585467e+01, -4.648286381438552e+00, -3.055931223402268e+01, 1.361841863257774e+01, -3.848389823818809e-01, -6.894262154337180e+00, -2.014443719235252e+01, -2.096608992240795e+00, -8.304277465826235e-01, -3.927927750297458e+00, -4.865276151418997e+00, -4.759489788690922e-01, -4.257774043006062e-01, -5.689088775497718e-01, 1.046158015698643e+01, -4.422457529786546e+00, -1.207229186500311e+00, 9.633150394644794e-01, 2.288890948986574e+00, -5.927316892267034e-01, -2.175683306877843e-01, 6.403493729573634e-01, -2.882920524548414e+00, 2.399667944672498e+00, 2.693505962324253e-02, -2.055848217309276e-01, -4.163990290493525e-01, 3.497208966287683e-01, -1.958597863907036e-01, -6.609937514070015e-02, 1.417890113134809e+00, 3.155061767734976e-02, -3.177291273565850e-01, -1.719831027550406e-01, 5.876297168387430e-01, -1.966721325119535e-01, -8.942492090507409e-02, 3.236891962556778e-01, 5.828510655031675e-01, -3.948493601238999e-01, 5.114215867317200e-01, 5.390530148524347e-01, -2.923272767499722e-01, 1.330256359673746e-01]
