elements:      [Al]
cutoff:        6.0
pair_type:     gaussian
feature_type:  gtinv
model_type:    4
max_p:         2
max_l:         8

gtinv_order:   4
gtinv_maxl:    [8, 6, 2]
gtinv_sym:     [0, 0, 0]
gtinv_version: 1

electrostatic: 0
mass:          [26.98]

n_pair_params: 6
pair_params:
- [0.5, 0.0]
- [0.5, 1.0]
- [0.5, 2.0]
- [0.5, 3.0]
- [0.5, 4.0]
- [0.0, 0.0]

n_type_pairs: 1
type_pairs:
- atom_type_pair:      [0, 0]
  pair_params_indices: [0, 1, 2, 3, 4, 5]

type_full:    1
type_indices: [0]

n_coeffs: 2148
coeffs: [-4.371556710197614e+00, -4.353496116823597e+00, -8.810031188795102e+01, 6.778245457926889e+01, 1.613410835789745e+01, 1.230795659698907e+01, -4.218688094795644e+00, -2.668357956887319e+01, -3.708217756203237e+00, 1.888850285475280e+01, 6.143510416998934e+01, 2.119346744601964e+02, 9.325172874648587e+00, -6.839349865366922e-01, -4.418071666519923e+01, -4.309975500622969e+01, -1.185306024485423e+01, 2.556054467362304e+02, 1.382456728160359e+02, 1.794826206461653e+02, -6.887755502935240e+02, -1.653201043369913e+02, -6.564276176684002e+01, -7.155914661112114e+01, -1.309389336203595e+02, 1.198772650479922e+02, 2.524311779622177e+02, -5.811179853194329e+01, 4.027605533285297e+01, -1.879751693576671e+01, -1.028722761994353e+02, -1.007645089983791e+02, -3.972679089440867e+01, -3.460735623129757e+01, 9.006897182798218e+01, 3.012296673003367e+01, -4.918767717884311e+01, -8.319150466519231e+00, 2.776131425036237e-01, -5.231841437606983e+00, 2.628769174153113e+02, 3.726557616110013e+02, -5.147630436887328e+02, 3.110823102267103e+03, 2.736427702535907e+03, -3.676321020103675e+02, -2.991674266688934e+04, -1.484805299125976e+03, -8.933308690870737e+02, 9.280691280038094e+01, 1.027510242221862e+02, -1.970538246379658e+02, 7.032807862670690e+01, -7.506655910615740e-01, 3.004914029563626e-01, -2.243585977134727e+01, -1.295696253758217e+01, 4.519137626450640e+00, -1.360292105069306e+00, -4.571076295394024e+00, -4.944306443739770e-01, -1.230183142236687e+00, -1.701709946393896e+00, 4.479167190172999e+00, -3.848319384654938e+00, 2.808088060354241e-01, -1.298407128163583e+01, 3.498773677375576e+00, 1.030443107549265e+00, -1.792914746173246e-01, 7.069489873087028e+01, 2.605304542088087e+01, -1.538587213104528e+01, 3.368776406478050e+00, -1.706796582085864e+00, -1.095939250687694e+01, -1.464663090706790e+00, -7.297039944297588e-01, -1.174668375769127e-01, -4.582947644388523e+00, -4.071653016424188e-01, -7.604971361228665e-01, 4.075356176061005e-01, 3.444576404358782e+00, 1.882433123781283e+00, 7.750972686957107e-01, 1.159219311413708e+00, -9.068152305008795e-01, -3.640497023267074e-01, 1.229734848497595e-02, 2.773955222500841e-01, 2.730266580035384e-01, 5.971182832189791e-02, 3.168224119752768e-01, 8.272509419904683e+00, 7.490581947045027e-01, -6.476069148922252e+01, -7.514465696933433e+00, 7.789761145301370e+00, 6.339068760793233e+02, 3.887709975389141e+01, -2.002963067977758e+01, 5.478042227949447e+00, 6.065002678813521e+00, -1.163134440189614e+01, 4.151201986366972e+00, -2.566246371444511e-02, 1.190396679198774e-01, 1.267200020234135e+00, 1.829378864938700e-01, 7.622323259196185e-01, -3.579340336928415e-01, 1.057515474463388e+00, 2.234578743151044e-01, 3.148776058098125e-01, 2.223872963375127e-01, -5.041198432643113e-03, 5.614864940070230e-01, -2.526123163236262e+00, -1.088791855769892e+00, 3.593808384762414e-01, -6.224277539464153e-01, 1.728685809720811e-01, -2.103927580782524e+00, 1.047578554036427e+00, 1.939435542412493e+00, 1.690093860575148e-01, 2.814787732230643e-01, -4.501048717858905e-01, -6.909471247003739e-01, -5.585161874866882e-01, -4.282960442079076e-01, 3.024056031007562e-01, 8.050743566518441e-02, 1.329259850526793e-01, -2.923787578058775e-02, -4.739777088268505e-01, -1.430412367703586e-01, -1.612329905227025e-01, -1.197327990081618e-01, 3.642514239666714e-02, 2.035409468299803e-02, 5.019671612513234e-02, -2.002454420089530e-02, -2.270634906529056e-02, -3.478493937558798e-03, -1.597795662720661e-01, 9.782979758612057e-01, 1.306262026173383e+00, 1.446428226893815e+00, 1.198164694514034e+00, 9.310995503910532e-01, 7.576924931199322e+01, 4.995791852726365e-01, -1.420350565169831e+00, 1.046265760709277e+00, 1.158366428744595e+00, -2.221494596326174e+00, 7.928456444912420e-01, 1.433958636271312e-01, 1.302311754661946e-01, 3.567172561087390e+00, 2.437050039672873e+00, -6.039320424450132e-02, 2.144447656123055e-01, -1.483618369773470e-01, 1.729982562898171e-03, -1.359357545613614e-01, -3.935934058354138e-02, -6.110247881475828e-02, -7.981760326954931e-01, 2.906812777671597e+00, -2.605917669244914e-01, 1.193327761287755e-01, 8.824548079457481e-02, 1.352703859062787e-01, -7.748030771437533e-01, -2.536546492681943e+00, -1.278006496795562e+00, -3.131390900487167e-01, -1.010164522714426e-01, 1.385279474444454e-01, 3.621775253724227e-01, 6.556437093947725e-01, 2.465896211432662e-01, -3.573439160457599e-01, -8.251717141413371e-02, -1.069166953614632e-01, 1.285969712260938e-02, 3.140394645995329e-01, 5.879206286999950e-02, 1.604136452220313e-01, 3.912524472368163e-02, -3.441004370402370e-02, -1.798977204580269e-02, -2.911042436638783e-02, 2.745499312431455e-03, 1.028558763865433e-02, 9.745208063395650e-04, -3.441707847993828e-03, 9.967202745312939e-02, 1.985916795755323e-01, -6.599525707432522e-01, -8.175339836529740e-03, 2.848940024568939e-01, 2.318375086269527e+01, -1.514916231291948e-01, 1.360851144893843e+00, 4.865561632130743e-01, 5.386898096445913e-01, -1.033091820028298e+00, 3.687056736596381e-01, -1.606185739212428e-01, 8.906837649598587e-02, 1.205739680256759e+00, -4.562783193309438e-01, 7.223572525906424e-01, -3.760648513735468e-01, 2.096323956637831e-01, -2.416580181912361e-01, -1.563192098891192e-01, -6.174681434689581e-02, -3.994297341118053e-02, -2.847015399017565e+00, -1.196982517933354e+00, 9.285063038940978e-01, 2.123840714055615e-01, 4.903390700766518e-01, -3.413966366008486e-01, 6.886188326095706e-01, 1.070518017685261e+00, 7.432859786823031e-01, 4.276418813022091e-01, 1.979082018522004e-01, -2.984839899665176e-01, -1.825230372893787e-01, -4.109264467378033e-01, -2.798011247892637e-01, 1.265360371720756e-01, 8.548431896841087e-02, 6.336569232768534e-02, -9.068753757861243e-03, -1.417836091901991e-02, -4.659892675432668e-02, 4.655162345776413e-02, 2.223109383931507e-02, -3.879853643273494e-03, -7.784270429895353e-03, -3.242711893303121e-03, -1.169473913665572e-02, 6.575880248441913e-03, -3.047492293179913e-04, -2.299812108918539e-02, 2.240448936498974e-01, 9.415374693521077e-01, -4.204348033813948e-01, 3.144874045478256e-01, 4.123555861440909e-02, 3.355584048712129e+00, 1.197916132935063e+00, 1.306298674247409e-01, -4.265186691473087e-01, -4.722159903169020e-01, 9.056091890873349e-01, -3.232016767532740e-01, -2.270348466383450e-01, 3.056953658934256e-02, 2.319851397694285e-01, -1.465066317487936e-01, -1.720395189222828e-01, -3.073830368590671e-02, 1.885468365642813e-01, 2.443844683467622e-01, 1.813226226326380e-01, 5.112188462631305e-02, 6.020890438586345e-03, -3.540615125304811e-01, -5.730166309919255e-02, 7.064190654085845e-02, 1.411235853179793e-01, 6.574313659407847e-02, -2.217748213753881e-02, -1.130046424407833e+00, 5.355318072934193e-01, 1.618026303569745e-01, 5.726082802550870e-02, -4.067932365387303e-02, 3.434846895141063e-01, -1.606353247422248e-02, -1.416064634823536e-01, -3.925772709559799e-02, 1.406109812879470e-01, 3.066385681804902e-02, 5.093180855501359e-02, -1.240975892726876e-02, -1.494045375676442e-01, -1.436503737776224e-02, -8.933091301057987e-02, -5.669286071071784e-03, 2.718449246861513e-02, 1.903991015594215e-02, 5.233274526351695e-03, 3.196378983927664e-03, -3.560515777568940e-03, 9.754524509611882e-05, -1.744548278531837e-03, 1.044919304518698e-01, -7.885445608111882e-02, 7.164567020561114e-01, -1.918552816017829e-01, 1.034691923586363e-01, 8.419962060828087e+00, 6.219635153644040e-03, -4.429649579291353e-01, 1.121378118591125e-01, 1.241523255275592e-01, -2.380984961231825e-01, 8.497639439810460e-02, -4.353495028888426e+00, 6.143510957917510e+01, 2.628769275206147e+02, 2.119346731825687e+02, 3.726557903983322e+02, 4.886105960810683e+02, -9.325176330331045e+00, 5.147630570875223e+02, 3.646998288095557e+02, 5.982731335480403e+01, -6.839274268089686e-01, 4.162507545593521e+02, 6.999052649874095e+02, 2.395099060357012e+02, 9.826475776398608e+01, -4.418072009484614e+01, -3.635592210917513e+02, -7.484150049920269e+02, -3.215687254347770e+02, -3.416557929304291e+02, 4.116387864939646e+02, -4.309975967274106e+01, 9.274146046917839e+00, -4.067130277209529e+02, 5.907007614888751e+01, -1.900866873653876e+02, 1.491325009481039e+02, 3.244862517813912e+01, 1.185306551906731e+01, -2.500454247372025e+02, 1.035966431413075e+02, 2.094174674618280e+02, -8.967505417370371e+01, -4.152264822531888e+01, -3.912105138174996e+00, 1.190162103487413e+01, -5.719502705808934e+00, 1.931843957639240e+01, -3.067143712792184e+02, 1.431146225667360e+01, -5.764198661886664e+01, 2.239870787339997e+02, 6.825800745338877e+01, -1.303531235308257e+02, -5.676106032239042e+00, -2.224751290203047e+01, 8.674347965795300e+01, -8.208643177123714e+01, 1.135337263536019e+01, -8.052685936796053e+01, 1.193656290609317e+02, -3.827686412014410e+01, -7.330720859222521e+01, 2.299823533396130e+01, -6.021176595017761e+01, -7.513583644130556e-01, 2.224148705863121e+01, 6.142806062200393e+01, -2.024864123554024e+01, -1.387579674293989e+01, 1.765001340000373e+00, -1.519340284818819e+01, 1.154656783804353e+01, 9.457197156245893e+00, -7.219839747053054e+00, 3.004911326730512e-01, 1.187416839793645e+01, -3.197899528542411e+01, 8.204937663368155e+01, -8.420325369892392e+01, 2.704868003650535e+01, -3.361299783323503e+01, -3.003661953836217e+01, 9.278267953932243e+00, 2.479885872845176e+00, 1.133360819331939e+01, 4.479169880068894e+00, 3.168016511223551e-01, -2.832504281748675e+01, 1.198358676275982e+02, -8.937833346092354e+01, -2.834223620391457e+02, -5.597038631635616e+01, 1.131138355973009e+01, 1.182456829185767e+00, -1.298966608871605e+01, 6.773335945356489e+01, -3.638057122545653e+01, -3.848306649809031e+00, 8.272511140878667e+00, -1.035320204496192e+01, 3.942913638207590e-01, -1.743854406345920e+01, 2.682960656099606e+02, -1.332020778044928e+01, -1.024233326428206e+02, -3.811531007541407e+01, 5.520297399351320e+00, 5.429914965874420e+01, -2.738725430896571e+01, -9.263801699352570e+01, -2.808141715345331e-01, -7.490580843902357e-01, -1.834017316321006e+01, 3.531375430302110e+00, -2.818582575422911e+01, 6.948764123246141e+01, 1.902222018220294e+02, -3.642975592369994e+01, -7.373725394699721e+01, -2.271146659840393e+00, -5.134942290706416e+00, -5.231619907543811e+01, -1.441730380770133e+01, 1.514361107072026e+00, -1.298406566686443e+01, -6.346077698549091e+00, -4.669297575501648e+01, -1.621762646249820e+01, 1.221686459232411e+01, 1.610914250004605e+01, -5.991005228827768e+01, -1.514811474446918e+02, 1.160646283613639e+01, 3.523106786287616e+01, -3.491172009325951e+00, -1.482699001132025e+01, -1.828496271910199e+01, 4.158303926052022e+01, -2.671129573992210e+01, 3.498760672393903e+00, 2.058209993619466e+00, 2.097890805502821e+01, 8.674295761462732e+00, 1.651089855776123e+01, -7.979053825777246e+00, -6.057574975614189e-01, 1.000886955732187e+02, -1.823461054960881e+02, 2.245687347375054e+01, 2.190639215414523e+01, -1.817801923016579e+01, -1.117903132442686e+01, 7.295907823803661e+00, -2.521242953464327e+01, 6.236014790957678e+00, 1.030449463652229e+00, -7.006761176777218e+00, 6.780791232510170e+00, -4.372483450994702e+00, 2.577888061896190e+00, 6.001107050905837e-01, 4.585070321337745e-02, 3.240345063027175e+00, -2.818880146693407e+01, -3.129980507066069e+01, 5.008723363945162e+01, 9.436881513165055e+00, -3.495639671045821e+01, -2.472478282815074e+00, 2.615428754532126e+01, 1.689217269051318e+00, 1.419161787075542e+01, 1.792669376122612e-01, 2.755941072656181e+00, 2.968781504607608e+00, -1.120084831189537e+01, 2.738349672778852e+00, 5.287507871829577e+00, -1.607377790375178e+00, -1.939968997680984e+00, 5.907484375957667e+00, 2.339321819097134e+01, -8.054772781902814e+01, 2.011814559803623e+01, 5.753428108120911e+01, 1.985628437623738e+00, 3.184701606759768e+01, -2.671348591151769e+01, -3.703953760833883e+01, 7.651406154971956e+00, 2.385251652951473e+00, -2.298303039412702e+00, 7.125020709180486e-01, -3.087133372655141e+00, -4.049968989844460e+00, -1.541877223294123e+00, -2.202716076361724e+00, 3.919361108320830e+00, 2.701427940398373e+00, -1.261414624301967e+00, 2.594414687016115e+01, 1.434231975832518e+01, 2.596938199639624e+01, -2.164158772528323e+00, 1.992252192981831e-01, -7.552916452886537e+00, 2.238197612967209e+00, 1.258721145145732e+01, -4.620663996446739e+00, 1.056662208253267e+00, -3.245553140455887e+00, 1.390476321616815e+00, 2.192519260683450e+00, -4.760634302542162e-01, 9.213968342072403e-01, 1.091754583357483e-01, -7.652040026119871e-01, -1.038499567548507e+00, 4.884600137235564e-01, 1.099697551348606e+00, 1.069584618001537e+01, 2.279900328507905e+01, -7.152257057001920e+00, 1.436982747823062e+01, -5.180087867650656e+00, -7.913216387282477e+00, 7.178626747529942e+00, 2.248094697994253e+00, -5.381954906427670e+00, 3.017247234400112e-01, 1.597673727441782e+00, 6.564631980293146e+00, -4.010963169826781e+00, -1.919140224834041e+00, -3.904039691686720e+00, 1.690685932447700e+00, 4.027320467424578e-01, 4.431870987570780e-01, 1.879340450675620e+00, 1.190396584445658e-01, 2.237524751434878e+00, -5.451788259183450e+01, 2.009296814015794e+01, -2.639255070894806e+01, 1.773635178879072e+01, 4.412766878681110e+00, 9.484986175981405e+00, -7.335863365600548e+00, 2.100418120924696e-01, 6.569494290378908e+00, 3.511866369663996e-01, -1.683101355088349e+00, -2.817540874807208e+00, 1.409404008484944e+01, 4.616615912380923e-01, 9.919638561484966e-01, -5.740846327752991e-02, -1.088044731166589e+00, -7.380634055643894e-01, -1.714258185438604e-01, -5.040690854864681e-03, -1.597795742560921e-01, -1.040596412237676e+01, 1.134748579068273e+02, -3.538076093867140e+01, -9.730396514105259e+01, 1.735709506659601e+02, 6.748504726389021e+01, 4.762884277066689e+01, -8.484405100243164e+01, -3.829582877193508e+01, -4.268456754573702e+01, 1.209816446911327e+00, -3.584740687579605e+00, 3.734203106982923e+01, 1.428554918670824e+01, 7.356183926404512e+00, -3.067113526289661e+00, -4.444640323356039e+00, 4.021527963289345e+00, 1.476147972120003e+00, 2.913650765269559e+00, 5.614858004478283e-01, 9.782973077171198e-01, -1.237484505819384e+00, 3.263964284498437e+00, 1.607369374706714e+02, 1.050095232303810e+02, 1.457700393342755e+01, -1.484961886896706e+02, -3.056836416122580e+01, 8.962040141799699e+00, 1.724164916914920e+01, 3.210086917555550e+01, 1.386893684072363e+01, 4.586209470587558e+00, -1.762920093957828e+01, 5.133854726522124e+00, -1.355320919195227e+01, 1.886043416317337e+01, 6.786906212384237e+00, -3.230728661330873e+00, -2.119155454561402e+00, -2.609832513765542e+00, -7.688058960205920e-01, 2.526128779902977e+00, -1.306261272031152e+00, -7.175697322416535e-01, 6.744661956749132e-01, -8.427779555674174e+00, 6.722262720721837e+01, 1.204629621942532e+01, 5.979208639523070e+01, -2.020752350866368e+01, 2.308525657828636e+01, -3.897424755320130e+00, 5.943980245841138e+01, -2.081613981501386e+01, -9.981496770103159e-01, -2.898483392688264e+00, -2.723515036075514e+00, 1.227649210483878e+01, 1.475341027638293e-01, 4.176929032612621e-01, -6.249282040854975e+00, -3.331303264185256e+00, -5.087223509758648e+00, 1.042568023518374e+00, -3.489328874588307e-01, -1.088793966577047e+00, 3.944950772913609e+00, -8.983593361586123e-01, -1.211957359442809e+00, 1.365668413926261e-01, 1.021736041901695e+01, -4.907968620442612e-01, -2.044270680695190e+01, -8.598883369749024e+01, 1.672741293739075e+01, -3.952689416196959e+01, -5.194664066874946e-02, -1.655952580763005e+01, 3.736212697880902e+00, 1.991973235420748e+01, 3.609689414443335e+00, -1.486135985200530e+00, -4.991829993406746e+00, 1.229758797773394e+00, -6.610236168196742e+00, 5.938565838192329e+00, 4.736895424244953e-01, 4.135726927475605e-01, -3.470195134628818e-01, -1.289037327437426e+00, 3.593821311130986e-01, -6.994677491247225e-01, -2.167544662313811e+00, -4.211273395095235e+00, 7.286017721449245e-01, -1.261369888641038e-01, 4.525561631387203e-01, 3.607916875912846e+01, -4.113082487184442e+01, 8.876708643681552e-01, -2.470056194505153e+01, 3.037255916109930e+00, -1.186262454372322e+01, -1.405525077985531e+01, 1.897566515520362e+01, -3.352900123647993e+00, -3.888036963999034e-01, 2.787150605738390e-01, 3.100578556296978e+00, 1.289773921146081e+00, 9.798807814129918e-01, -8.513779009148268e-01, 9.580277577345665e-01, 7.082842158101231e-01, -5.333344687954787e-01, 1.253160862204417e-01, -6.224266254366341e-01, 3.950245126447973e-01, 2.684550958134079e-01, 2.096912129004321e-01, 5.308173387940346e-01, 6.503197831346795e-02, -8.034643212917862e-02, -1.228590043205442e+00, 9.097063981932592e+00, -1.354335927465434e+01, -2.438672400207821e+01, 1.081887975756372e+01, 9.412512577492656e+00, 3.317537941806146e+00, -1.181288467549177e+01, 9.974623434546155e+00, -5.908949880949574e+00, -2.398675805398612e-01, 7.665279332436877e-01, 9.216541982815350e-03, 3.111579562255069e+00, -8.101485155268342e-01, -1.605573254435519e+00, 2.149394962195635e-01, 1.057759928832170e+00, -1.443924557040144e+00, 3.689911652159666e-01, -1.728684819045632e-01, 1.878358342609882e-01, -4.492390694490098e-01, -1.457331377155147e-01, 6.063061886108141e-01, 2.591372437334863e-01, 1.006953580178968e-01, -3.293399847745746e-02, -1.452569377020183e-01, -1.520094816372396e+01, 9.790938081846244e+00, -3.471710867798782e+00, -5.908170856370843e+00, -1.009100880525710e+01, -2.741513136849120e+00, 8.268402606019482e+00, 1.157032290820217e+01, -5.366406524910109e-01, -7.064165731084635e-01, 2.730158142386215e+00, -4.276060666291585e-01, 6.137493224455617e-01, 6.195603519039501e-01, 9.371197848814964e-01, 6.855220372774988e-01, -9.005696871353458e-01, -1.207320632782174e+00, 3.650628372381129e-02, -1.586833041605430e-01, -1.973329145869549e-01, 3.387769532438193e-02, 1.536267283369076e-01, -2.425679409059133e-01, 2.915407237838264e-02, 8.858139379520968e-02, 3.924276594886408e-01, 1.704866712628030e-01, 1.183662560953706e-01, -1.102409299216894e+01, -9.564566207691289e+00, -2.521102456586627e+00, 1.356849873910633e+01, -5.133597140315713e+00, 1.059122311836634e+01, 7.134312746045954e+00, -1.156011364799137e+01, 5.177849676499751e+00, -2.960187400752943e-01, 1.627031613507571e+00, 8.340336105628179e-02, -4.245696045103896e-01, -5.262614004822895e-01, 5.016265622523312e-01, -6.749750075900869e-01, -1.874050989199579e-01, 6.626574891930682e-01, -4.984728025177496e-01, -3.171340306319324e-02, -1.519517514443633e-01, -3.132016036758036e-01, 3.899733275323351e-02, 9.503372976364845e-02, 1.580678567467486e-01, 1.548159710128454e-01, 3.180522526335809e-02, -2.082775004901138e-03, 8.566134349239733e-02, 5.012701716468054e-01, -6.046336720944978e+00, 6.410806789558151e-01, 1.129770989512213e+01, 2.369825176522785e+01, 6.292405810617666e-01, -1.239814446303446e+00, 6.723540020051668e-01, -2.382437647126897e+00, -8.823943161220960e-01, 2.268975441319730e-01, -1.455290590712740e-01, 5.949587226173241e+00, -3.649134429514050e+00, 4.115420030222040e+00, -3.300679354098485e+00, 2.520718887974046e+00, 2.914281740360756e-01, -1.063859882694905e+00, -8.504570295470680e-02, 1.216705476824630e-01, -1.074645097678265e-01, -1.367145193575630e+00, 1.714037755058168e+00, -2.824951216459211e-01, -2.286595685450748e-01, -9.050234108629526e-01, -1.213714542108210e-01, -4.017777929464019e-01, -3.184456052414169e-01, 1.302311658352682e-01, 5.136686695832848e-02, -2.592316688359340e+00, -1.385333042257234e+00, -2.319328136590328e+01, 8.404862947569390e+00, 4.494047768256702e+00, 6.642964866167834e+00, 6.681909379314383e+00, 2.063570499177756e+00, -5.836747894516093e+00, -1.324819567551450e-01, 1.002115989012029e+00, 1.321073653981800e+00, -1.225139265165854e+00, -1.239720344827026e+00, 5.678167155907321e-01, -1.462204350222965e+00, -1.618865926112125e-01, 5.041613954370204e-01, 2.182858109264484e-01, -8.693470299273873e-02, 6.152229576617581e-02, -1.532288451264324e+00, -3.158263467181254e-02, -6.766266158251506e-01, 2.768094692308123e-01, 2.900245169205797e-01, -4.013674552377463e-02, 8.811902339378519e-02, 4.035678260817211e-02, -6.110244991765691e-02, -3.441527545527408e-03, 2.099655099895504e+00, -5.413174780389632e+01, 2.151790940140518e+02, -1.723527555825395e+02, 3.393646067681095e+01, 2.080631622992138e+02, -7.974831494702116e+01, 2.819638382011015e+01, 1.256294250429982e+01, -3.565660274818426e+01, 7.691554275354594e+00, -1.204957999961910e+01, -2.545824811050604e+01, 1.516779327184730e+01, -8.998005767288848e+00, -1.452028959072313e+01, 4.567257210749436e+00, 2.999003877889938e-01, -1.324854419547996e+00, 3.578051419830969e+00, 1.174992634212670e+00, -1.224223884901850e+00, 2.849120790070439e+00, -4.308851912159941e+00, 3.005579987605758e+00, 2.610538811504361e+00, -4.115831856873594e-01, -1.110045875059067e-01, 4.902115448054589e-01, -5.867700499961074e-01, -7.981761185425735e-01, 9.967444127232807e-02, -3.786470824105855e-01, -2.887084483027884e+01, 5.602234965108850e+01, -8.547999611580816e+01, 1.037622300818524e+02, -7.412243423754015e+01, 1.097093596980417e+02, -2.050652940789373e+01, -4.196869375881559e+00, -7.148982339892359e+01, -1.346041711807287e+01, -2.444023904671996e+00, -1.576230675287464e+00, 9.026885491663696e+00, 3.292292796001939e+00, 8.731488892280723e+00, -7.476969084360831e+00, -3.904358402938794e-01, 1.016758838677955e+00, 4.133994962724437e+00, 2.768523163405870e-01, 2.584308033673237e-01, 3.029193938635521e+00, -1.897612465395632e+00, -3.380184886301474e+00, -1.873940786422104e+00, 2.094265121770935e+00, 3.383905857014041e-01, -2.442874323281981e-01, -5.569792509964717e-01, -3.423688866536167e-02, -2.906812320581742e+00, -1.985917567648139e-01, 6.308490410313047e-01, 3.136544523815770e-01, 1.223881659043156e+01, 7.644619912851428e+01, -2.375373549165911e+02, 1.512056828002657e+02, -5.410584056646033e+01, 6.856960012385359e+01, -1.349969612383214e+01, -8.703031787463850e+00, -1.065450193410346e+01, 1.253611122461116e+01, 3.779303076654581e+00, -7.759781956010759e+00, 1.119476462334658e+01, -8.117032784478846e+00, 2.801832718008684e+00, 8.100459640910522e-02, 1.698321303096181e+00, 1.370410115932983e+00, -7.789593185153568e-02, -1.241319228854670e+00, 8.135004371744871e-01, -5.445728385718349e-01, -3.651184357038820e+00, -3.273398890514275e-02, -6.511055341828311e-01, 5.957318369070679e-02, -1.774121782276741e-02, -1.282844546121035e-01, 3.108709669777985e-01, 2.621642540404662e-01, -2.605915249187730e-01, 1.047828403785962e-01, -2.999164375710774e-01, 1.910515568813123e+00, -2.869286092020142e-01, 8.162563621111049e+00, -1.526674907538868e+00, 5.078564470877044e-01, -5.561430713673556e+01, 5.706206868166588e+01, -2.655400039439945e+01, -1.008445067847907e+01, -9.485171337683074e+00, 1.251782279712694e+01, -3.457616759290147e+00, 1.720663777358712e+00, -7.997862759779530e-01, -1.987068933626004e+00, 3.576378380718980e+00, -6.380335427501605e+00, 1.813147435786640e+00, 2.073332897784467e+00, 8.131725833836504e-01, -5.852337069605529e-01, 9.496446760637524e-02, -3.992665030078249e-02, -7.603167935873307e-01, 2.563507531986164e+00, 4.042940683322920e-01, 1.097391784018443e+00, -1.964546486209814e-01, -3.163751951612969e-01, -4.473316535326048e-02, 1.191227616183134e-01, 4.866847474101847e-02, 1.193320354856253e-01, 1.797949736097378e-01, -2.260707380665081e+00, -3.851646037892597e-01, -9.468495912250884e-01, 4.594500574598409e-02, 1.964924278676986e+00, 1.658819934881848e+00, -5.695456309343891e+00, 4.955743831439477e+01, -7.557368707362853e+00, -2.995001389158061e+01, 3.311695905013194e+00, 1.186982622354101e+01, 2.806550985393156e+00, 1.609670456229177e+01, 1.423721090662967e-01, -1.685257315673062e+00, -1.621192715438379e+00, -4.668386740435390e+00, 5.084450170607935e-01, 1.969581540140221e+00, -5.681070146108856e-03, -1.506187468063096e+00, -7.193699429721668e-01, -9.995289348004183e-01, 1.591927379033078e-01, 1.439246316550642e-01, 2.774106914567558e-01, 3.624476713445278e-01, -4.759085716964994e-01, -8.839704378028973e-02, 4.747324982528844e-02, 2.750895624528742e-01, 9.455548322470320e-02, 9.478880409715168e-02, 8.824266077474045e-02, -8.448256831652007e-02, -1.473412740295639e-01, -3.562411853359139e-01, -1.869727690857478e-02, 2.724457324415794e-01, 3.161395952556238e-02, 3.293470420871154e+00, 1.246541812423283e+01, -3.425950913986028e+01, 3.892033993068594e+01, -3.190414883344596e+01, -1.817181766032880e+01, -4.199925307756708e+00, 4.687685726608369e+00, -4.149767207228031e+00, 6.474029511040928e-02, 5.887375332875483e-01, -1.742270848836690e+00, 1.883326788459307e+00, -3.936148817125005e+00, 1.668287630656404e+00, 1.876031547276367e+00, 2.963121888782068e-01, -5.997778058788430e-01, 4.004262159071348e-01, -6.019135373630156e-02, 2.969728855775442e-02, 6.395942140054588e-02, -1.395905433264085e-01, 4.333497317200848e-01, -4.858399089577047e-01, -1.687499298530290e-01, -3.966281017689698e-02, 1.230152548007360e-01, -1.157018631673127e-01, -4.946376330336203e-03, -1.352700503966170e-01, 7.868206645325722e-02, 2.554890761624808e-01, 7.631773505232744e-03, 9.061057974905806e-02, 1.037200046606336e-01, -7.815002393100477e-02, -2.796306251824688e-02, 2.611873031407275e+00, 6.678793638173961e+00, -1.683442059708224e+01, 1.403569567612805e+01, -6.939616191109665e-01, -2.883201085272524e-01, 4.754284611258803e+00, -4.359757970615763e+00, -2.488976236576533e+00, -1.365991070789520e+00, 4.037152274536806e-01, -1.718193710673040e+00, 6.521366284735787e-01, -1.834560544903347e+00, -5.382627262771580e-01, -1.225085642284142e-01, -4.648777106876208e-01, 2.752842742019530e-01, 1.470455062196394e-01, 1.233160284151291e-01, 1.634964364850046e-01, 1.377128192923703e-01, -1.339038114841409e-01, 2.240690281904568e-01, 4.172889143900751e-02, 9.863476190410583e-02, 4.949156247053439e-02, -6.230127099082415e-02, -6.056243989270049e-02, -2.821221098616556e-02, 2.647704767893549e-02, -3.375135814832630e-02, -1.744006663242038e-02, -3.662918308675955e-02, -1.496620364840026e-01, -3.012348098907051e-02, -1.135232633054303e-02, 4.522574006594717e-02, 6.562787231625567e-03, 4.380690221414898e+00, -1.637238317767746e+01, -2.163450176250183e+01, -2.478569169412289e+01, -1.855286027600380e+01, 3.445567097389921e+00, -8.936759297306757e+00, -2.261374318201304e+01, 9.233928201252214e-01, -1.453124551325179e+01, 5.530707032104947e-03, -4.888953240210501e-01, 6.262482924846335e-01, 2.836164798130316e-01, 2.127306447824256e-01, -1.872031930299870e-01, 6.317469674483237e-01, 1.073836494564183e+00, -3.381498765069708e-01, 6.926280447746191e-01, 2.612234112906180e-02, 9.298913011375207e-02, 5.345681097731930e-02, -2.951456543180419e-02, -9.942830146506031e-02, 4.413691617139444e-02, -6.882122916418319e-02, -6.022745958677335e-02, 6.993253322872577e-02, -1.135837289619318e-01, 1.114828684032363e-02, -9.814529225209931e-03, 3.578305214217188e-01, -1.114846581530125e-01, -1.020309727074722e-01, -5.118640673827505e-02, -5.700272606338848e-03, 2.890545695021410e-02, -7.399853447874283e-04, 2.302033285595005e-02, -4.046145683804856e+00, -3.226476824676195e+01, -2.314470622012756e+01, 3.735144625769340e+01, 3.480018916237904e+00, 1.824258532806320e+01, -6.424526316070377e+00, 4.692951514969503e+00, 3.327832896198163e+00, 8.923469784134614e+00, -4.008969649198527e-01, -2.648315037526816e+00, 1.536034932931722e-01, -2.132602501792420e+00, 1.270116771046838e+00, 1.707394121349854e+00, 2.291047574636687e+00, 8.186267100168690e-01, 8.896143956687226e-02, -2.186190768975524e-01, 5.758354241591091e-02, -2.411514768454929e-01, -5.079943019608648e-01, -6.811969358607355e-01, 4.170816752559301e-01, -4.449670078018989e-01, -2.148000386968752e-01, -2.547771101551641e-02, -1.414889223248758e-01, -1.434329908969926e-02, 1.271956242260283e-01, -4.341799435336730e-02, 1.505939096547918e+00, 2.696514772879067e+00, 1.495203075394183e-01, -5.958269584981025e-01, 3.715288226139277e-01, 1.328736601372026e-02, 1.786685930023232e-01, 4.370641026742399e-03, 8.906839904112115e-02, -6.634363480253483e-01, 2.761796433790015e+00, 7.157215590821928e-01, 7.665442754016262e+00, 5.074421037343888e+00, -1.509961780299617e-01, 2.079521693114366e+00, 1.631517873184957e+00, -5.307089430995269e-01, 6.235290489304062e-01, -1.943349760581229e-01, 1.563780863003398e+00, 9.934625625104907e-01, -7.794138269013891e-01, 7.321521956303901e-01, 2.332870280266361e-01, -8.671455843819764e-01, -5.920257141394052e-01, -1.321164987357435e-02, 2.593418893491609e-01, -7.265105543866295e-02, 1.721024189161749e-01, -1.282326132174764e-01, 9.120807217714605e-01, 3.950712991314566e-01, 6.500112394301019e-02, 3.354234931543434e-02, -1.879299357761615e-02, -5.584018801256915e-02, -3.085662374252270e-02, -3.779017142665701e-02, -1.669168652904571e-03, 5.622316735441237e-01, 2.320175921048234e-01, 1.927570511755541e-01, 9.971866049915769e-03, -9.510271252747929e-02, 9.180112279614643e-03, -7.748289931842399e-03, 3.798792282073021e-02, -3.994283147453933e-02, -2.299804822862310e-02, -5.655408907958602e+01, 2.712986275343479e+02, -1.402942453740139e+02, 1.808535365407820e+02, -1.763245935349993e+02, -8.825550618294615e+01, 3.398627995917673e+01, -5.306480096507533e+00, -5.938993495097490e+01, -3.664079973952501e+01, -5.392594396207755e+00, 5.513073263444151e+00, 1.075310615388980e+01, -3.573314993284227e+00, 2.192320771433184e+01, 4.242459519096605e+00, -1.505813633475897e+00, 5.794546543896707e-01, 5.314052509833744e+00, 2.324847839735561e+00, 9.373712505699804e-01, -4.447302464853067e-01, -1.071642568774868e+00, 5.751432891186831e-01, -4.102142732635284e+00, -1.838793781033065e+00, -9.424078432060997e-01, -9.176878356059515e-01, -1.384863969180737e+00, -3.721286109842583e-01, -3.573727218381252e+00, 8.766727515076979e-01, -1.036342102237855e+00, -8.586128196162910e-01, 1.198083463707959e+00, 1.885042806951214e+00, 8.067496576206695e-01, 3.217419748368786e-01, 5.089681749072642e-01, 8.335836008312665e-02, -2.847014890097648e+00, 2.240484066948742e-01, -5.480774856254634e-02, -4.463096428603745e+00, -2.046268014613234e+01, 4.695890569546682e+01, -1.610994334524048e+02, -5.275370703415404e+01, -1.753382853940301e+02, -6.962236573845574e+01, -3.538238436885178e+00, 3.373380451249654e+01, 1.249970341621384e+01, 5.928303543715791e+00, 2.901825567476920e+00, -1.735199589855208e+01, 6.429313090431887e+00, -2.206871266618515e+00, 9.527119329707000e+00, 3.460699122158402e+00, -8.924506998817825e-01, -2.740770077899450e+00, -4.647363332361371e-01, 3.872161946957744e+00, -4.630116041033236e+00, 4.961938219322697e-01, -2.495947476578432e+00, 2.524172342832015e-01, -1.434849983008507e+00, -6.608318193349398e-01, 9.421797091636687e-03, 4.836738311741556e-01, 8.600019424809393e-03, -2.715722496145935e+00, 1.837124252908824e+00, -6.096355337244541e-01, -5.403764321991564e-02, -1.116350032402000e+00, 4.949834885895313e-01, 8.825592552455473e-01, 4.031716331018832e-01, 2.020512664013655e-01, 1.267045628722526e-01, 1.196981947030898e+00, -9.415343964416263e-01, -2.385573228198227e-01, -2.749456064009784e-01, -2.468092587109167e+00, -1.771133436292664e+01, 2.529219284497079e+01, -5.738547541235489e+00, 3.939412459593944e+00, -6.664969656091124e+01, -5.076169139287569e+00, 1.303669235883739e+01, 5.733495602213600e+00, 1.092123248840829e+01, 4.671544331945912e+00, 5.085414305665513e+00, -8.727147749623176e+00, -2.043205921291973e+00, -2.909131910193220e+00, 3.467852107182451e+00, 5.297444652885707e-01, -7.268460499992766e-01, 5.723885966532669e-02, -6.881420784839137e-01, 5.203877121392448e-01, -2.435824028698460e+00, 1.871654090175947e+00, -2.785410057195250e+00, -1.161805260568644e-01, -1.553919778119572e-01, 2.055346911894264e-01, 2.032631008100888e-01, -7.193076004595395e-02, 1.012864131608440e-01, -3.551446428836715e+00, 1.458114355545196e+00, 1.396107370788011e+00, 1.019521967611436e+00, 1.286214604249807e+00, 1.700913869397990e-01, -1.569158309218158e-01, -5.987957510338322e-03, -2.037859575676252e-02, -7.527936723743668e-02, 9.285084106773057e-01, -1.276179269869766e+00, -1.633849821099472e+00, -9.353146826224442e-01, -6.060607640992117e-01, -4.209248175329278e+00, -1.877227826411051e+02, -4.382425218916055e+01, -6.501227431075125e+01, -6.460276241072189e+01, -2.247731085788466e+01, -1.030325214399345e+01, -6.183175892037904e+01, -1.988872696988544e+01, 9.718031180664116e+00, -3.526591484561921e+00, 6.338884063525755e+00, 6.623216252826928e+00, 2.890200191684889e+00, 9.368311469103537e+00, -1.178885872879385e+00, 7.402841723797331e-01, 2.989646889548691e+00, 3.375219129108247e-01, -1.414845345884486e+00, -1.567537812862278e+00, 1.711692540405127e+00, -1.198867164187175e+00, -4.372828735709272e-01, -1.852471327001700e+00, 1.525370821319498e-01, -2.929907808120988e-01, -2.578302859525454e-01, 4.241487616921657e-02, 2.719916378305610e-01, 3.092538391529096e+00, -9.285028791410486e-01, 9.110937464120730e-01, 1.382140355622863e-02, 6.080805304715835e-01, 2.222529475287763e-01, 2.204603169201531e-01, 9.139679410804528e-02, -1.827904126287179e-02, -9.542503056183105e-02, 2.123858285048008e-01, 8.871996798348092e-02, -6.909613912054849e-01, -2.286560914170055e-01, -3.387716977658257e-01, -7.917579766276746e-02, -3.109254569260964e+00, -1.544790361839189e+01, -2.256264554858683e+01, -9.406585520751355e+01, 5.857618322690988e+01, 4.146169927457127e+01, -2.761349193891736e+01, -2.833990925512250e+01, 3.344190799381774e-01, -7.776041649932433e+00, -1.626721448220356e+00, 2.035478490213636e+00, 6.024818517316015e-01, 6.210437197492638e+00, -4.278022620651901e+00, -3.540582916157796e+00, 1.845723053339457e+00, 1.252928417402177e+00, -5.924222028746546e-01, -1.223308444299974e-01, 2.602646571115799e-01, -4.809782399112009e-02, 7.587426655732886e-01, -9.393937351262581e-01, 1.006110173454278e+00, 3.615278895952175e-01, -2.702234122309565e-01, -6.845723647247179e-02, 1.532004943925156e-01, 1.389371244759957e-01, 4.593451866856367e-01, -1.456817051820935e-01, -9.425234325920082e-02, 4.964305192105907e-01, -4.769057562609491e-01, -1.809040117108014e-01, 1.897081086402709e-01, 7.848736596045907e-03, -2.461892018105246e-02, -5.937942910436270e-02, 4.903409868297735e-01, -3.625303199866502e-01, -2.820020266122676e-01, -2.485367028370236e-01, 5.726177926216515e-01, -9.858972747081099e-02, -2.778963973144338e-03, 2.030298677623600e-01, -4.146777626479742e+01, 3.952636609464031e+01, -4.815408314665093e+01, 4.223011124192117e+01, 1.730718588407276e+01, 2.489908405883195e+01, -1.239197697117866e+01, 8.868314763203085e+00, -1.774088398597293e+01, -1.115298424856517e+00, 3.819062737725358e+00, -3.365638206047511e+00, 3.092642579819257e+00, -2.464358199533376e+00, -1.197331577415269e+00, -1.206757290119893e+00, 9.373792061324167e-01, -7.915490826936662e-01, 9.969252145116537e-01, -1.848360669856670e-01, -3.568824730744770e-01, 7.254055121769756e-01, -4.806244252793932e-01, 3.186094980852998e-01, 1.629163390703357e-01, 2.534031736267401e-01, -7.197917813578651e-02, 2.004730134207813e-01, -6.286527152210832e-02, 2.551027985539043e-01, 1.391556397944112e-02, -1.106041410769265e-01, 2.538321018571457e-01, -2.516639932898750e-01, 3.360132768790342e-02, 3.172045423932556e-02, 4.617522232810096e-02, -1.643776339601820e-02, 2.193951783322236e-02, 3.413979558062327e-01, -3.648975331065315e-01, -1.786522209918894e-01, -1.522768918874471e-01, 2.096262565787652e-01, 6.360365058626852e-02, 2.014488000099882e-01, 1.576137720277202e-02, 3.519138072694334e+00, 4.621140136813716e+00, 5.891609808347177e-01, 6.751360148391975e+00, 1.231011424473512e+01, -1.678144555909551e+00, 1.611755274596355e+01, 5.273665599815091e+00, 6.305418529228162e+00, -3.476664788539348e+00, -7.844467544278838e-01, 8.558949695949492e-01, -4.271016629764949e-01, -8.229171057459390e-01, -7.893569302486894e-01, 7.743236020081882e-01, -2.687908080037112e-01, -3.045118567206774e-01, -4.113937842561285e-01, 3.029058754840796e-02, -2.850888331879969e-01, -4.264071943446479e-02, 3.899029784535269e-01, 8.019898841557327e-02, -7.240683664080404e-04, -8.609987361933659e-02, 9.343573438940403e-02, 1.641843051775627e-01, 1.254005967846628e-01, 4.535891438543011e-02, -8.904002536261632e-03, 1.819791079837573e-02, 3.390496790017371e-01, -4.923706856598736e-02, 5.371072001548972e-02, 5.794979944899059e-02, -2.620088169681747e-03, -6.957735746116264e-02, -4.423809114249146e-02, -1.533822316346186e-02, 1.982996069559389e-02, -1.002640002974187e-01, -2.780447078300671e-01, 3.388274662679495e-01, 8.058906212537034e-02, 1.008687484658429e-01, 5.713411327203891e-02, 1.134593652120986e-01, 2.627146530799266e-02, -1.460908233111079e+00, 1.262834305359059e+01, 2.325589822246068e+01, 1.550426292731834e+01, 3.315324957519366e+01, 6.011425083586667e+00, 1.229689724419547e+01, 2.956115119193797e+01, -6.730263319913058e+00, 8.611627999289801e+00, -2.653554416917377e-01, 1.921882743642281e-01, -9.711429146328490e-01, -6.376666852687679e-01, -1.421395099135367e+00, -1.462535010308705e-01, -8.054610888372703e-01, -1.360716740751889e+00, 5.974182353161789e-01, -4.425732020961857e-01, 3.388890780559940e-01, -3.487023938067145e-02, 1.391059190475215e-01, 2.613696853840274e-03, 1.342959019536102e-01, 8.762558760252906e-02, 1.639003548471703e-01, 1.591010603488835e-01, -5.515226473095015e-02, 9.207104165131055e-02, -3.899681670019745e-02, -5.363292052501789e-02, -1.822797498584430e-01, 5.497719527586574e-02, -1.998028547259812e-02, 4.820804739963732e-02, 2.955142731025434e-02, -2.641772660648069e-02, -2.851418450920515e-03, -5.950887367551071e-02, -2.134837267087568e-02, 2.073284842051892e-02, 1.468298055029841e-01, 4.209163427618447e-02, 3.520312598065316e-02, 1.148237776113452e-01, 9.366884726858721e-02, 6.001144758130545e-02, 2.063754827455144e-02, 1.997256695985981e-02, -1.279154686275304e+00, -7.616264172349088e+00, 4.944382973235920e+00, 1.442408156561477e+01, 9.357548673443757e+00, 3.119070774506611e-03, -6.562252906557605e+00, -1.292704564494276e+00, 7.033756820551026e+00, -3.562589061415387e+00, -2.240026140143202e-01, -6.173564077532609e-01, 3.937349333903895e+00, -3.985143175682820e-01, 2.112764491252223e+00, -1.288033892911877e+00, 4.632677997089829e-01, 4.027444629920707e-01, 1.475875987538892e+00, -1.007610295968522e-02, 2.345016807842194e-02, -6.736825634574010e-02, -2.188366549649276e-01, -9.686523900876451e-01, 4.926882326980758e-01, 3.840740826639958e-02, 1.263115685003416e-02, -4.631948105565392e-02, 2.399331406929679e-01, 2.677315113213641e-01, 9.012638266281528e-02, -6.762356953778390e-03, -3.302612588962776e+00, 5.411655087097214e-01, -2.066908146121392e-01, -2.625808216837862e-01, -2.828184553280553e-01, 3.825190889625603e-03, -1.933201046657693e-01, -7.659401769673248e-02, 5.950140657935504e-02, 1.633810518557102e-03, 5.119513873065163e+00, -6.550798147978606e-01, -1.262251459183688e-01, -2.514045595282873e-01, -8.409232475497376e-01, -9.191222226041933e-02, 3.271461731666654e-01, 6.204334657491027e-02, 3.056955563821637e-02, -5.314574764811641e-01, 2.152320300521350e+00, 8.486705970822486e-01, -6.948871832697704e-01, -4.647635509851948e-01, 2.288834684500727e-02, 8.635939196180443e-01, -3.308112298771273e+00, -2.704522464137091e-01, 3.379844248794779e-01, -1.298798193011876e-01, 5.706296745734751e-01, -2.323713849885463e+00, 7.051942311777846e-01, -1.189054954475134e+00, -1.178292056124026e-01, -1.029902915133829e-01, 5.093641757364214e-02, -5.111760463664469e-01, -1.994447253825679e-01, -2.097590042814042e-02, 4.818455013610178e-02, 9.273197990584392e-01, -5.043478740629255e-01, -2.781279773539350e-01, -2.772141768504198e-02, 9.633344192494120e-02, 8.137042811217667e-02, 5.961536250119940e-02, -1.118833457475756e-02, 9.260626442933212e-03, 1.758890965815705e-02, 6.466072353840746e-02, -1.310215944982857e-01, -1.742496521541167e-01, 1.518795072470122e-01, 7.048405594846854e-02, -1.282401451437514e-02, 9.696916769266513e-04, -1.262831908191427e-02, 9.375752021822580e-03, -9.368157475500336e-03, -2.813107336036518e-01, 2.658483331331769e-01, 2.638142194702991e-01, -1.804632645689477e-01, 2.439374957490782e-01, 1.206696727327999e-01, 1.183172521344734e-02, -2.614676067910805e-03, 6.020885565956000e-03, -1.744474737587865e-03, 1.369226167032332e+01, -1.001522793088124e+01, -3.609896253910546e+01, 1.174836769374379e+02, -1.021692893438142e+02, -4.877151923699978e+01, 1.534814374536580e+01, 1.364502357288569e+01, -1.582569763029282e+01, 2.212967699562345e+01, 1.476170978150486e+00, -2.911006417849511e+00, 1.254549466102274e+00, -1.323821363785643e+01, 5.418277805165737e+00, 2.817407595234250e+00, -1.249679775408966e+00, -2.502641443305266e+00, 2.116780521742533e-01, -2.859836225955877e+00, -2.214518423124269e+00, 1.053258739087817e+00, 3.954622338428849e-01, 3.351845049036032e+00, -1.430745194794514e+00, -7.808529983931639e-02, 1.162924575363187e-01, 4.933512789981783e-01, -1.074700288661222e-01, 4.803649771591304e-01, 3.299971379294082e-01, 1.449604302356777e-01, 1.274651129585498e+00, -2.877804416392970e-01, 9.697065391841447e-01, -3.364594689820177e-01, -1.387156445576789e-01, -3.359026759078072e-01, -9.235168944753587e-02, -3.062019481497752e-01, 1.617962131941499e-01, 6.796048580065422e-03, 6.269551826890987e-02, 1.205638359551484e+00, -1.311078541669348e+00, 1.302171153791108e-01, -2.241425551817199e-01, 9.077686739483480e-02, -2.886999199563099e-01, 7.714799633655292e-02, -3.540610085260424e-01, 1.044919689239243e-01, -1.375182783420097e-01, 5.279214565106476e+00, -6.235830934752076e+01, 4.559043362753717e+01, -3.793101758466408e+01, 2.609520575125918e+01, 4.156273230865951e+00, 5.433494330764685e+00, -1.168624220870147e+01, -2.268420070598339e+00, 9.825833782618890e+00, -1.335364221270516e+00, 5.812423486538107e+00, 2.615053512758972e-01, 2.926479626672342e+00, -9.498791187277302e-01, -6.526044936804661e-01, 1.560986482424556e+00, 1.471540216549021e+00, 8.563945183356596e-01, -4.791919507095960e-01, -1.628706366542260e+00, -1.284481636550094e-01, 7.840508275513179e-01, 7.389795131054394e-02, 4.204987408714356e-01, 2.804771945489521e-02, -3.713147025503028e-01, -1.324095551911509e-01, -9.474639448938479e-02, 1.588037714636116e-01, 5.913805518452666e-01, 3.089230235701469e-01, 1.080159917426630e-01, -4.977939123659814e-01, -1.624076810095581e-01, 1.743451843517961e-01, 2.728006416495273e-01, -5.491559687606710e-02, -4.141603381778743e-02, -3.766584421352327e-02, -3.118089681551980e-01, -2.405918631714733e-01, -1.350555356813782e-01, -1.217158304085338e-01, 3.450789633321516e-01, 5.406189050496896e-02, -3.829082762378801e-02, 3.545939070784804e-03, -9.464651584709084e-03, 7.040457794922746e-02, 5.730217043192490e-02, 7.885437143378593e-02, -1.826676029162249e-01, 7.228780859492465e-02, -1.486762398859459e+01, -1.569998003140889e+01, 6.905239256089459e+01, 3.836941241623858e+01, 1.643572609210094e+01, 2.699180521473327e+01, 6.614113889908849e+00, -1.022294647919007e+01, 1.110734496051459e+01, 2.163681506997087e+00, -2.988069366095486e+00, 3.302488515905621e+00, -2.637219674129911e+00, -6.455753999319828e-01, 2.044237656582903e+00, -4.620242438837304e+00, -6.059743513716007e-01, 4.601747632603853e-01, -4.556276032671017e-01, 1.985351624652494e-01, -2.993627996095192e-01, 2.909861938622937e-01, 1.241577848642895e+00, 1.319508772629817e+00, -1.723006509911914e-02, 4.576124386312582e-01, -3.004749211222493e-01, -2.205842545483905e-01, -1.092247507926118e-01, -1.176525502238686e-01, 1.845409847547672e-01, -9.818237208386076e-02, -5.683454765992590e-01, 1.245933634087650e-01, 2.635450464080756e-01, -1.611607245931980e-02, 2.309744503655168e-01, 7.841619294719854e-02, 6.816072321818817e-02, 7.053963817709465e-02, 2.987155593880175e-02, -1.628948761320717e-01, 6.273656966679487e-01, 9.135615004896502e-01, -1.236482008295325e-01, -2.680152204845112e-02, -1.703486371592289e-01, -1.802252892152239e-02, -4.974526211742864e-02, -2.032080347003380e-02, 7.064193785028575e-02, 1.848653405708079e-01, 1.106573275529169e-01, -5.243279462872733e-01, -1.791189852003237e-01, 4.118451100336631e+00, -5.246683373590552e+00, -4.820128672387140e+01, 2.049664209117489e+01, -3.470093216806140e+01, -9.056949212921847e+00, 1.210002209675709e+00, 1.382802589694401e+01, -2.468120746925714e+01, -1.343507226514078e+01, 1.613276958584556e+00, -5.262039488684805e-01, 3.742962536996306e+00, -2.101391488737617e+00, 1.546277027949429e+00, 1.174610426997099e+00, -5.658421362748266e-01, -5.350630480211105e-01, 1.949302215909029e+00, 1.383321930192908e+00, 5.899902254453140e-02, -5.835369919246325e-01, -1.363823823000279e+00, 5.138665158651787e-01, -2.349428686538668e-01, -2.852284012942422e-01, 1.467130034784396e-01, -7.589740567502154e-02, -3.381872050137018e-01, -2.772782954823929e-01, -4.905878399095334e-01, 2.670199984302813e-01, 7.857794922903542e-01, -1.860118888561442e-01, 4.937726741639886e-01, -6.635164571637726e-02, -2.054409645006900e-01, -4.100646085533217e-02, 6.795356056324843e-02, 8.415849476753476e-02, -2.600632626436837e-01, 1.766815584089298e-02, -7.897480406455560e-01, -3.353208490724610e-01, -2.439786530808291e-01, -2.192041903555559e-02, 1.012320097867036e-01, -9.457136148226750e-02, -7.374868451479115e-02, -1.133552272839377e-01, 1.411226065544541e-01, -9.483610347514686e-02, 2.151545255370658e-01, -8.199506373869597e-02, 4.696146638399401e-02, 3.898349479829846e-02, 2.915639825349265e+00, -1.952926737043194e+01, 5.364702152241471e+00, -1.912305032527118e+01, -1.672869766862796e+01, -1.307276806182264e+01, 1.152773241613822e+01, -3.443319999357620e+00, -1.035540076444238e+01, -7.237106511007434e+00, 1.381311391924343e+00, 6.552121136863288e-01, 4.535903351806199e-01, 1.447876295982385e+00, 4.147254705657090e-01, 1.332985638425005e+00, -7.591702739749153e-01, 9.667508463936118e-01, 1.116011090878895e+00, 6.128978813175195e-01, 3.194432668180222e-01, -5.825359179950854e-01, -5.216996633997860e-01, -1.754358854406990e-01, 6.952751122682449e-03, -1.775120993868631e-01, 9.274317936170509e-02, -2.528794423108430e-01, -1.797603099209157e-01, -1.073914495307000e-01, -7.149486545197838e-01, 3.256687074011329e-01, 1.807160927239912e-01, 1.091830165535300e-01, 1.585717755161313e-01, -7.623486838859382e-02, -1.294590955381872e-01, 6.290847521181424e-02, 2.724253098655026e-02, 2.734911172933258e-02, -1.530294464752110e-01, 1.555651429663492e-02, -2.820749552334050e-01, -4.121477937147564e-01, -1.111236041194388e-01, -4.637989103111560e-02, -8.039616599069639e-02, -1.768195250416446e-01, -6.350547121647987e-02, -6.862539160891157e-02, 6.574305675221742e-02, -7.157587958511273e-02, 1.736047237624325e-01, -7.234651967335003e-02, -3.069953484554767e-02, 4.456831288557905e-02, 4.182955980584534e-02, 1.856436891127404e+00, 6.811541274808516e+00, 1.631195076896927e+01, -7.392502878608182e+00, -1.686198319449494e+00, -3.569726088295869e+00, 2.679306565812500e+00, 2.922415631095137e+00, -6.951504709281928e-01, 4.454751399644636e+00, 2.045708184596840e-01, -7.079421975346820e-01, -8.530622629972967e-01, 8.571398998199253e-01, -2.405799319508331e-01, 1.534516094661692e-01, -7.395558157254362e-02, -3.569022527539793e-02, 3.238804978512451e-01, -1.929798514794528e-01, -1.571528715520401e-01, -2.642896153841231e-03, -1.566923831390003e-02, -1.520364663408121e-01, 1.659702368824069e-01, -7.359938219601925e-02, -6.041967533996374e-02, -5.995905222417920e-02, -8.762539257484786e-02, -6.955373100192457e-04, -2.606187618560911e-01, 1.134093395240995e-01, -2.088821433290306e-01, -2.676128459805672e-02, 9.668815379622429e-02, -8.263950696519033e-02, -2.858222102413683e-02, -9.957490991562942e-03, -8.193385595993622e-03, -2.244666879060859e-02, -9.509701021998185e-02, 4.433393801697114e-02, 9.486534242165431e-02, -2.175453600756057e-01, -1.520077649811013e-01, -5.267804264322566e-02, -4.209320313691207e-02, -6.148321000207747e-02, -3.293211026701212e-02, -2.598493336741843e-02, 2.217766470509871e-02, -3.239373749145740e-02, 1.712276383817288e-01, 1.240710723537522e-01, -6.871832182726814e-04, 6.981663559159774e-02, 5.345732109062084e-02, 2.200910850322853e-02, -3.482681703120782e-01, 2.052126877780115e-01, 6.388804848835669e+00, -1.178271394064602e+01, -1.039247068844113e+01, -2.388610617557256e-01, -6.914034103036233e+00, -5.858522912053773e-01, -3.690041316078421e+00, 5.943515527251521e-01, -2.840256706252354e-01, -1.492638134483234e-02, -1.203644940775193e-01, 1.197170666537798e+00, 8.253301258209907e-01, -1.078666776647798e-01, 3.245365060870743e-01, 1.073907801610105e-01, 4.181914197292610e-01, -1.293802849054501e-02, -4.342764173519845e-02, 1.310856668359893e-02, -8.832213454801190e-02, -1.501761341932057e-01, 5.070301554901766e-03, -8.321550536083663e-02, -9.939646156565410e-02, -1.029667416645060e-01, -1.006111231632482e-01, -1.029240245089725e-02, -7.806193485202058e-02, 4.391750165260604e-02, -2.497966567629075e-01, 1.234127465128527e-01, 6.823219336397277e-02, -1.523831635951865e-02, -6.126819147141957e-03, 1.370131352975361e-02, 2.914209112963740e-02, -9.777013609930279e-03, 2.134089681308175e-02, 9.507732406965804e-03, 6.910588819059840e-03, -3.259660840381813e-01, -1.464685081323258e-02, -9.707715714910314e-03, -2.824508989897926e-02, -8.535936631031460e-02, -1.707115597687615e-02, 5.999365115908208e-04, -9.290809427321733e-02, 3.092603290491624e-03, 2.332681035166354e-01, 7.821445281570906e-02, -1.420850272102688e-02, 1.985084281042597e-02, 2.565729300647791e-02, 3.735547371102792e-02, 4.354549670545641e-04, -1.230481181510535e+00, 6.231285718294699e+00, 1.011392968271150e+01, 9.311964491684437e+00, -5.130222866572933e+00, -7.670455797176710e+00, 6.631939286283077e-01, 3.824430410080395e+00, 4.680263232355853e+00, 5.238449725231646e+00, -4.546149222522436e-01, 1.796775673776284e-01, -1.706928393068716e-01, 2.877372228967665e-01, 6.684938954507927e-01, 2.550306380258288e-01, -2.481612584049071e-02, -2.406852009819200e-01, -1.028700510075635e-01, -1.487522283919773e-01, -5.631096053200262e-02, -4.238951328333800e-02, -3.045270388081787e-02, 2.804640521008342e-02, 1.339744712616832e-02, -1.314732164045771e-01, -6.746197142155184e-02, -3.718915763902846e-02, -4.584866040329915e-02, -2.652570999024905e-03, -4.944043493613594e-02, 5.485619933802788e-02, -1.108627313546435e-01, 7.120226990632872e-02, 5.644363800892700e-02, 2.273406503293256e-02, -1.826497453224039e-02, -9.079451324148145e-03, 1.007676998570829e-02, 1.308716475193059e-02, 8.994254657444707e-02, -6.628779122257511e-02, -5.959066424202242e-02, -8.025901766914272e-02, 1.022104055983817e-02, -1.576504784391160e-02, -1.917386984843312e-02, -4.154757239988998e-02, -9.406558771819507e-03, 6.965047682257210e-03, -3.386867078456963e-02, 2.323148785332983e-02, 1.306812991464147e-01, -4.109137842053886e-02, -2.943340548365869e-02, 2.290350250877988e-02, 2.439489227132985e-02, 3.014329160121779e-02, 1.061914329858237e-02, -4.413146402718238e-03]
