elements:      [Au]
cutoff:        5.0
pair_type:     gaussian
feature_type:  gtinv
model_type:    4
max_p:         3
max_l:         4

gtinv_order:   3
gtinv_maxl:    [4, 4]
gtinv_sym:     [0, 0]
gtinv_version: 1

electrostatic: 0
mass:          [197.0]

n_pair_params: 4
pair_params:
- [0.5, 0.0]
- [0.5, 1.5]
- [0.5, 3.0]
- [0.0, 0.0]

n_type_pairs: 1
type_pairs:
- atom_type_pair:      [0, 0]
  pair_params_indices: [0, 1, 2, 3]

type_full:    1
type_indices: [0]

n_coeffs: 2980
coeffs: [-1.885566270309377e+01, 3.315989046044218e+01, -5.201165045153822e+02, 8.063170744192810e+02, -1.425330698577879e+02, -2.276659358571697e+02, 1.181695357369835e+03, 6.106983912313094e+02, 1.047536166771504e+03, -3.860677597339774e+02, 5.886664163469732e+02, -1.152691861759457e+03, 1.546890628301534e+03, -4.702076051673315e+01, 1.136279040748109e+02, 8.875614930040453e+01, -1.467194442716168e+01, 2.527800760461431e+02, 5.468502384300739e+02, 2.887677616417185e+01, -1.459677429946753e+00, 2.949053812872114e+00, -7.990904616746066e+00, 3.408929657089658e+00, 3.300435649296592e+00, -1.565463017946330e-01, -4.106070050177039e+00, 7.011960463861350e+00, -2.228854694280316e+01, 2.615131966778614e+01, -1.036192754562864e+00, -6.036816694118403e+00, -4.064233073858161e+00, 1.609735422401825e+00, -1.829925469121671e-01, -6.267516070610835e-01, -2.152083726232596e+00, 4.304668755413528e-01, -1.167244582970116e+00, 2.183349103435494e-02, -5.677024987346058e-01, 3.664076114132799e-01, -1.239815008973385e+01, -2.812506198697948e+00, -4.826933044688400e-01, -3.265414769249980e-01, -1.208476348476277e-01, 1.422152743240639e+01, -3.701080267120388e+00, 8.810615056100911e-01, 6.964844142211868e-02, 6.595175605216561e-01, -1.456160276763865e-02, -3.292559756457591e-01, -3.782573231718615e-01, -7.101065377912105e-01, -4.629665826248853e-01, 3.038960116737981e-01, -9.720773672031145e-02, 6.033728535764354e-02, -3.546340486168892e-01, 1.619202687805888e-01, 8.533165208145368e+00, -3.237506735649033e+00, -2.990507124961882e+00, 1.067040247141300e+00, -2.899674733164735e-01, -1.645998740035592e+00, -1.200209030172083e+01, 7.467858513963001e+00, -1.681005038172994e+00, -1.426329398344557e+00, -1.308516350084305e+00, -9.087396390733524e-02, 4.349199292642250e-01, 6.970510732410566e-01, 7.418918459416833e-01, -4.098185125398197e-01, 2.014230386982496e-01, -6.873707784114666e-02, 3.315988151902855e+01, 1.181695401383596e+03, 1.672481507437186e+03, 6.106980486297862e+02, 1.772614354325986e+03, -1.533886718328872e+04, -1.047536314740168e+03, 1.499232237280280e+02, -5.271929237630238e+02, -4.296009421036524e+03, -3.860676614790937e+02, -3.899513679982624e+02, 3.063332887247804e+03, -1.043303526044523e+04, 2.270960255161096e+03, 5.886663112984189e+02, -3.678520930417029e+03, 6.968085189381817e+03, 1.608016216966403e+03, 1.930838614830479e+03, -1.385767682877305e+03, 1.993597770582259e+00, 1.684776059672414e+02, 7.778123512808178e+02, -5.131696932621836e+02, 3.352157065268376e+01, -7.551825714451603e+01, 2.949053958007463e+00, -1.090175280318516e+01, -6.691605294371827e+01, -3.581861125386403e+02, -6.413332752484999e+02, 1.729782067531610e+02, 1.075364899493775e+02, -4.106055575816094e+00, 4.730797757290247e+00, 4.344904920064828e+02, -3.781431851641578e+02, 8.696790609259219e+02, -3.504825179976447e+03, -5.634092968113738e+02, -8.931907956182320e+02, 7.011953392797031e+00, 2.576996574149902e+00, -5.998860943541455e+01, 4.584680921038089e+00, 5.876997631935657e+02, 1.248236752532847e+03, -1.286825185948302e+03, 1.503311164367200e+02, 1.429669791241253e+03, 2.228857736189601e+01, -4.313628594515968e+01, 2.105725082361876e+02, 1.159406847335290e+01, 6.175240349504493e+01, 9.843644466829340e+01, 1.373446698547235e+03, -1.537102218044734e+03, -2.054429832439888e+02, 1.201457462477888e+03, 2.615131564312856e+01, -3.494954220978887e+01, -5.977431796500220e+01, 4.033291047927865e+01, 9.159413474141880e+00, -2.388212340033537e+01, -2.829300068500975e+02, -1.256000736441740e+03, 6.623896150671550e+02, -6.205442834918447e+02, -1.047126488337655e+03, -1.036179520629262e+00, 6.220126797873855e+00, 3.012575126537330e+01, -3.259974802108421e+00, 1.111666600374804e+01, 8.139260103443769e+00, -2.307366346237640e+00, -1.114531957129078e+02, -2.193342615815373e+02, 2.270233022246745e+02, -2.256192445749201e+02, -1.964279483282407e+01, 1.077387455233452e+00, -9.932235460645187e-01, 3.547056958049414e+01, 8.564771635092674e+00, -2.228165954985749e+00, 1.509628458865971e-01, 3.664075765337405e-01, -1.739485884515493e+00, 2.095761437366006e+01, -3.917986645011068e+00, 5.136057064828273e+01, 1.692337324582567e+00, -1.491888456822905e+01, -5.047767780985985e-02, -5.645820390402498e-01, -1.052282433010015e+01, -5.082688194442724e-01, 1.441487868291648e-01, -2.495322567922704e+00, -1.208463194638110e-01, 1.516023222287763e-01, 1.856224825458616e+02, -1.717837221542895e+03, 7.768111372301377e+00, 2.963274164434422e+03, -1.094750069860615e+03, -1.058191097304559e+01, -4.507496010826520e+01, 5.687779413929940e+01, 1.867796294541920e+01, -3.002478799048285e+01, 3.339792364730622e+01, 2.476808879813672e+01, 1.422152856377477e+01, -2.248543421756274e+01, 5.778389352586463e+01, 2.151606405310863e+02, -5.338660223153764e+00, 1.043447965396975e+03, -1.391774885634305e+03, 6.859067163815942e+02, 1.942249176269936e+03, -1.854435302639203e+01, 1.216495318165619e+00, 3.066671665972298e+01, 8.129245863286249e+01, -2.520302621082477e+01, 1.200239684393842e+01, 3.701079126171065e+00, -9.428889796353814e-01, -8.378778081871451e+00, 1.189481451156295e+01, 2.427113257584771e+01, -1.757741248669195e+02, -1.588558496891332e+03, 1.007018427865221e+03, 3.518544515167284e+02, 8.369081008220772e+02, 1.933881875984146e+00, 1.087756382785707e+00, 3.940386061430494e+01, 2.625818447530928e+01, 1.476443103494971e+01, -3.537019202226442e+00, 8.810627608637396e-01, 1.810789899260763e+00, -2.448646491253113e+00, 4.419885064104930e+00, 2.861869959702448e-02, -5.851234028990859e+01, 8.284971790666349e+01, 4.897707279110402e+02, 1.448211918467842e+03, -5.129275147660351e+02, 5.941443947082015e+02, -3.206954743430475e+00, 4.241151711512848e+00, 2.122282170811899e+01, -3.987625952269490e+01, 2.228327946171734e+00, 1.057575472086158e+00, 6.965450469693635e-02, 4.737791698493551e-01, 1.666243121306668e+01, 1.742253343043622e+00, -6.038769297781720e+00, -7.601096587602578e-01, -8.660112068326479e+00, 6.013002292205088e+01, -2.725796152895734e+02, 1.406794523706819e+02, -2.707609264660558e+02, 2.833192667425052e+01, 1.161355678679676e+00, 4.787695121658742e-01, 1.092439315948029e+01, -2.337712256420846e+01, -1.428410020427433e+01, 3.760444528111311e+00, 2.428544695181866e-01, -1.746811689482676e-01, 3.987567103987062e+01, 2.518177326148094e+00, -6.862417892459609e-01, 1.575642606341307e+00, 1.619202724899768e-01, -2.490784977449919e+00, 4.076039231706519e+01, 1.825218093536369e+02, 1.378352310032454e+02, 2.405327097147052e+01, -4.792135670147576e+00, 5.041591095685104e-01, -1.229661746033478e-01, -7.540617824265715e+00, 3.424828908707911e+00, 2.423804480558990e+00, 2.149612378158170e+00, -2.308918393771766e-01, 1.066626204961953e-01, -2.967751383376467e+01, -9.226091031078862e+00, -4.030798499842764e+00, 4.306637479921400e-01, -2.899676543506816e-01, 2.850951868101479e-01, -7.741208052859272e+01, 4.274410994285974e+02, -1.639952759533117e+03, 9.085922224657108e+02, -9.842063731403545e+01, -3.214677284312806e+02, -2.152671364434222e+01, 2.685193377816983e+01, 3.549664427577079e+01, -9.814322248976076e+01, -1.117544888906615e+01, -6.924526701963580e+00, -6.043147132183521e+00, -1.111948338644005e+00, -5.484408609695524e+01, -3.029882468684039e+01, 1.197472637111116e+01, 7.633225291074089e+00, -1.646002404650348e+00, -7.468641483229463e+00, 5.959792977335028e+00, 3.273693535461417e+01, -3.449586571727285e+02, 2.444824187464668e+03, -6.170660307015976e+02, 8.705153447279484e+01, -4.858985067437382e+02, -3.910891667510437e+01, 2.348535840552102e+01, -8.045375426891168e+01, -6.534045271811802e+01, -2.476513154388412e+01, -2.190474528419918e+01, -4.079503422769883e+00, -7.527954528487452e+00, 3.354026982513432e+01, -1.894561265595184e+01, -4.830175177135207e+00, 1.255909975694939e+01, 1.200209057025057e+01, -3.978854172032237e+00, 2.804100875421078e+01, 1.258244578168986e+01, -1.438686512550169e+02, 3.362652091019829e+01, -2.660613323203386e+02, 3.953473656208800e+02, 3.115378308787487e+02, -7.864151807727704e+02, -2.397349395826220e+01, 1.360204765274270e+01, 2.182304326714695e+01, -4.227507719685984e+01, -1.792122180833353e+01, -9.093594437169683e-01, 1.943892670234073e+00, -4.508277918906519e+00, -9.213243284034046e+00, 1.791897222722526e+01, -3.040091226729035e+00, 4.682469050131861e+00, 7.467856035092519e+00, -4.643267756128142e+00, -5.308795284910929e+00, 1.264966366278505e+01, 8.616900721615607e+00, 8.194732937294239e+01, 1.932793779567614e+02, 9.441703696365190e+01, -4.314391752984878e+02, -3.457735909809711e+02, -5.113789123768800e+01, 7.601138827544967e+00, -7.628348853357836e+00, -3.734574121523659e+01, 2.791583869804687e+01, 1.846894785145289e+00, -3.547952206723079e+00, -3.321238951561867e+00, 1.799268500322772e+00, -2.665112229499968e+01, -8.371455406656283e+00, 3.952053043087537e+00, -4.143997010409351e-01, -1.681008305864611e+00, 1.511023308357268e+00, 8.996042389110547e+00, -3.786537179215164e+00, -6.556283809044166e+00, 1.869672391166416e+00, 1.181694871756901e+03, 1.672482681812073e+03, -1.017686209495048e+04, 1.837491162385257e+05, 1.772614554069173e+03, -9.592069163728622e+03, -1.126656777069227e+05, -1.066707618738758e+04, -9.053043026594714e+04, -9.182340809486435e+03, 1.499232104355382e+02, 9.561058152134510e+03, 2.118580167787033e+05, 3.806701510520129e+03, -2.677424732699175e+05, -1.449008661175911e+05, 1.959891466992248e+04, 1.375213606881130e+05, -2.528406051809072e+05, -7.833875394579981e+04, -3.899512529782357e+02, 1.536234127163751e+04, -5.477829156162524e+04, 1.516294559595271e+04, -1.161093017408423e+04, 9.772306468415570e+04, 2.579796670982176e+04, 1.144578376719222e+05, -1.350588682981657e+04, 2.086247447825145e+04, 9.130727593230531e+02, -1.292250036442056e+04, 9.274312902863865e+04, 9.062877305978038e+02, 1.521905243897787e+03, -3.678520822129848e+03, 6.427278681079876e+03, 3.122913089973463e+04, -4.617901171167397e+03, 1.820784487779249e+05, -1.352625461574440e+04, -1.673863949008588e+04, -1.283185687354411e+05, 3.854110060768831e+04, 9.995392679260485e+03, -2.163123174012412e+03, 7.227195384039123e+04, -2.854430250777654e+04, -4.916809405889214e+04, 9.209112666417735e+03, 3.675045666150627e+02, 9.118982219739519e+03, -2.735610262216951e+04, 5.092764115126700e+04, 2.011840667895302e+04, -3.612061634686594e+04, 1.684778811679919e+02, 2.983180745898449e+02, 1.309818487914085e+03, -2.783059452095441e+03, 1.438959329952278e+04, -1.494835581884493e+04, 1.029349311899295e+02, -5.078527485809484e+02, -6.301845511465283e+03, -5.625206895731239e+03, -2.973089626778767e+02, 7.617055170506249e+03, -7.682543480114053e+00, -3.415678345928010e+03, 3.592231637628062e+03, -6.527511635256587e+02, -2.462816588325368e+03, -4.181310905715385e+03, -3.956379257094115e+03, -1.885794455361047e+03, 3.226960338773628e+03, -1.090173536666431e+01, -6.691558692726628e+01, -3.581857776154659e+02, -6.413331387672566e+02, 1.729780243762394e+02, 1.075367487474883e+02, -4.106055833382957e+00, -6.691569914464614e+01, -3.814399576042474e+01, -3.270067296484030e+04, -1.432053622327122e+03, 9.951360994241322e+03, 9.645346508238026e+03, 2.826923188388023e+03, -3.168372839106655e+04, 1.095880585684319e+04, 2.517202424466381e+01, 2.202688842547967e+03, 2.649372149994174e+04, -5.691794151688772e+03, 2.649462432740786e+04, 1.698369741205734e+03, -1.731994184373259e+03, 2.007259937990222e+04, -2.235868262162383e+04, -8.765051497949695e+03, 3.573833338272334e+03, -1.117590992894495e+04, 1.520979897908044e+01, -5.217197998317158e+02, -4.389828338634745e+02, 1.200270430451916e+03, -8.345621070224513e+01, 8.117383882008116e+01, 4.730801366773131e+00, -1.380378199663840e+02, 1.507355053487723e+03, -9.576264523612062e+01, 8.331603717861119e+00, 9.718248494563341e+01, -3.219503255181118e+02, -3.718164910863261e+00, 6.388588799299129e+00, -3.781430477322447e+02, -2.030772522555200e+03, -1.013583800422470e+05, 5.304849567253969e+03, 4.004262224850918e+04, -1.691711307451953e+04, 1.142240028465746e+04, -1.193255703467399e+05, 1.042789521597218e+05, 2.347004417564451e+04, 6.244146690337697e+03, -6.835165246708562e+04, 2.781466904895862e+04, 7.743431161557352e+04, -5.218111071741686e+04, -1.498317645277618e+02, 1.003487284431388e+04, -5.982382830897311e+03, -7.880734609075076e+03, 3.399668577903717e+04, -1.571342617643459e+04, -6.677062332820657e+01, -3.361128537051729e+02, 4.064208195806717e+03, 3.567560508860385e+03, -1.135840118854685e+03, 1.416641586487146e+03, 2.577001499135940e+00, -7.158013069034344e+02, 1.394131648937081e+03, 2.458797714405633e+03, 2.700237246289755e+03, 3.177765212775771e+03, 7.321619199125524e+01, -1.282559584240704e+01, 8.469047059546617e+01, -2.129043675551922e+03, 3.104477194483853e+03, -8.338491020489524e+03, 5.236330171488375e+03, 6.960468362424795e+03, 2.029195121686919e+02, -1.414869168074220e+02, 2.308891919987528e+02, 3.009581353201499e+02, 5.876997055589663e+02, -9.656547160201248e+03, 5.289098534517889e+04, 1.344159319031654e+04, 1.541891099530510e+04, -9.510728356189671e+03, 2.657745904119054e+03, -8.257145456845578e+04, -9.903062055885326e+03, 1.625412445085940e+04, -2.694125993631934e+03, -2.631527120654562e+04, 2.289584832821234e+04, 1.812213684224494e+04, -2.887056726836732e+04, -4.300146754813424e+03, 4.041896185860768e+04, -4.775886528328284e+04, -1.269678756765978e+04, -2.275588184466840e+03, -7.459694931930320e+03, 1.678164634186401e+02, 1.254174135941468e+03, -4.452254535489348e+03, 7.564702619679526e+02, -7.574772219426146e+02, -5.693354469082431e+02, -4.313618136938822e+01, -2.248391766455737e+01, 2.886685168377757e+03, -8.287250247448833e+02, 7.435709322630117e+03, -3.311267893949548e+03, -2.286821959712059e+03, 2.887085752109968e+01, -4.018588104045843e+01, -4.778048787860976e+02, 3.078548247398203e+03, -4.361370716716757e+03, 4.685585188663994e+03, 2.401748645200452e+03, -2.962527468250908e+02, -2.621466893775661e+02, 2.527794319835317e+02, 3.918440525756455e+01, 4.873907365426013e+00, -4.143028874043384e+03, -4.669123779718008e+03, 1.856057406177714e+03, 5.437111306315298e+02, -2.689511077891801e+02, 1.997582318198616e+02, -2.180470634781218e+02, 1.512997540360801e+02, 9.630037578943599e+01, 9.843654732979304e+01, -8.291816371712426e+02, -4.379268925663051e+04, 7.775034644123272e+02, 3.210666864466719e+03, -1.644670511934202e+04, -5.022626216193239e+03, -1.370593523531108e+04, 7.195548594892531e+03, 3.323694096907783e+04, -4.620173164775319e+03, 1.187626311067963e+03, 1.186700812105115e+04, -6.802181346520716e+03, -1.115446189987466e+04, -1.551179696287732e+03, -2.454475912312105e+04, -4.881603591725728e+03, -1.146071878651500e+04, 2.093727576183177e+04, 5.703537865614856e+03, 2.429292128513245e+01, -9.599240123938202e+02, -1.057192243052676e+03, -6.717096005879217e+02, -7.211091314142761e+02, 1.677137059552767e+02, -3.494954905988894e+01, 2.467421807232675e+02, 7.160435852246197e+02, 2.536227592896694e+03, 2.531287017598811e+03, 2.087345913505316e+02, -7.811197964122707e+02, 1.623691650213172e+01, -8.263247006514062e+00, 8.810915035541449e+02, -1.021149841498725e+04, 1.685550445640530e+01, 4.668665384981484e+03, 3.880983087317513e+03, 1.886394871045422e+03, -1.971021114072195e+02, 1.708165988278338e+02, 8.399872015795962e+01, -8.269841880271481e+02, 1.067677127405946e+04, -3.826267856323044e+03, 6.705157746174759e+02, 2.338849632685019e+03, -1.378599903389588e+03, -8.542066514623077e+01, 1.245302089940037e+02, 2.387065109318729e+01, 7.367773683082913e+01, 1.443985338400133e+02, -1.376375049549845e+03, 8.542628501573992e+01, 5.115690949226658e+03, -1.592793580218103e+02, 2.333627745199706e+02, -6.724705287178533e+01, 6.943592098611548e+01, 4.255785258463085e+01, -1.095874470187867e+02, -1.694637003681806e+00, -2.829294723810427e+02, -3.117473765925554e+03, -3.012083656257681e+04, -1.473352319156744e+03, -2.929264608553007e+04, -1.815834495906286e+04, 1.413355498319899e+03, 8.395820213909547e+03, -5.786208664080441e+03, 1.029078587670456e+04, 1.626500394719379e+02, -2.552244552139052e+04, 2.004842787919198e+04, -3.179502935065875e+04, 2.138792891191292e+04, 5.228460250928380e+03, -1.667007232851503e+04, 1.320378934607463e+04, -4.261715667829443e+03, -3.444085716760911e+03, 1.740025624099953e+04, -4.745980544985230e+01, -1.416309611957604e+02, 8.738167568162119e+02, -4.279696616141899e+01, 1.483234967405704e+03, 1.230815882468663e+03, 6.220126815726322e+00, -1.310983971142513e+00, -1.546669677007468e+03, 1.027698486471703e+03, 1.097832715919736e+03, -6.878418609861163e+02, 7.658954698862982e+01, 4.898805673134770e+00, 2.984960044466266e+01, 5.359339690456835e+02, -5.846504607249081e+03, 5.475795693590605e+03, -5.930194895993569e+03, -1.615793497321483e+03, -1.857292712372632e+02, 1.234919613062876e+01, -4.304904427034923e+01, -7.107505175918691e+01, -1.085957132910274e+03, 1.154807661379000e+04, 4.319925529306538e+03, -3.490025461317523e+03, 5.854482267640866e+03, 4.406888760795419e+03, 3.649917960878967e+01, -4.364703241938371e+01, 1.675339044980406e+02, 3.302102765052084e+01, 6.603724786194568e+02, -3.830674670194280e+02, 1.484826150961901e+03, -2.497542003248164e+03, -1.534027769064281e+03, 3.817621409074562e+02, -6.703267044032860e+01, 2.031524783250315e+01, -8.468843357416294e+01, -1.145800783134450e+02, -2.568147304581051e+01, 1.019463289518944e+02, -1.777946912289184e+03, 1.489901952681808e+02, 1.588574727701158e+03, -1.314220344825726e+02, -1.237670951931441e+02, -4.022694952302999e+01, 3.490099657598265e+01, -4.723598392610383e+01, -9.230433535566523e+01, 1.190885234696078e+01, 3.440900405226206e+00, -1.114529896308923e+02, -6.849383223809691e+02, 1.794496457572359e+03, -1.817232105944915e+03, 9.118652472432746e+03, -6.126548499104008e+03, -6.802797768130270e+02, 1.095417830776454e+04, -1.757422594476947e+03, -5.051617278085404e+02, 7.750350571461299e+02, -4.054290644871217e+03, 1.017370884848845e+04, -1.243104120030932e+04, 9.509852082801182e+03, 8.497885345270192e+02, -3.292907564222980e+03, 6.191530759609329e+03, -6.645320217963515e+03, -3.612458219521920e+03, 4.804238729592569e+03, -1.743060553888265e+01, -7.432401351554327e+01, -1.560824760504588e+02, -1.172463301728573e+03, 3.603679545668349e+02, 2.247507758055928e+02, -9.932277411692997e-01, 2.356066210521717e+01, -3.874792817583915e+02, -5.350869573005519e+02, 2.748098124894919e+02, -4.555707373996584e+01, 9.116576400510172e+01, 9.434916809125464e-01, 2.816475449405675e+00, 9.107321329933394e+01, -2.430364768614410e+03, 2.612819067833395e+03, 7.852429428737724e+01, -7.680047243518489e+02, -1.135452672504907e+03, -1.812265270701608e+01, -2.667532584111226e-01, 2.734506706502660e+00, -1.185968173787326e+02, 9.021861234486903e+02, 3.911788873234880e+03, -3.131269845601161e+03, 2.425164840140951e+03, -3.404614995867258e+02, -3.270390016502736e+01, 2.943252105417934e+01, -1.211428393250990e+01, 2.341460096756503e+01, -1.353886864336194e+00, -1.670717030856267e+03, 1.161143972488344e+03, -9.732959092777201e+02, 1.616932821375945e+03, 4.711523656568840e+02, -1.449357009710960e+01, -1.044842178548139e+01, 9.084411034656266e+01, -2.612629989580096e+01, -4.222368740670112e+01, -3.366229612141651e+01, 5.361378484505750e+02, 7.527470006906417e+02, -1.864303258388537e+02, 2.628365125725610e+02, -2.377679645319563e+01, -1.095846780383149e+00, -3.849434171003323e+00, 2.598500242874305e+01, 2.428049470920594e+01, 3.328988063954756e+01, -2.696631723836292e+00, -1.739473516837043e+00, 2.095800258032968e+01, -3.917923835748788e+00, 5.136090844679652e+01, 1.692237900230402e+00, -1.491888575597791e+01, -5.047696997023847e-02, -5.645866614362989e-01, -1.052283220830726e+01, -5.082498133004993e-01, 1.441438971409746e-01, -2.495334202766846e+00, -1.208462494759211e-01, 2.095776095714701e+01, -1.371192709973735e+03, 6.415164171228577e+03, -1.706990104987398e+03, 1.104783275993825e+04, 2.134854873137615e+04, 3.193587597233699e+03, 8.731295297876532e+03, -2.046112894486854e+03, 1.457658962089958e+04, 1.460574194372715e+03, -2.047091144800680e+04, 5.459720902521390e+03, -1.879589608139456e+04, -4.533098236270365e+03, 9.670002175447682e+02, 7.153493715569183e+03, 3.583994503729853e+03, -1.118656913705730e+04, -2.850533578672790e+03, 9.724252010116883e+02, 1.602585808937742e+01, -3.469476537709720e+02, 1.450981874746478e+01, -5.216978343122768e+02, 5.935349828891884e+02, 2.951971579611887e+02, -5.645809392395049e-01, 2.564935816876816e+00, 2.965889080828355e+01, 7.442938094438915e+02, 3.823708355758026e+02, -1.843210142280132e+02, -3.642958803258162e+02, 1.800345612135824e+00, -6.382799071546729e+00, 8.400765732406482e+01, 2.741275630367539e+02, -2.232361692008048e+03, 9.172514874831681e+02, -1.423385681060553e+03, -2.784458448503966e+02, 1.234806780231447e+01, -3.257257247299887e+01, -1.237759919537565e-03, 3.508281779389986e+01, -1.883465054901219e+02, -5.783413717284981e+02, -9.271133009703067e+02, -7.231829555116688e+02, 6.231997692046193e+02, -2.887833725579504e-01, -1.678582567019999e+01, -2.241368928646935e+01, 3.731253109596165e+01, -5.425124432000663e+01, -6.029301292795639e+02, -7.417364514168962e+02, -5.417167125830349e+00, -1.448095310862444e+02, -4.363701866387860e+02, -3.976397011993452e+00, 1.698905957211919e+01, 1.490981172668187e+01, 3.452222957660641e+01, 2.296147451556416e+01, -2.522219526726313e+01, -1.618211105723163e+02, -1.045634344628323e+03, -5.374907738053975e+02, 1.096397629883569e+02, -1.578822034548038e+02, 3.544367174078546e+00, -1.025487290960054e+01, 4.402077514310820e+01, 3.674740229434036e+01, -1.924999367474579e+01, -1.352555198178238e+00, 1.196880121749736e+01, 8.583264288463914e+01, -2.298055969554347e+02, 1.446818321475542e+02, -7.327470633782508e+01, 1.632528392711853e+01, -3.655957022961859e-01, 1.834989351669655e-01, 9.673246585947089e+00, 8.895287833149656e+00, 5.225238778603214e+00, -1.418350782413619e+00, 1.516020061323619e-01, 1.665715758585349e+01, -4.136351388715849e+01, 1.300763662106796e+01, 2.082156282542313e+02, -2.341603852631940e+02, 1.249620332948453e+01, -3.847843137877080e-01, 3.478302409037076e-01, 4.792862479287042e+00, -1.843519040978539e+00, 2.350793044084097e+00, 2.606747506952771e+00, 4.685048398578667e-02, 1.551762188418485e-01, -1.717834817961933e+03, 3.376498493754785e+04, 1.506104174970378e+04, -1.299333607474650e+04, 3.725253662635333e+04, -1.184696177456414e+05, 4.831477863065034e+03, 3.119221799715846e+05, -2.302953692510210e+04, -1.204407153371343e+04, -1.309834049842021e+04, -6.006851032549520e+04, 1.883562797931739e+05, -2.832040581251718e+05, 7.746583806501179e+03, 8.536971424015250e+02, -1.856520894786128e+04, -1.660362339742549e+04, -1.502154774658604e+05, 2.322310135582420e+04, -7.533881702789142e+04, -1.618938719635879e+02, -1.333932614814131e+03, 3.419080530273392e+02, -1.997733439766431e+03, 3.110724880504457e+03, 4.600881141823325e+03, 5.687781577249029e+01, 8.083469441848180e+01, 2.518977961634646e+03, -6.648222088537984e+03, 2.271546629640665e+03, -6.814087611226308e+03, -7.621575137685366e+03, -2.955726348406209e+00, -2.939126819666284e+01, 4.299352133046157e+02, -9.334569767772682e+03, 6.976629347259845e+03, -2.992303675048138e+02, 1.586032893920209e+04, 5.102377901944540e+03, 5.423170790095696e+01, 1.059462849123494e+02, -2.352056574345341e+02, 4.353587490905904e+02, -2.553808089581671e+04, 1.052891442360724e+04, -1.472003918316417e+04, 2.593821613341918e+04, 1.817148304083303e+03, 4.709954482896525e+00, 2.586335228210019e+02, -5.251186082529823e+02, 2.422810778483115e+02, 2.047628950563807e+02, -1.869281208795203e+03, 2.553647260914979e+03, 7.717727809516779e+03, -2.614940082669819e+03, 6.837997837344572e+02, 2.474446476355025e+01, 5.973605373907706e+01, -2.705982208966416e+02, -4.022552545917195e+02, 6.978580664937772e+01, -4.683705842861260e+02, 1.717227838803423e+03, -5.050088338655658e+03, 2.287856642422049e+03, -6.170445064460036e+03, -2.134562439138758e+03, -3.821813345179643e+01, 5.324374188715250e+01, 1.871995785559642e+02, 2.626430008033621e+01, 1.679639764231215e+02, -6.390202614321495e+00, -4.196528426660638e+02, 7.457329385522903e+03, -6.044614691869955e+02, -1.821249491711780e+03, 1.735083527777284e+03, -4.883489097217816e+03, 7.912219162831883e+00, -1.536885694938896e+02, 2.190263817270337e+02, 9.840607017287957e+01, -7.431611773135080e+01, -3.429196444334404e+01, -2.248544490032253e+01, 9.652704017874981e+01, -2.659460908515680e+03, 1.492767400132005e+02, -3.046959607360413e+02, -7.962798838602844e+02, 2.383740435513447e+02, -1.311858973549738e+01, 7.613179616250267e+01, -7.269071012031786e+01, 2.197801930216807e+01, 4.864655977326581e+01, 7.497365544960391e+01, 1.954268918286045e+01, -5.623250178162158e+00, -3.032782068150028e+02, 1.203059803213874e+02, 7.037935344906571e+03, 5.373273068254328e+03, -5.463728419546891e+03, -1.375747870619806e+03, -1.873230463057264e+01, 1.083385410553228e+02, -3.088367077214114e+02, -1.578582173210200e+02, 5.575637390170463e+01, -7.506973910314345e+00, 9.378150070008813e+01, -4.338621681818070e+00, 3.032546133332203e+01, -5.338494897241143e+00, -1.928751949485298e+04, 1.981883154656673e+05, -3.415715838560776e+04, -1.325161378798223e+04, 3.338842032930763e+04, 2.288707385468367e+04, -1.523495899135927e+04, -1.702297958858399e+04, -1.563128373024881e+04, 2.415088924317645e+03, -1.681862473669467e+05, 6.559591023867301e+04, -8.184611646665566e+04, 6.537450413191781e+04, 5.995872652845514e+03, -8.069568107567448e+04, 1.219626026749968e+04, -6.086580772647772e+04, 8.023212279946396e+04, 1.707498952538394e+04, 1.674827744777966e+02, 1.746442209361577e+03, -5.632977516317276e+03, -8.873231382564422e+02, 1.176641925287334e+03, -3.646967770482430e+02, 1.216477062376782e+00, -1.669539090402855e+02, -1.507598574094878e+03, 6.383204410790565e+03, 2.722106935794303e+03, -3.453991409415081e+03, -2.468373626175304e+02, -7.022514296617739e+01, 4.563184088875978e+01, 1.222993106865261e+03, -3.118814063834209e+03, -6.586776681687757e+03, -8.171309933641284e+02, -6.015472555786746e+03, -1.425730084869569e+04, -3.397367294516395e+01, -3.699456907847339e+00, -1.970130091280159e+02, -9.299838431859649e+02, -5.098078069980077e+03, 5.533645822794778e+03, 7.716257846508555e+03, 7.211409243794219e+03, 2.261022935850723e+03, 1.101987579462816e+01, 7.353353573079136e+01, -2.162259359141996e+02, -1.182575906224066e+02, 3.561111893117192e+02, 3.022961934137282e+03, -1.149039092946879e+04, 4.532565612318746e+03, -1.832326607868608e+03, -3.526233478687166e+03, -5.552125691825045e+01, 6.719557342746972e+01, 7.615143809711034e+01, -6.008349712941696e+00, -9.048110567846339e+01, -6.020589295856247e+01, 3.089457663279668e+03, -4.593684318610568e+03, 1.384248211558367e+03, 9.227572871607601e+02, 2.730003774425056e+02, -4.306964122641533e+01, 2.697680320133967e+00, 3.527357885978101e+02, -7.661123487279831e+01, -4.035293650841782e+01, 3.464428514982557e+00, 3.118489752145933e+01, -1.059386793489991e+03, -2.478910859190153e+03, 3.372541406709830e+03, -4.543008788338225e+03, -4.953393618306541e+02, 2.031476709881964e+01, -3.271351031506330e+01, -1.016023862987638e+02, 1.454817231119801e+01, 8.180552458842128e+01, -6.192789283489965e+01, -9.428889305060514e-01, 1.954038288629444e+02, -1.782594037994950e+03, 9.227357444709831e+02, -4.505369758806178e+01, 2.935264023131760e+02, -6.887603906357726e+02, -8.603346497118576e+00, 1.302815735363771e+01, -1.246694670862698e+01, -3.248005082330690e+01, -1.470193473286797e+00, 2.041416387333163e+01, -3.671295251288030e+00, 3.392133190158516e+00, -2.963006950510910e+03, 3.402763306903383e+03, 1.166934705974703e+04, -4.603303318457408e+02, 1.414615044302675e+04, 5.165104139892002e+03, 2.297501175314277e+02, 2.402826170079072e+02, -1.769622088874150e+02, -4.254641996071202e+01, -1.793656843434721e+02, 4.062133356627896e+01, 1.044087007756962e+02, -5.019027369290762e+01, -1.587375395372893e+02, -4.869486437146576e+02, 3.241389256522320e+03, 2.009232791222015e+03, -2.395613917617017e+03, 4.531356367783828e+03, -3.478367835609569e+01, -4.395274093733465e+01, 1.046793431481749e+02, 6.114056812469236e+01, -3.476787119027985e+01, 2.607338853213895e+01, 4.246931590175134e+01, -3.386851525856180e+00, -9.872098450283916e+00, -1.565971723500846e+02, -7.654057922823833e+00, -1.757741679552075e+02, 8.027220966274486e+03, 1.370290193802931e+05, -1.806719193962739e+03, -1.665705499177932e+05, -9.853513378220128e+03, -6.612776287804937e+02, -2.398311911622008e+04, 1.769211079242315e+04, 3.180388966958525e+04, -1.600579297756298e+04, -3.453675157360899e+04, 3.963273782295830e+04, -3.833680789253165e+04, 2.582882652921243e+03, -6.343881153984184e+03, -4.765583616175774e+04, 6.449929360815710e+03, -1.859651806663991e+04, 3.042425371495379e+04, -4.910969995158000e+03, 6.227270163328862e+01, 3.717778402975524e+03, 6.632840943834812e+03, -9.380347190526301e+02, -2.030904700519309e+03, -1.152501144697113e+03, 1.087746017052444e+00, -3.026723049446237e+02, -2.756424517027882e+03, -4.522446691770394e+03, 4.450737533617210e+03, -8.620212992898191e+02, 1.440732684040882e+03, 1.932921013305127e+01, 6.261280584846411e+00, -1.040894930985643e+03, 7.079402919180736e+02, 3.356893836360842e+03, 1.380987920582225e+03, 4.990074922234516e+03, 3.267752412723520e+03, -1.157419862939131e+01, 6.320685228655883e+01, 1.200827751394633e+02, -1.779441092691585e+03, -1.497583844570245e+04, 9.348723185338049e+03, 1.121093952270050e+03, 6.431317969270118e+03, -1.014300354750907e+03, -1.853155745504434e+01, 2.611723848010530e+02, 4.627647379103080e+01, 1.108694611720563e+02, -9.217516897754791e+00, -4.973373985447679e+03, 2.574578279193258e+03, 1.377362695118909e+03, 2.664560789973752e+03, 5.492926104491543e+02, 2.052285357137059e+01, 1.025500060524743e+02, 1.893407045916067e+00, 5.078161720456600e+01, -4.642833494365097e+01, -1.444739731545316e+02, -3.487997719160754e+02, 2.810283496072268e+03, 1.794720657306746e+03, -3.243590315424093e+02, 2.905543185164592e+03, 1.167511294047936e+01, -1.181242151198551e+01, -3.815583978108995e+01, -2.449372450062710e+01, 1.990083357473433e+01, -3.291033783208536e+01, 2.386603688207296e+02, 3.189209092774035e+01, 7.126916317515245e+02, -8.684546873051180e+02, -8.533955230433924e+02, 4.401606859760296e+02, 1.211394256192142e-01, -4.221811114393139e+01, -1.108144471626666e+02, -1.176293814263409e+01, -1.020224551639193e+01, -3.825613323832893e+01, 1.810783310504247e+00, -1.172902250125148e+02, -8.253189027540557e+02, -1.518785231192922e+01, -3.649011387036446e+02, 1.362049279185571e+03, 6.386951776516963e+02, 1.223323971979485e+00, 2.279179594979870e+01, 5.726199584312768e+01, -5.035938319138497e+01, -1.025827156802275e+01, -4.982569632722765e-01, -8.240880746274229e+00, 3.097903813167060e+00, -2.146390337197027e+02, 7.531295334201596e+03, -1.888740125883711e+03, 3.397547903410512e+03, -1.387775420387499e+04, -5.851023945968828e+03, 2.521872935429955e+01, -7.645117928313807e-01, -1.856274400425476e+01, 3.500250841984681e+01, 1.042900482993812e+02, -7.987131202750231e+00, 1.877898028972276e+01, -1.821158074879545e+00, -1.005252863240869e+02, 3.393357811875997e+01, 7.831235759633046e+03, -1.981500774065054e+04, 8.380957366467335e+03, 3.457460790252486e+03, 7.303816918446827e+02, 1.842346325933693e+00, -1.318519658297070e+01, 4.375164643684956e+01, -2.561595989538999e+02, -2.424751916121091e+02, 9.389623677197146e+01, 5.688419051003300e+01, -4.049221947097025e+01, -3.258885937623735e+02, -3.352655950713699e+01, -2.324698714779292e+02, 2.089118210972465e+03, -1.412445138256382e+03, -3.387168663267854e+03, -1.971461185206103e+03, -3.694768813439594e+03, 7.229047551769273e+00, 1.652429517237195e+01, 1.838965925063216e+01, 5.631515583154562e+01, 1.888097517834742e-01, 4.537292097038345e+01, 1.568197299352557e+01, -1.382681136810114e+01, 3.356320972524493e+01, -9.324880163011588e+01, 9.120926037455618e-01, 8.285004845024692e+01, -2.860063932518779e+03, -4.363100872957597e+04, 1.157081187953742e+04, -5.237832454570771e+04, 4.505532572346002e+04, -9.379879982300696e+03, 1.145950320821630e+05, -8.058235284954633e+04, -2.683497026381281e+04, 7.019607548352250e+03, -3.041074885846700e+04, -1.375140986988996e+04, -1.629930211674105e+04, -2.721210914930342e+04, 6.190092389507617e+03, 3.752250931466404e+03, 1.199029468360593e+04, -2.895878769624110e+04, -5.920665092203121e+04, 1.577152746971386e+04, -2.368502362953739e+01, -3.080715908764523e+03, 1.439081511723774e+01, -1.868812845042025e+03, 3.408560704728610e+03, -1.817462497593696e+03, 4.241162419144212e+00, 7.174687986216800e+01, 2.226754119218579e+03, 3.047971828484146e+02, -1.273258603139380e+03, -1.923494230478625e+03, 4.715125397059965e+02, 1.703904410415123e+01, -5.020889371706694e+00, 4.605179434718975e+02, 1.111537798085282e+04, -6.999154994603191e+03, 1.452607372555057e+03, -5.447018697612640e+03, -6.532594167556471e+02, 8.472550890968105e+01, -1.721578812407527e+02, 6.747623735288599e+01, -5.397801100197766e+01, 4.557006509505794e+03, 2.832815627556544e+03, 1.069562516465635e+03, -3.153937559681792e+03, 1.967593211715817e+03, -5.657772445862120e+01, 4.380461840006917e+01, 4.158045367063070e+01, 9.181015281919542e+00, 1.075153665468766e+01, 3.133295607653623e+02, 2.120727054966360e+03, -2.654006302375500e+02, 3.635637452771650e+02, 2.133489440339804e+03, 4.623941048724872e+01, -6.844007610622110e+01, -2.529020712897833e+01, 2.745045464866026e+01, -4.807159961395842e+00, -4.897134343661965e+02, 1.214335044999669e+03, 3.878544065952005e+03, 1.573502785748071e+03, 1.081351355650913e+03, 6.685044853546908e+02, -2.723136822829567e-01, 6.323403875435505e+01, -2.100244593674672e+01, -1.733126710750011e+01, -1.019282974958194e-01, -4.591672299062428e+00, -9.223842960734939e+01, -2.261805381299756e+02, -2.301184769185692e+03, 1.737165988777591e+01, -6.944805942069077e+02, -8.671158285015804e+01, -8.073118154216515e-01, 1.822339063835167e+01, -1.622373507126551e+01, 1.261218341114755e+02, -1.377506074711047e+01, -5.448198967794973e+00, 4.737800907621518e-01, -6.731886823586654e-01, 1.001437148422412e+03, 1.025246759008052e+03, 1.714440791000184e+03, -1.711201779453311e+03, -3.675467390739731e+01, 3.691897534137543e+00, -1.520021905756922e+01, 3.414580032240954e+01, -3.135636127371613e+01, 2.191195257039185e+01, -3.171225811237484e+00, 6.386547642243464e-01, -5.269630730026632e-01, 6.394048121955774e+02, 1.509135085908053e+03, -8.687683113255278e+03, -3.151109792438870e+03, -7.407156370628756e+03, -6.332109546280042e+03, -2.773319723286218e+01, -6.388298237596027e+01, 1.816471070570782e+02, 9.163290883763186e+01, 9.930082716493099e+01, 7.791584370717085e+01, -9.184277480599265e+00, 2.886941225506499e+01, 7.895323123006776e+01, 7.785126566428722e+02, -9.885366360967902e+03, -1.141612007776536e+03, 3.146159902138438e+03, -5.224190051432960e+02, 1.476759371957950e+02, -3.083527710685442e+01, 2.871773015920758e+01, -2.465916209197793e+01, -9.903689182044121e+01, 1.261037097380867e+01, -4.473638142763228e+01, -2.814103895495870e+01, 1.637440672893146e+01, 5.828209032560267e+01, -9.691356113872816e+00, 1.335597596326802e+02, -1.131303981385752e+03, -1.248580414444874e+03, 3.460948500920341e+03, 7.301860841190673e+02, 2.062522645089612e+03, -3.165445464888622e+01, 3.863320732433567e-01, -3.900779295786308e-01, 3.175694418975651e+01, -3.309636776399521e-01, 9.236091120970883e+00, -2.978230344538324e+00, 1.403889033540215e+01, -1.269733289173379e+02, 1.831356972611842e+02, 5.332856000179406e+00, -9.804111808257402e+01, 1.143049950974153e+03, 2.525696527557377e+02, 2.730268797224525e+02, -2.840537723239566e+02, 3.232531021353104e+02, 3.531542141809429e+00, 2.917516155910203e+00, 4.745878702270331e+00, 3.084601418972142e+00, -7.814225309305261e+00, 1.880701007426385e+00, 1.935316079587452e-01, -6.462038299195181e-01, -1.682025131519535e+01, -3.930317902823356e+01, 2.637221927494521e-01, 2.293075228926329e+00, 6.012991841152147e+01, 7.595336729481363e+02, 2.609700360878358e+03, -1.098107341692274e+03, 1.233434835847496e+04, -8.971524391494286e+03, -7.221192966045311e+02, 4.523237106432981e+03, -2.982622930712667e+03, -9.147523543559911e+02, -1.395007583996149e+02, 4.808006020556089e+03, 4.801477674672959e+03, -4.828501992707175e+03, 6.546657903816385e+03, 1.497932812672195e+02, -5.177323434013952e+03, 1.692144722930750e+03, -1.811246367930628e+03, -3.488119738766107e+03, 2.858465557342406e+03, -2.239730004894362e+00, 1.110268563848661e+02, 1.762216899446253e+02, -6.503954930936976e+02, 4.188234732811869e+01, 9.776460526036686e+00, 4.787596017938835e-01, 2.815691899003383e+01, -2.729541586380573e+02, -4.081835468712131e+00, -6.054544690418140e+01, -3.264895648011965e+02, -2.455253104130626e+01, 2.151167984642343e+00, 5.027246125566468e+00, 7.024569678052487e+01, -6.647330046378337e+02, -9.273271058812918e+02, -2.265752173004405e+03, -1.094728396554688e+03, 1.763973571597462e+02, -1.608116403667549e+01, 1.843312049965515e+01, 5.907923682199676e+01, -1.335491389246934e+01, -9.429943908811495e+01, -4.023040929249433e+02, -1.098439944240232e+03, 6.731390490949027e+02, 6.545280302758833e+02, -1.164018181862758e+01, 2.335968902158899e+01, -1.884655334744473e+02, -1.027626504982099e+02, 9.044572194418171e+01, 1.279940815299705e+02, -4.733425350652730e+02, -3.352831213063122e+02, 4.608560524817058e+02, 2.192087454461613e+01, 3.144702722578372e+00, 2.501270017544118e-01, -1.620819293716105e+01, -3.873007342446078e-01, 2.038199550940125e+01, -4.332379593865685e+01, 1.638292972109722e+02, 5.779963886460318e+02, 6.340456216958517e+02, -1.523166156725632e+02, 1.753052887734925e+02, -1.277569515360771e+00, -3.799462117965087e+00, -7.034149010385275e+01, -6.785078142832315e+00, -4.718657660712947e+01, 9.724149665368154e+00, -4.725340120737990e+00, 3.021694038295346e+01, 2.629691420818261e+02, 4.621516172284962e+01, 6.773139901122440e+01, -6.637627939430317e+01, 2.379399486047332e-01, -4.334983802372736e-01, -1.536542158403393e+01, 1.005236333289629e+00, 8.549610997065777e-01, -8.103978901669218e-01, -1.746808552358275e-01, -4.915377483810757e-01, 4.097879053503809e+01, 1.253288183248806e+02, -1.128997335700512e+02, 6.977447162634111e+01, -5.435074139611081e+01, -3.928892307641694e-01, -1.636954085839633e-01, -4.365595348700614e-01, 1.668996703061988e+00, -3.522953998265508e-01, -9.030009089753873e-01, 9.693251734532915e-02, -5.952599125667508e-02, 1.557957479818010e+02, -7.609602573990582e+02, -3.557686343126397e+03, -2.943505736182112e+03, -1.808601824564155e+03, 1.187754917383702e+03, 5.344139091685432e+01, -7.919933593046329e+01, -1.472318462968427e+02, -1.858020408404803e+01, -5.236605864814079e+00, 4.221655033989551e+00, -1.939374534574509e+01, 2.742859215738397e+01, -1.670156298489145e+02, -8.357767477848439e+01, 3.753814958010931e+03, 1.347161067156044e+03, 8.854560209054652e+01, 7.870178700544117e+02, -4.735884864659801e+02, 1.553884490918263e+01, -1.003098638396033e+01, 6.775245071534819e+01, -1.196942286151313e+02, -2.508243890291029e+01, 3.444350983530616e+00, 2.209235994820645e+00, 4.750464860779327e+00, -6.032499816450294e+01, 1.754371176414032e+01, 9.872019234974175e+01, 6.623480120130913e+02, -9.713892635341878e+02, -9.236046959991844e+02, 3.840146129123228e+02, -1.845640527516874e+02, 3.905498417847533e+00, -3.035223223485009e+01, -1.186483741906474e+00, -1.375370887554053e+01, -2.784569898909019e+01, 2.581092148643591e+01, 4.177729496450707e+00, 2.987713397824979e+00, -3.782677203276361e+01, -6.585639793210908e+01, -3.946325350740050e+00, -7.813779509580391e+01, -4.092905079966582e+02, 3.086186881039910e+02, 8.869875074737033e+02, 7.334859390735576e+02, 9.458355472673387e+01, -4.425309620155822e+00, 7.848249430854089e+00, -1.806779288991130e+01, -4.325251475449165e+00, -2.662077918413976e+00, 3.978711875818609e+00, -7.671425451520535e-01, -9.491993352247400e-01, -1.710542185386220e+01, 4.493554766709594e+00, -7.453173174138613e-01, 1.105528309346330e+00, -2.490808016949023e+00, 4.076044163575548e+01, 1.825216796721980e+02, 1.378351778346941e+02, 2.405332639924188e+01, -4.792153016804891e+00, 5.041605835774426e-01, -1.229662633275555e-01, -7.540618712401787e+00, 3.424829264025133e+00, 2.423794594566957e+00, 2.149608147885982e+00, -2.308911840895594e-01, 1.066625952224732e-01, -2.967755293545706e+01, -9.226094509164586e+00, -4.030793012071005e+00, 4.306654621652151e-01, -2.899677649591690e-01, 4.076068515839980e+01, 4.169264826096654e+02, -3.149255578096072e+03, -6.754843683952745e+02, 1.052460801640201e+04, -6.459210888920210e+02, 5.064872419166359e+02, -2.381309210065635e+03, -8.156384942561354e+03, -3.546592127620262e+03, -6.976517338173728e+02, 3.319104745885598e+03, -4.184790443998481e+03, -6.208368253155544e+03, -8.991839854586239e+02, 1.775834631155183e+02, 1.969029191240397e+03, 1.029310527912105e+03, 3.158235883153377e+03, 6.824397750033822e+02, -2.502524277347993e+03, 7.906495548836350e-01, -8.185080744449340e+01, 2.962435238944738e+01, -2.103667754779199e+02, -1.334053005718412e+02, 8.165207598437625e+01, -1.229685374298859e-01, -1.281941394854194e+00, -1.460997378462631e+02, -1.181947593904225e+02, 1.216670486109199e+02, -4.133817611347798e+02, -2.175715759704836e+01, 2.027379896586971e+00, -7.773433767117992e-01, 9.736480641187475e+00, 7.809251435641671e+02, -1.093002517178775e+03, 2.099868028219568e+02, 7.799142423571964e+02, -1.349224173291777e+02, -2.519369039013876e+00, -7.773622099458940e+00, 1.425081091934777e+00, 1.438250777641900e+02, -2.491610753628536e+03, -6.547549621003541e+02, 1.872494392667604e+03, -2.065647831444122e+02, -1.912069707604937e+02, 1.161749233282794e+01, 1.246601660363514e+01, 9.075710244000400e+01, 1.099648767237408e+00, -1.824967351867335e+01, 6.570448968737173e+02, -5.568079032489567e+02, 8.103790320906514e+02, -9.483149970241996e+02, -3.155473421051926e+02, -2.997020369796410e+00, 3.742763583492063e+00, -1.102823982931034e+01, -1.277801705598665e+01, -3.639675109216058e+00, 3.039087482447320e+01, 3.129843051716738e+02, -2.747953779714997e+01, 2.287935442557131e+02, -3.828290590478624e+01, 3.544743797596840e+01, 5.638738037368907e+00, -2.192039210318984e+00, -2.806926725862932e+00, -3.594753282078048e+01, 2.732383433730368e+01, -2.888800497580455e+00, -4.698297229029074e+00, 2.051248399933879e+01, 1.738301094351258e+02, -4.442558010799617e+01, 4.675881459439712e+01, -3.682339488953478e+01, -2.574404326440847e-01, -2.403694857266738e-01, 2.005139224578729e+00, 3.948710520117430e-01, -4.920278371063577e-01, -1.070897345321622e+00, 1.066628422611537e-01, -4.684227891263374e+00, 7.082180678643637e+01, -6.388897432076442e+01, -2.209479817898847e+02, 1.210783840874969e+02, -3.114751988195008e+01, -6.312173789847912e-01, -1.449391247726539e-01, -5.456830596063899e+00, -6.229735787329806e-01, -6.523306453191089e+00, 1.417132377958408e+00, -1.039609492779947e-01, -7.411418340094311e-02, 1.762740016286382e+02, -1.823047638034880e+03, 3.217774771274704e+03, 1.670223003877796e+03, 9.570542976807964e+02, 1.588654707947684e+03, -1.580195991706286e+01, 3.556535433105039e+01, 2.319790328027086e-01, -7.117527333060134e+01, -1.333538942853172e+01, -4.232134151503499e+01, 3.061523477928058e+01, -1.328546019230182e+01, 3.369293569863568e+01, -1.227567911113201e+02, -6.424395456750954e+02, 2.407567799370277e+02, -1.908740832134520e+03, 1.837624367063427e+03, 8.369878588338960e+02, -7.360424879721270e+00, 1.748500120337475e+01, 1.392651118583755e+01, 6.055254480370532e+01, -2.143388923946905e+01, 1.618838451958649e+01, 8.327657144274772e+00, -8.117057955138002e+00, -1.844767165695539e+01, -3.668571674260060e+00, -8.612411393867460e+01, -2.931226496404950e+02, 3.334613579862742e+02, 4.108431649841438e+02, 3.346816527900175e+01, -3.669890567550459e+02, 1.497369907664060e+00, 1.080672837198305e+01, 8.132948042116038e+00, 5.270597803621775e+01, 1.380863215760494e+01, 1.863403175571245e+00, 3.969678844559839e+00, -3.595753182157077e+00, 1.202872682396013e+01, 4.826730329928667e+01, 6.020909470364261e+00, 4.380972169048452e+01, -3.138959142490905e+01, 6.075052661802825e+01, -1.442409827876939e+03, 9.416747101030502e+02, 3.278216498626228e+01, 1.666333813042821e+00, -5.078400436881272e+00, -2.196347117773864e+01, -2.304960325082565e+01, -8.096255436863718e+00, -1.145645988918254e+00, -1.277444306900933e+00, 2.154160545986605e-01, -1.096519303544515e+01, -3.544459363835573e+00, -2.628516016284792e+00, 3.750368468699894e-01, -4.182448213792345e+00, 9.107303267002904e-01, 8.816083500548974e+01, 5.548261035406801e+01, -2.655126505419509e+00, 1.827994604008483e+01, 1.412068934762857e-03, -1.384136385039020e-01, 7.709365058495089e+00, -5.971532773777617e-01, 2.345373801592033e+00, -4.501101623155196e-01, 1.757293215579857e-01, -7.840858271889420e-02, 2.203720701129552e+01, 4.870269230392656e+00, -3.931719556523191e-01, -4.780120178655523e-01, 2.850951587523901e-01, -5.559309240070481e+00, 6.897185686644035e+01, -1.509845796637753e+02, 5.720662086033473e+01, 4.133327446378739e+01, 2.372238217962370e+01, -2.975037906528067e-01, 7.797763637412793e-02, 1.967781273569113e+00, -4.331177872950876e+00, 1.349966721545274e+00, -1.616477937891053e+00, 9.988954503185467e-03, -1.007623949592160e-01, -9.304152074181181e+00, 1.119832767959223e+00, 1.185206064328390e+00, 8.124440065901527e-01, 1.430953851968065e-01, 7.142967597438134e-02, 4.274405699197723e+02, 8.076430910073764e+03, 1.639490752763737e+04, 4.483159330825347e+02, 1.033910002221046e+04, -7.268956461827453e+04, 6.787036743560914e+03, -7.959957838153192e+04, 1.929467864328075e+04, -2.470880170957384e+04, -1.104837429039212e+02, -3.148672467831405e+03, 6.970924440555724e+04, 1.038151869545325e+04, 2.207005675056501e+04, 1.025027935259313e+02, -1.444182512680149e+04, 5.966702176789953e+02, 6.418223311326885e+03, -1.612621665101184e+04, -4.856140080719997e+03, -3.224189028437019e+01, 9.002005510514130e+02, 2.545893884569752e+03, 2.937441466720066e+03, 1.545102995725017e+03, 1.475488486503154e+03, 2.685194282331630e+01, 3.186009192463565e+02, -2.147994425349450e+03, -3.043198130041284e+03, -4.818705065957015e+03, 4.299825325579501e+02, -6.931771980550018e+02, -3.439186813722441e+01, -3.970778147623910e+01, 7.154716667770324e+02, -4.952764244313464e+03, 8.186537447272365e+03, -3.712787259775399e+03, -8.474320844973736e+03, 2.317301538541604e+03, -1.111777762690118e+02, 5.448918067814334e+01, 6.443372494507520e+01, -7.651442153425980e+02, 3.754014809427632e+03, -5.041861901969241e+03, 8.596813523276443e+03, -1.150089171222575e+04, -1.236965699283835e+03, -1.619173672376049e+02, 1.108464437819472e+02, 4.442445136584491e+02, -1.991719455803915e+02, -1.607291775313433e+02, -3.108301509176556e+03, -3.893259772116771e+03, -9.273943841593167e+02, -1.125105945323331e+03, -3.314878038866722e+03, -1.286954504367769e+02, 1.050937322887334e+02, 1.328523269954189e+02, 1.500795338650065e+02, -4.422517215257426e+01, 7.664237834939433e+02, 2.238869974835660e+03, -4.877868611576919e+03, 1.995296724574568e+03, 2.099618418019319e+03, 4.136853907400652e+02, 3.601970009248771e+01, -9.146703701777983e+01, -1.751094677120607e+02, -1.324119121827301e+02, -8.562458014280962e+01, 5.512077405957610e+01, -1.373916969227534e+02, 5.165432141038727e+02, -7.504783327249439e+02, 2.218639344849793e+01, -1.374554730972996e+03, -4.276745635379598e+02, 3.460241638633674e+01, -5.615554066911601e+01, -3.775260332561426e+01, 1.023181096171051e+02, 1.303406465074924e+01, 2.493990491083980e+01, -1.111932553903059e+00, -7.674201096395606e+01, -6.246910840685862e+02, 3.368232550872381e+02, 1.736245150220629e+03, 1.851132513173393e+03, 1.629909383543666e+03, -3.301835653069561e+01, 6.381977540942523e+01, 2.917278149964571e+01, -1.109850702514643e+02, -5.515127056730365e+01, -7.274644181749835e+01, 1.350190716838255e+00, -3.077010381171243e+00, -6.865412332456536e+02, 4.783916112314116e+03, -1.004543033432232e+04, -6.043409029547900e+03, 7.299676503957327e+03, 2.534987584435595e+03, 5.996432450498598e+01, -1.597513667645125e+02, 6.640795762728879e+02, 3.242939680963551e+02, -3.093884040627842e+01, -9.829142664253897e+01, -4.827129357732284e+01, -6.906246621975053e+01, 2.071015393595711e+01, 2.304517086368460e+02, -8.685634929049984e+03, 2.868412290554744e+03, 3.322136285408562e+03, -7.753351769808135e+03, 3.859140462124357e+02, -2.859692115693884e+02, 1.858060485071470e+02, 4.038027463344378e+02, 8.221545097269843e+01, 2.407847462801548e+02, -1.454840542615646e+02, 8.836880228028905e+01, -2.462791354834667e+01, 2.368353348240477e+02, -4.757392432184447e+01, 3.830172019287138e+02, -8.003122783823283e+03, 2.619676087731133e+03, -1.906443295467233e+01, 3.312223262087113e+03, 7.114707343722772e+02, -5.811780117094859e+01, 5.012228978579346e+01, -1.816442824713740e+02, -2.149090211241180e+02, -8.245914317715469e+01, 1.058571705223838e+01, -2.477432511821874e+01, -3.269084887285184e+01, 1.551608496290892e+02, 1.339759438653745e+02, -5.931211491975122e+01, 1.218385779965731e+02, -3.063580573031433e+02, 5.214934474943468e+03, -1.069193516673263e+03, 4.633949000089502e+03, 3.207016017155227e+03, 2.432813106488501e+01, -4.079530477754604e+01, -2.837882742593368e+02, -8.526029262397194e+01, -9.487726879119741e+01, -3.345128071257133e+01, -3.373851573604199e-01, -2.636118018495277e+01, -1.921454350835539e+02, -5.140222769290013e+00, 9.689294119697607e+01, 5.894689996905298e+00, 1.046827933358412e+02, 9.031004240367881e+02, 1.563590725050866e+02, 2.942354198048331e+02, -4.739492277101216e+01, -9.096830453543852e+02, 4.777531360334825e+01, -2.903622494476792e+01, -2.177623661385482e+01, 7.923661991303426e+01, 6.861073701831171e+01, 4.581344728559812e-01, -2.040126279826989e+00, 6.831633734012622e+00, 7.608340811008586e+01, 4.343100195352909e+01, 4.245134371334851e+01, -3.071685574913706e+01, -7.468639689073241e+00, -2.766034930489666e+01, -3.448468189994499e+01, 6.375915676468984e+02, -1.675257943633038e+03, -1.840110184589891e+02, -2.750248134468023e+01, -2.658276059453965e+01, 1.481549186178550e+01, -4.256441198207898e+00, 3.445047974325472e+01, 4.207471813464906e+00, 3.501842213132298e+01, 1.089507477383494e+01, -5.410454797806096e+00, 5.678044583644811e+01, -1.767085621359705e+01, 1.461370298947168e+01, 4.221960240438039e+01, 9.972401947083185e+00, -1.787242421411031e+00, 3.122807264117253e+02, -3.249613054520127e+03, 4.351212104909322e+03, 2.723265724212432e+02, -2.722910975677570e+03, -2.198764521262030e+03, -4.309473316625503e+01, 7.636084002413732e+01, -3.532963480848911e+02, -1.031235506233259e+02, 3.247955571449340e+01, 7.571517496112300e+01, -1.052365257995658e+01, 4.184193421062167e+01, -1.038256711974383e+02, -1.831247448668794e+02, -1.564622376568977e+00, 1.415730226966709e+02, 3.246347762593589e+01, -4.449398598365403e+01, 6.905968033424389e+01, -3.449588238815783e+02, -8.934627679379479e+03, 8.966975928565187e+03, -9.108937098484764e+02, 3.748048402856063e+04, -3.834670115531631e+03, 5.345539589558799e+03, -1.095790113938508e+04, 1.531902119235957e+04, -4.897421269918561e+03, 6.272151179427956e+03, -2.729445180099998e+04, 3.141266370303822e+04, 6.665591546741012e+03, 1.535661319273268e+04, -1.964596069379882e+01, 5.106214737458143e+03, 1.028939966453812e+04, -8.948256711601185e+03, 1.639077774445272e+04, -1.518116445054458e+04, 1.302598030168008e+02, 2.742131761098675e+02, -1.336923748953642e+03, -1.216018549333762e+03, 1.227599042082212e+03, -7.504118494571834e+02, 2.348536695517993e+01, -3.490076469591113e+02, -3.601366733880109e+02, 3.006027213227806e+03, -6.132466651776589e+02, 6.510559508117012e+02, 1.387444828941450e+03, -7.525474877839638e+00, 1.851164527911986e+01, -8.913228334318956e+02, 6.013318940555220e+03, 1.590852949852872e+03, 6.969265424201200e+02, 4.834145179680741e+03, 9.462210426308531e+03, 3.714676828753650e+01, -5.246792692087988e+01, 2.448108787803253e+02, -1.279696451979769e+02, 2.194706680626531e+03, 9.131463786933500e+02, -3.463501131043222e+03, -1.187309468723323e+03, 1.817391537424953e+02, 2.401632533480224e+01, 8.475727517307313e+00, -4.442953339991860e+01, -3.110145188580274e+01, -1.381982912625250e+01, -3.591394718717474e+03, 1.857072167374250e+03, 2.445033896580563e+03, -2.960296343252362e+03, -5.444398620298218e+02, -7.467270498226469e+01, 5.633016034043143e+01, 5.373538602171926e+01, -1.441896494752681e+02, 1.243490961034607e+02, -2.215329601750668e+02, -1.205853584087947e+03, 2.657676851061627e+03, 3.676368740099894e+03, -4.639833018936521e+03, -3.642127371082900e+02, 6.137410855101577e+01, -1.727910321838852e+01, -2.469776709795054e+02, -3.301883573686730e+01, 1.369958101584674e+02, -6.327744545174882e+00, 2.937735293635321e+01, -8.355880243927019e+02, -9.344173474145737e+02, 1.418839241469968e+03, -1.055815326804453e+03, -1.101733491460043e+03, 1.365272876242615e+01, 5.801305289816362e+00, 5.110302727181887e+01, 7.708283761138641e+01, 2.526049957735874e+01, 3.624104494415314e+01, -7.527954101289585e+00, -1.795059284603276e+01, 1.687469063266839e+03, -6.553792095616726e+02, 6.229691164569834e+01, 6.218284100545623e+02, -6.045464849015874e+00, -1.788636433642987e+00, -4.805155149643512e+00, 4.626283651368103e+00, -1.159071423636605e+02, -2.989134823056288e+01, -2.520190093954716e+00, 3.204644406676571e+00, -1.164932947418363e+00, 7.908025832366598e+02, 1.338650568184674e+04, -6.779703349129685e+03, 6.800823029658941e+03, -6.524520999930624e+03, 5.153031150222811e+03, 6.167328169418421e+00, -3.707257446295683e+02, 3.209259875505794e+02, -1.963965469307423e+02, 1.405516171454987e+02, -9.845643902987463e+01, -1.778315008800545e+02, 3.128954383455848e+01, 2.260476875090741e+02, 3.456810372855892e+02, -2.608868288722676e+03, 5.097446059789662e+02, -3.751085615263197e+03, -3.587343164017896e+03, -2.491458034852849e+02, 1.237661905381582e+01, -6.902969331554758e+01, -7.120376592597269e+01, 1.336798250912108e+02, -3.835644909610014e+01, -5.008742194909205e+01, -6.143771584263321e+00, 1.730045259526577e+01, 2.233150376702804e+02, 1.373456111299860e+00, 6.326072933426910e+02, -3.181594308966700e+03, 5.541261195858141e+03, -4.756630079878272e+03, -2.897179759804771e+02, 1.117138498632942e+03, -8.320784866525918e+01, -9.932555524880495e+00, 1.679205785687581e+02, 1.083300974185154e+02, 7.143140574217878e+01, -8.965481948443019e+01, 4.343803142678546e+01, 1.396429043870174e+01, 3.135023355214453e+02, 1.527937887430629e+02, 3.067484239104165e+01, 9.420881216055683e+01, 5.467902998809975e+03, 4.231902671227090e+02, -4.143111370662940e+03, 3.250468292405791e+02, -1.596869267132558e+03, 5.300449148097460e+00, -4.243201258858259e+01, -1.329589142406245e+02, 2.959758760966128e+01, -6.168569776420925e+01, 5.938268624945543e+01, -1.853682153087353e+01, -1.614915180112056e+01, -4.041942639770321e+01, 4.149572539043913e+01, -1.199419626956597e+02, 2.667946284603281e+01, -1.278277856530656e+01, 5.589380999386736e+02, -6.850943619632021e+02, -6.145578903944623e+02, -6.084818363736707e+02, 4.862803758499309e+00, 1.220732652780208e+01, 2.963504680448019e+00, 8.235127322306099e+00, -1.322582232654348e+01, 4.807974265054925e+01, 3.371126622948221e+01, -4.985586331588467e-01, 5.578527507101962e+00, 4.431163968534091e+01, 1.964114113787384e+01, -1.515110540001142e+01, 4.416825110157058e+00, -3.978852669942361e+00, -8.872296514181745e+01, -1.451401541848363e+02, 5.316510347237423e+02, -9.794039931736522e+00, -4.707258674454233e+01, 3.909613072629096e+02, -9.342021092960957e+00, -3.971489133484416e+00, -7.432602545447908e+00, 8.119322320822735e+01, -4.699650803795167e+00, -3.509089199410764e+01, 4.454724358159980e+00, -2.084831870874870e+00, 6.117734679075208e+01, -1.345492246919617e+01, -2.111331575070656e+01, 1.937240977791481e+01, -7.941598428793951e-01, 7.684848750817841e-01, 5.210000356694044e+02, -4.667679621279026e+03, 2.725065857010145e+03, -6.060606447307042e+03, 3.561793816502302e+03, -1.971647024375750e+03, 5.055662325728434e+01, 7.226384276971490e+01, -4.568782845611104e+02, 1.885208326444114e+02, -1.355312873713806e+02, 9.825882108183788e+01, -5.510918918675952e+01, 7.039021086793170e+01, -3.159765051108997e+02, 7.777428407645444e+01, -1.606110424263472e+02, 2.570301720877917e+01, -9.290082737546397e-01, -5.231649453015979e+01, 1.708383182077992e+02, 4.392216743639059e+01, 1.681506526807073e+03, -2.438005368081829e+03, 2.102685985162946e+03, 4.313810487216127e+01, -2.525802777712505e+02, 8.670154176226029e+00, -2.229503679494806e+01, 7.636628375794338e+01, 2.239160217638211e+00, 4.264823584946267e+01, 2.952144776388828e+01, -2.781752880928355e+01, 2.747750058721871e+01, -2.471706046382127e+01, 3.373942670222636e+00, -6.295728738951798e+01, -2.757219272665067e+01, 3.803771292937382e+00, -1.509986161922623e+01, -7.538721310002629e+01, -9.712859363118227e+00, 3.362594226486939e+01, -1.915204700626606e+03, -5.578517116831120e+04, 1.710053350896241e+03, -5.027427356168873e+01, -2.386430706203681e+03, -9.280321322193696e+02, 6.823531557723292e+02, -4.689000013128752e+03, 3.913312324100865e+03, -1.798884639988871e+03, 1.707536101004673e+03, 3.527284542612917e+04, -8.205979831139326e+03, 8.873155667816714e+03, -1.927033892803154e+03, -8.066945360718115e+03, 3.950387535526655e+02, -4.055806819534388e+03, -2.612479739719872e+03, -2.871408208608058e+03, 1.182751879796549e+02, -7.358246414356782e+02, 8.816015315993417e+02, 6.615274645759467e+00, -3.787198782223806e+02, -1.352153622858781e+02, 1.360202611051903e+01, -2.976872090196774e+02, 5.391273537737804e+02, -1.788407590717951e+03, -3.554972518396631e+02, 3.387552303825806e+03, 1.469845865148846e+03, 1.420878696012440e+01, 4.942585473366118e+00, 4.944189461275122e+01, 5.464121595959501e+03, -3.674999857362218e+02, -2.060352878382775e+03, -1.002935785779889e+03, 9.415197145759726e+01, 5.940412940216276e+00, -3.354007904455486e+01, -9.163840832053776e+01, 2.308095351827937e+02, 7.062631922893353e+03, -1.798918816192201e+03, 1.352763143590830e+03, -1.984423404603948e+03, 2.101648969289901e+03, 1.715278307422141e+02, -2.473440987086675e+02, -4.404634882224737e+00, -9.908617267883373e+01, 4.412482728201085e+01, 2.575215229859551e+03, -3.383497079364238e+03, -3.242497896752287e+03, -6.964874577286722e+01, -1.309060489431161e+03, 5.050325614160452e-01, -7.979522533765608e+01, -4.685695718008165e+00, 2.558629317343173e+01, 1.925555499601775e+01, 2.094693589821082e+02, 2.311771560279864e+03, -3.312560293417320e+03, -2.524799415121078e+01, -5.385625233872183e+02, -1.404011826424141e+03, 4.466764135665927e+01, -8.981657478262292e+01, 3.839363863406907e+01, 2.865102929281823e+01, 2.099145730466147e+01, 1.502975195319467e+01, 1.611261971463530e+02, -8.950330726624048e+02, -5.408713449671213e+02, 3.090804575033535e+02, -4.551356709441612e+02, -4.479715842772325e+01, -2.499455430990186e+00, -1.088238878853571e+00, -1.001254422481876e+01, 7.251397711886781e+01, 2.596779076110610e+01, 2.468680110907509e+01, -4.508277873876662e+00, -1.555833323102182e+01, 1.147253616389853e+03, 1.052174158505657e+03, -6.536399738959097e+02, 2.655428577435317e+02, -2.010311585351665e+02, 5.063501064387324e+00, -9.909024386500777e+00, -3.064304612355518e+01, -2.368167142142340e+01, -1.529284095285692e+01, 1.272583219544326e+01, -1.744765284074941e+00, -8.427321194449373e-01, 2.435740790063544e+02, -6.457508788867467e+03, 3.595423830496425e+03, -5.142344552731750e+03, 9.855001790411741e+03, 2.655200439884765e+03, -3.709995283380315e+00, 6.710105830700639e+00, -8.118690895808973e+01, -4.228035459955430e+01, -1.530027127260833e+02, 1.182089631934140e+00, 7.367874160944078e+01, -6.222282974658661e+01, 6.786920002918448e+01, -1.194104059390332e+03, 1.930807628785580e+03, 1.914924185849127e+04, -5.599976122938069e+03, -5.088417336690366e+03, -2.249241965361537e+03, 1.190689600581827e+02, -6.966667650348485e+01, -9.155888742902286e+01, 1.250207956159215e+02, 2.784951886620904e+02, 1.381047737332510e+01, -5.751672039515062e+01, 6.612422210092105e+00, 2.127690372620532e+02, -2.663321726382988e+01, -2.405700196363052e+01, -1.601713439769284e+03, -6.680066513462236e+02, 3.368913521838566e+03, 2.245566256288602e+03, 2.669172293144024e+03, 5.233471742396111e+00, -3.347054627683980e+01, 7.590973205005021e+01, -1.133482764922408e+02, 3.521651952615692e+01, -4.396240317602086e+01, -3.385673544303188e+00, 1.095375543118852e+01, -8.111224835884043e+01, 1.546221265398389e+02, -7.689836227566970e+00, 1.506544540441922e+02, 3.999099105400770e+02, -1.154734620695073e+03, -1.888824842866109e+03, -6.266056409635718e+02, -1.299002722587458e+03, -5.375442908309926e+00, 3.946657762288990e+00, 1.091472221220018e+00, -3.059671221135557e+01, 2.506922935490880e+00, -6.516009817046045e+00, 1.119742102727411e+01, -1.514202703500898e+01, 8.893610978995650e+01, -1.170170580103836e+02, 1.355059392615591e+01, 1.145626299430393e+01, 7.122177616874595e+01, -9.008458763234003e+01, -7.614879189693934e+02, -7.776722512218586e+01, -2.098639143944135e+02, -3.272698848785633e+02, 1.775230055551091e+00, 4.545596753951893e+00, 1.394875318315826e+01, -6.523820287093974e+01, 1.082127047433363e+01, -2.501423350382397e+01, -2.351171369720218e-02, 6.693794481513084e+00, -6.653122841673806e+00, 2.249147215565970e+01, -9.427960358579622e+00, 1.897759518303400e+00, -4.643264114500364e+00, -5.758611070596466e+01, 5.572534019337301e+02, -1.709444975122571e+02, 4.417945414652005e+02, -4.984571068899415e+02, 3.000189624917571e+02, 2.689144135324636e+00, -7.081503038291797e+00, 9.356298233405134e+00, 9.827798878397184e+00, -2.187167225022757e-01, -4.597462458030505e+00, 5.202041285990185e+00, 2.033540812282127e-01, 1.349093042209736e+01, -4.174652969570803e+00, -1.487199242493011e+00, 2.775243777363556e+00, -8.280662655179400e-01, -1.563854871864509e+00, -3.712880628790562e+02, 2.817755876442960e+03, -1.242009531279964e+03, -2.063868849432470e+03, -3.069216041521437e+02, 7.153549171502106e+02, -1.009249489430231e+00, 1.208814426458384e+01, 2.579165360529798e+02, 2.661489653507604e+02, 1.091552654681508e+02, -2.813520143027339e+01, -2.969170282586897e+01, 7.862916295929257e+01, -7.884978591086059e+01, -7.656349408924595e+01, 8.022566885460451e+01, -7.511969191979105e+01, -5.649883307694707e+00, -3.804627066852215e+01, -3.858518313861718e+01, 2.347693754980106e+02, -9.124877848203678e+02, -6.157524870163638e+03, 2.307105695154668e+02, 2.952632528501499e+03, 6.214026282581659e+02, 2.222604786437300e+01, 6.683542058366089e+00, -9.953463333735148e+01, 3.733692917143456e+01, -1.419750487028102e+02, -1.952185579759771e+01, -4.956750653973517e+01, 1.865660532727223e+01, -2.225159227712324e+02, -4.095185001147395e+01, -1.496399477095921e+01, 7.672514229584215e+01, -7.384904207178463e+00, 1.277074597590087e+01, 1.030880523146306e+02, 1.530143629723841e+01, 2.658003674230052e+01, 8.153405685003997e+02, 1.871130374337768e+03, -5.433516542691505e+02, -7.192489995104054e+02, 4.092826043891100e+02, 2.294645322319340e+00, 3.651205972189941e+00, -6.302056530714646e+01, 5.618444547996568e+01, -1.776767802618019e+01, -1.572195342281061e+00, -1.060237290148292e+01, 3.890240699210611e+00, 4.106864427266446e+01, -8.007594809842695e+01, 6.019840916445985e+00, -1.681558229284130e+01, -3.235100599687810e+00, 3.231972819523814e+00, -2.192131500265085e+01, 1.090229237868567e+01, -5.871529171400884e-02, 1.932798012448166e+02, 4.049198469499258e+03, 3.145951908610290e+04, 3.584015379284813e+02, 1.464555511399156e+04, -1.004583748615960e+04, 3.068027554485794e+03, 1.939111481767332e+04, 8.367208968777333e+03, -2.587406493822294e+03, 9.297171855189893e+01, -1.208837015269346e+04, 8.696341600595155e+03, -7.272083404856227e+03, 8.001851228002219e+03, 2.772844694218906e+03, -1.379849843120627e+03, 2.277917917764777e+04, 5.981948030796852e+03, -5.508453575250321e+02, -6.217930125139957e+03, -7.503583030611367e+01, 3.842592460470572e+02, -1.418152637537459e+03, -1.110332051816595e+03, 3.370082882799006e+02, 6.113591714957752e+01, -7.628369222942886e+00, 8.945386639583978e+01, -3.832693057175914e+02, -2.585729252810321e+02, 1.228291426558293e+03, -1.231907702062960e+03, -8.059250164683434e+02, -1.276897446551043e+01, -2.025016724897355e+00, -3.870231548247810e+02, -3.254859483159389e+03, 1.821424001743465e+02, 1.788616384712701e+03, 1.302129310675002e+03, -1.833370915467071e+03, 1.844218484359713e+01, 4.361021329469612e+01, -3.638321815412225e+01, 6.945349631439493e+02, -5.899634374710818e+03, -4.357958203890253e+03, 2.514863326466298e+03, -1.791480385119485e+03, -2.760278799402552e+03, -7.277090266720601e+00, 7.149297661060006e+00, -1.099044559139509e+02, -9.257318485651940e+01, -1.003225639608133e+02, 5.485374513054638e+02, -1.670529940725523e+03, 7.914835056901753e+02, 1.621412843812709e+01, -2.847888933506675e+02, -2.903592489540909e+01, 4.795281794531859e+01, 2.057903535896858e+01, 4.106609367034850e+01, 7.939220452608200e+00, 4.483438015284796e+01, -4.006237108375289e+02, -2.880543032462295e+03, -1.070922304200673e+03, 4.641593586242682e+02, -8.344321987079140e+01, 1.740828215452380e+01, -3.710845164313046e+01, 8.098691119341900e+01, 6.259887898025448e+01, -1.327231208463218e+01, -9.190060183692459e+00, -3.096621524466856e+01, 1.557084059037889e+02, 3.130764115392048e+02, -6.582734670612028e+02, -9.428799215935607e+01, -2.931367912201353e+02, 1.563281940552209e+00, 2.503731987745422e-01, 2.437894359924935e+01, -3.257019113671224e+01, -2.180420364154969e+00, -1.337487672200889e-01, 1.799270678522813e+00, 3.924907323873524e+01, -7.891620077780540e+01, -6.638780352150663e+01, -6.299474798967341e+02, 1.092986398251272e+03, 1.564749114065351e+02, -4.249489433141448e-01, 4.216679278520831e+00, -4.363734151335073e+01, -8.197923272241631e+00, -9.014625928582998e+00, 1.729538033132553e+00, -5.512490801645722e-01, -3.520349580041891e-02, -1.374853738395959e+02, -9.352409896035412e+02, 6.469623807318275e+03, 3.164063632120532e+03, 6.369553322174337e+03, 6.163847868239444e+03, 1.113552169888948e+01, 3.106203201465366e+01, -1.668640575230947e+02, -7.630422208563596e+01, -1.149547240204306e+02, -7.423828661806868e+01, 5.758994111776042e+00, -2.714830348387182e+01, -2.457575191722120e+01, -3.936495976110724e+02, 5.964748498979446e+03, 1.223992130641624e+03, -8.995929615006064e+02, -1.492172937414633e+03, 5.638908227264806e+02, -1.166796866555033e+01, 9.627173777569372e+00, 1.591902634635028e+01, 7.785345782421084e+01, 3.816011170842482e+01, 2.207801161733829e+00, 3.909458313516749e+01, 4.161502862221199e-01, -1.502895024248842e+01, 7.566742630749999e+00, -1.503694803397038e+01, 1.289362691450321e+03, 7.463701914603928e+01, -1.692888156767782e+03, -1.364808368455446e+03, -1.445131007104706e+03, 1.029831165730858e+01, 1.305408858308184e+01, -7.334893047976871e+00, -1.876582888418644e+01, 1.790540003760471e+01, -1.484068455781701e+01, 1.110731153539522e+01, -9.964680358326518e+00, 1.255737931661125e+02, -1.772686787639582e+02, -1.092087174336070e+01, 1.971292772783843e+01, -1.961157050498988e+03, -1.114497641149062e+03, -7.317508736061565e+02, 1.338923233577946e+03, -2.357949234231793e+02, 1.293069537122552e-01, -1.273437810696168e+01, 4.754678695070269e+00, 8.477707567002383e+00, 1.509138156329757e+01, -1.173783399451955e+01, -1.934978702097272e-01, -5.046521171624437e-01, -5.570610700345087e+00, 7.116460298589203e+01, -1.970086975863812e+01, -3.991964078164784e+00, -1.333838867779955e+01, 2.669877788609654e+01, 4.809863482531986e+02, 3.989578352829038e+02, -1.139684576515302e+02, -1.107719379293781e+02, -3.609265304519970e-01, -3.103208107470333e+00, 2.947917779397860e+01, -3.150807014612899e+01, 2.304561216596093e+01, 8.751126463248947e-01, 6.768522813279730e-01, -1.346421124558952e+00, 3.018682195205019e+01, 8.803695822678517e+00, 6.554646685382763e+00, -3.225476316657920e-01, 1.511022996231744e+00, 2.060834424984207e+01, -4.020336001329022e+02, -6.095440565514782e+01, 4.669814950276056e+02, -4.962032993656167e+02, 2.205497107752840e+02, -6.137975155155723e-01, 2.317224117762202e+00, 1.231846515950422e+01, 3.012589832036172e+01, -7.122572340092356e+00, 1.176867588770004e-01, -1.439722822589778e+00, 4.922198068205209e-01, 5.712080790014508e+00, -2.120826316135780e+01, -6.886523132577574e+00, 1.377241323722089e+00, -7.609630617984515e-01, 2.390365651922988e-01, -4.872949680873211e+02, -5.409322838286558e+02, -5.065989912165168e+02, -7.721779988845037e+02, -2.954449847190256e+03, -2.524221774969491e+03, -7.558588513273408e-01, 5.252381223263339e+01, 2.039908193442564e+02, 9.252797975450585e+01, 8.891398643631371e+01, 9.617928845121636e+00, 1.845232774378143e+01, 1.848135477780939e+01, 1.172805908283539e+02, -1.547549650480178e+01, -8.344318668310538e+01, 1.712018636438097e+01, -1.656270976822798e+01, -2.130792943775427e+01, -9.667766654719046e+01, -8.926917775830918e+01, -2.306704991315123e+03, -1.653722758177730e+02, -1.211188097713782e+03, 2.523912180585109e+03, 5.714578683130300e+02, 2.563276342772473e+01, -1.293653102178727e+01, 8.964834889995895e+01, 4.421806712722508e+01, -4.081884178943655e+01, -8.427711653590459e+00, -4.298163438037180e+00, 4.749639811875027e+00, 2.310197295537628e+01, -2.179153014586913e+01, 1.119440835868157e+02, -4.607939251766853e+01, -1.486584466440248e+01, 6.633043413102987e+00, -1.129011729032919e+01, 9.292665847118813e-01, -1.461413203379150e+01, -1.447605973744627e+03, 1.246962007707538e+03, 4.186825116448673e+02, 6.717582737179767e+02, 2.194459428101790e+02, -7.568578667330293e+00, 1.290123104888765e+01, -9.775753691316643e+00, -1.053292505593753e+01, -2.954096292060689e+01, 1.916491674743079e+01, -2.769319135070534e+00, 5.163617572593769e+00, -7.278904686975960e+01, 9.002275735602679e+01, -1.348168837653222e+01, -5.527428637569884e+00, -5.066696785244283e+00, 3.013167985956272e+00, 5.782720120828068e+01, -4.171171925561495e+01, 1.999042460224690e+01, 8.051169223353133e+01, 5.095704294609536e+02, 5.130447462594366e+02, 2.643871218803618e+02, -1.045283845501733e+03, -3.802046508817857e+02, -1.994055172835722e+00, 5.820437374265345e+00, -8.916751746758917e+00, -1.101468191516384e+01, -2.679301389889841e+00, 1.371564822184633e+01, 6.251523416061647e-03, 1.474674664276554e+00, 1.631777556177584e+01, -2.596422442759672e+01, 2.062130018444333e+01, 1.585205916577813e+00, -3.554614307430961e+00, -3.162596116209215e-01, -1.480626861168177e+01, 1.300877190021803e+01, -6.549379474335738e+00, -5.956323527650121e-01]
