elements:      [Ag]
cutoff:        6.0
pair_type:     gaussian
feature_type:  pair
model_type:    2
max_p:         3
max_l:         0

electrostatic: 0
mass:          [107.9]

n_pair_params: 8
pair_params:
- [1.0, 0.0]
- [1.0, 0.833333333333333]
- [1.0, 1.666666666666667]
- [1.0, 2.5]
- [1.0, 3.333333333333333]
- [1.0, 4.166666666666667]
- [1.0, 5.0]
- [0.0, 0.0]

n_type_pairs: 1
type_pairs:
- atom_type_pair:      [0, 0]
  pair_params_indices: [0, 1, 2, 3, 4, 5, 6, 7]

type_full:    1
type_indices: [0]

n_coeffs: 164
coeffs: [4.928399143235301e+01, 2.248831535471161e+00, -3.584204834623027e-01, -8.073387712981808e-02, -1.936604253608264e-01, -1.446871019512862e-01, -6.472782200698686e-02, -2.008597801220791e-01, -1.615254758578935e+01, 2.055159847871502e+01, 3.034266170158376e+00, 1.184026004354095e+01, 1.157146151341332e-01, 7.174514493221877e-02, 6.999038310642343e+00, -5.397995587002183e-02, -2.831977529638383e-02, -7.865576544716204e-04, 2.926496790448484e+00, 2.136583754121435e-01, -8.869909990299713e-04, -5.151868833734904e-03, 2.436125017030656e-03, 1.541618040609790e+00, 3.804593253390296e-02, -7.941585194878384e-02, -4.631994704958611e-02, 3.739825232609897e-02, 5.955970782263880e-03, 1.598316778868817e+00, -7.049017054330037e-01, 6.942195785771298e-02, -8.291731856316562e-02, -1.668608576367440e-02, -7.019198112077691e-04, 3.454117696892407e-02, 1.556754825160544e+00, -2.836303734730413e-02, -1.190826391529040e-03, -1.620191742014106e-03, 9.020278408847266e-03, 4.214799195750251e-02, 4.511864763646451e-02, 1.445180042656670e-02, 2.571704739813318e+02, 2.324593838290806e+01, -7.350424354088616e+00, 1.359128402930204e+00, -2.923174264360060e+01, -2.579378944767760e+00, -8.681517026599144e-01, -4.038649197349052e-01, -4.032434468687833e-01, 3.678730177134487e-02, -1.394739179740017e+01, 2.192750852131647e+00, 1.777402517260326e-01, 1.695301190782184e+00, -1.052732781029756e-01, -1.744669878853525e-02, 4.943890896815454e-01, -3.109355535840587e-02, 1.020565915409764e-03, 1.150248062784193e-03, -1.213626908029759e+01, -9.334005137613589e-02, -4.004987334730695e-01, 1.242791507760504e-01, -1.195127051318220e-01, 8.414961293521784e-03, 1.232602718794969e-01, 1.594336820269681e-02, -1.199595763525140e-03, -2.700072312315364e-03, -2.072531471933305e-02, 4.655314548888730e-03, 4.108714883545699e-03, 5.325235036391740e-04, 8.534158511229661e-04, -9.993589774929763e+00, 1.901180136540038e+00, 2.243381015313493e-01, 4.839339552208186e-01, -1.061005444185076e-01, -9.003969133921280e-04, -6.156194344968108e-02, -1.782052285902368e-02, -7.366745654989179e-04, -9.795109421201851e-04, -2.574420942279361e-01, -8.484769684069006e-03, 5.015540145122444e-03, 1.475767573968487e-03, -1.598684347996183e-03, -2.637276491709745e-01, 4.529215711274764e-02, -7.316295773209274e-03, 3.600352588514622e-04, -2.107123027284385e-03, 1.780411061408923e-04, 6.109853958025727e+00, -3.480753302145930e+00, 1.480941955233994e-01, -3.771701693718587e-01, 1.271274729793885e-02, 1.527406904615104e-03, -3.858407192877977e-01, 7.754944036742006e-02, 1.304500259499402e-02, 7.429372589340141e-04, 6.071842197706682e-01, 7.464999081758208e-02, -3.858915493725484e-03, 6.078588085367004e-05, 6.054941624083049e-03, -2.956384683043868e-01, -5.377385131738920e-02, 2.216067622448636e-02, 1.699140745965323e-02, -5.914740878953926e-03, 6.412271528856105e-03, -2.153717073234633e-01, 1.338323976860970e-01, -9.951374638040512e-03, 1.354143813248511e-03, 1.460822061968827e-02, -1.139296372696795e-02, 1.179024079032543e-02, -2.719458951509580e+00, 4.748701512316876e-01, 1.205637437937221e-01, 3.655732267423343e-01, -6.919069937903210e-03, 1.082977991971097e-02, -7.239277010644329e-03, -1.651233842473671e-02, 3.016019642725227e-03, 1.510462666678403e-03, -7.101541885751833e-02, -1.459595296377861e-02, 1.008681011747900e-03, -4.487026606670442e-05, -9.839915605965716e-04, 2.429463410422087e-02, 1.741401640508123e-03, 2.231573069333814e-03, 1.174456438800502e-03, -1.730373122684664e-03, -1.320481582758386e-03, 3.841470750906367e-02, -3.654465854804825e-02, -1.102968477272676e-02, -1.401604490743696e-04, -1.629844142807461e-03, -3.739465955013838e-03, -1.203729114991101e-02, 1.224372640969158e-02, -7.023930594411983e-03, 1.273576944649670e-03, 7.360425655400714e-04, -8.237411353585290e-04, -7.581187019166324e-04, -3.023995135576958e-03, -2.782780892392119e-04]
