elements:      [Os]
cutoff:        5.0
pair_type:     gaussian
feature_type:  gtinv
model_type:    4
max_p:         2
max_l:         12

gtinv_order:   3
gtinv_maxl:    [12, 10]
gtinv_sym:     [0, 0]
gtinv_version: 1

electrostatic: 0
mass:          [190.2]

n_pair_params: 6
pair_params:
- [0.5, 0.0]
- [0.5, 0.75]
- [0.5, 1.5]
- [0.5, 2.25]
- [0.5, 3.0]
- [0.0, 0.0]

n_type_pairs: 1
type_pairs:
- atom_type_pair:      [0, 0]
  pair_params_indices: [0, 1, 2, 3, 4, 5]

type_full:    1
type_indices: [0]

n_coeffs: 4200
coeffs: [1.015203215062403e+00, -2.995927998447014e+01, 1.162737389098834e+02, -1.066381422806571e+02, -2.870527684061165e+01, 2.375702872137825e+01, 1.319715214947100e+02, -2.717081538269698e+01, -1.362991134508786e+01, -2.018214345480509e+01, 7.290898451383194e+01, 5.245314696759703e+00, 3.143463664972680e+01, 3.487683472895220e+00, 5.300474893133734e+01, 6.856908655394885e+02, 3.097013855921310e+02, 3.403651625584374e+01, 1.356752227313795e+02, 3.999325999675483e+00, 1.757130883971863e+01, 8.776871569523959e+01, -1.524396701717536e+02, -1.783276808954803e+01, -8.855729744207635e+01, -8.127066590238189e+02, -1.233732682568232e+03, -6.497677587729285e+02, -1.468933093370228e+03, 7.535241600571037e+02, 4.104920551730260e+02, 2.364962344792562e+02, 1.047630429152096e+02, -9.304422846121102e+01, -1.486823453991786e+03, -1.437359426637849e+03, -1.080027166470206e+03, -1.980999058427165e+03, 1.660727459765242e+03, -8.841315686618739e+01, -1.854564569812663e+02, 5.544728320597246e+02, -4.817459747147314e+02, 4.188617027981662e+02, 5.252967900382298e+01, 2.852291040431713e+02, 1.284793600554009e+02, 3.383218671278799e+01, -9.568909889990378e+01, -8.076255451724941e+01, 5.991011816351153e+01, 2.445142707317166e+02, 1.085043127508908e+03, -4.860897569106741e+02, -7.136580005085868e+01, -1.597445696680925e+02, -9.452190671703455e+02, 2.351830956418294e+02, -4.489945609681334e+02, -5.904845206087246e+01, -2.620328867961747e+02, -3.727579468241660e+01, 2.907607789775411e+02, -1.554189824570175e+03, 9.344964460159570e+00, -3.518744700581275e+02, -4.995084322791464e+02, 2.550088788232571e+02, -3.603656878578869e+02, -2.087082385609212e+00, 2.024788028544346e+02, -6.637944852536781e+02, 8.709596117424547e+01, 2.451926478090008e+02, 1.918447571061628e+02, -2.900797885629383e+00, -1.621807522012540e+01, 8.794833041338064e+02, 7.814074993281135e+02, -8.569916030143888e+01, 1.182821001151397e+02, -3.344455415990624e+02, -2.189245551850138e+02, -1.016182954040218e+02, -6.441983525182343e+00, -8.212112453398646e+00, 2.038034721174143e+02, 4.011584192271097e+02, 1.004163691055534e+02, -3.150987027201579e+02, -1.778148104267342e+01, -2.497322440352555e+02, 5.771093229749912e+01, 4.263626321971607e+01, -9.426187916546555e+00, -9.333721903691203e+01, 1.592229862302996e+01, -1.312673632991009e+02, 9.394620127374390e+01, -5.157627116741710e+01, 6.191327408187272e+01, 6.047596518189468e+01, -2.459872375686812e+01, -7.871166447942929e+01, 4.187655972520927e+01, 1.329849553517551e+00, -3.740444688012368e+00, -1.105277206678622e+02, -7.221450070636628e+01, 8.553909628921150e+01, -2.228823394318089e+00, 2.939476405355021e+01, 4.466390906223096e+01, -2.887806450719856e+00, -2.229251897136331e+01, -3.512186994237063e+00, -4.780373424794221e+00, -3.887720463037624e-01, -7.172328201970860e+00, -1.098889419146755e+01, 1.375670134245019e+02, -4.515616986717893e+01, -5.459480857004839e+01, 5.304051026090778e+01, 1.631117534213678e+01, 1.076705575209878e+01, 4.047723109865693e-01, -8.584104010730488e+00, 7.589352291036229e+00, 2.162337383044523e+00, 1.535694291380196e+02, 7.719322067366380e+01, 1.308708631810565e+02, 1.637957236421933e+02, -2.372388001817179e+02, 3.648336022838561e+01, -4.756380692944298e+01, -8.705623164582292e+00, 1.752040894448301e+00, 2.033025314136058e+02, 2.141567029630966e+02, 1.065431967704651e+02, 1.847919588563521e+01, -1.977301857404961e+02, 1.736349960008828e+02, -1.210808636059725e+01, 6.050204748971199e+01, 7.109324222112789e+01, 2.212237143579623e+01, -9.739615997527746e+00, -3.414046210744042e-01, -4.893784602085071e+00, 1.995962996604203e+00, 7.711597826050874e+00, 3.663939804748217e+00, -4.673161346529265e+01, -8.267155543066765e+01, -1.333061739775615e+02, 1.002490092004134e+02, 1.070114040754182e+02, 9.019382665394653e+01, 8.714870134896471e+01, 1.096204465939892e+01, -2.193303936776675e+01, -3.633185837831070e+00, 3.808631804895564e+01, 4.235322194649921e+00, -3.720010894765116e+00, 1.484883612475616e+02, 3.467733316663512e+01, 5.836568069497212e+01, 6.027536970387681e+01, -1.561257485985745e+01, 3.231972926911056e+01, 2.204042914930298e+01, -1.900536536855719e+01, 7.732515257575619e+01, 1.933664275991814e+00, -4.595593679963866e+01, -1.901430411850816e+01, 4.157833833198028e+00, 4.453632763604046e+00, -5.063688180543807e+01, -5.042416246322163e+01, 7.644669740357624e+00, -6.428521326587763e+01, 1.682533411249198e+01, 1.852335607249800e+00, 4.806651197556729e+00, -4.503017208978893e+00, 1.475043442476232e+00, -4.721826204476506e+00, -1.822330898628960e+01, -7.361105323191425e+00, 4.522811936686450e+01, -1.400941495645464e+01, 6.571849002110222e+00, -7.627454512648806e-01, -8.700765274268580e+00, 1.655541145542574e+00, -1.020195296657655e+00, -1.228388002700285e+00, 2.139918400101326e+01, -9.445709296864381e+00, 7.437171542835689e+00, -5.972278443663305e+00, -2.053726366187645e+00, 2.782633895753737e+00, 5.438109458009853e+00, -3.600895521051131e+00, 8.378052063907211e-01, -1.074619816499460e+00, -6.007799484732318e+01, -2.452299850414769e+01, 7.709902925351867e+00, -1.697718163483972e+01, -1.234637766164714e+00, 7.591655314745073e+00, 5.917292606394674e+00, -1.432030151958819e+00, -1.724420321582253e+00, -4.604717695084011e+00, 3.611198355244646e+00, 1.842267461532451e+00, 4.871707652936761e-01, 3.119518759618973e+01, -4.279649736722596e+00, 1.043975783299456e+01, -3.487352829735516e+00, -3.088708986956449e+00, 1.085663234242126e+00, -3.317782852882938e-01, 4.780902605398521e+00, -5.260744158190194e+00, 3.155099615988831e+00, 8.897356388408470e+01, 5.287449131092838e+01, -4.357747229591442e+00, -1.440584879192913e+01, 3.328738645804140e+01, -3.049523091821956e+00, 6.893500183791659e+00, 5.614705591637503e-02, 1.278491579465315e+00, -4.367712581905037e+01, -4.819327656717766e+01, -3.323965651655567e+00, -8.075847436282380e+00, 2.821867464166143e+01, -2.767814303871418e+01, 9.096649215594020e+00, -3.945786984028329e+01, -9.697097651019041e+00, -2.494841842066660e+01, -6.262272937930451e+00, -2.315515314701803e+00, -4.197255457824094e+00, -1.263716199337106e+00, -1.522871399449033e+00, 3.729728497250832e-01, 2.387516240292439e+01, -1.489918439440417e-01, 2.409138367220438e+01, -1.423069113452858e+00, -2.051058876732525e+01, -1.887652133848554e+01, 1.154317765403460e+00, -4.161837672561617e+00, 1.779158583650752e+01, 1.395399140234154e+00, -7.962575931090135e+00, -3.632334208681290e-01, -5.945657979028038e+00, -2.059162637966629e+01, -9.420917630560828e+00, -5.616995333993474e+00, 2.928145004377047e-01, 2.687283036620701e+00, -6.401177824571458e+00, -1.021611911853677e+01, 2.959111265213712e+00, -1.587186407013184e+01, -2.843115064479614e+00, 1.135288110579037e+01, 2.773009400618056e+00, -6.096826324315976e-01, -8.836590625261297e-01, -2.859335036514291e+00, 2.649265548243922e+00, -1.618858941834048e+00, 1.457817373514278e+01, 3.739398912251974e-01, 6.895331647397049e+00, 4.646745585107858e-01, 3.016314274483269e+00, -8.215108382522964e-01, -3.123752387020159e+00, 8.759634588210665e-01, 7.131081971067397e-01, -8.843452904955994e+00, 4.324492960024713e+00, 8.526926810919827e-01, -6.098906955506199e-01, 1.682433005559343e+00, -4.141698054648459e-01, 9.025790464457534e-01, -2.629905606249520e-02, -3.769866704291961e+00, 1.024979322578663e+00, -1.383048653588215e+00, 9.293365206268535e-01, -2.777688905723128e-02, -5.169873602633854e-01, -6.020251717343327e-01, 4.591447786655379e-01, 4.540006859032393e-01, -8.302814729939610e-01, -2.625984224659736e+01, -1.285625292862283e+01, -9.493837287858703e+00, -3.894521651392276e+00, -5.812321421021855e+00, -5.431439789989559e-01, 1.825946907568456e+00, 1.610843140953404e+00, -8.278965526149819e-01, 6.632312995291113e-01, -8.825339753572294e-02, 6.624131180023233e-01, -3.924141716920710e-02, 2.997645457173626e+00, 2.434584916975317e+00, 4.741761495551077e+00, -8.651072790434481e-01, 4.693733775422178e-03, 2.185882056371017e-02, 2.221781718550099e-01, -1.831375765921671e-01, -1.018295934041212e+00, -5.900079785042288e-01, -1.016524446129194e+01, 1.163494320371282e+01, -9.803909197863710e-02, -8.702771877154001e+00, 5.344997325918524e+00, -9.954886365304173e+00, 3.076940468811038e+00, -1.003352441479436e+00, -3.741791627935090e-01, 1.847303800606583e+00, 1.441200699128908e-01, -2.923935599697441e+00, 8.624808930285818e+00, -1.331533890404884e+01, 5.582449547470287e+00, -9.498135769191250e-01, 1.930863942183726e+01, -1.934286057758438e+00, 9.949896404246108e+00, 4.356872385055083e+00, 2.482637239937032e+00, 1.807392601576257e+00, 2.466812259747383e-01, 2.281567057176825e-02, -1.097451067812647e-01, 1.644789027199800e+00, 1.417825255744479e+00, 1.535263231808090e+01, 1.761003319098698e+00, 2.940559146686038e+00, 9.557993351051445e+00, -6.180396741515517e+00, 2.609525745899772e+00, -6.151958052407320e+00, -2.763842046427833e-01, 2.449485729598691e+00, -1.657202626901817e-01, -2.246832909233357e+00, -6.769297894828491e-02, 1.239808021621851e+00, -5.718358252219073e+00, -4.189158642679204e+00, 1.198305875967412e+00, 1.164209861438054e+00, 5.218803087465960e+00, -3.738418246617771e-01, 4.553264530420413e+00, 2.228243262783809e+00, -2.680926630943816e+00, -6.301589695630374e-01, 1.067998667699047e-01, 2.766103474569267e-01, 6.562348908503473e-01, 1.837686417377835e+00, 1.735625670939389e-01, 1.424444930839085e+00, -2.084136989412997e+00, -4.812956971768310e+00, -6.133386450747536e-01, -1.466594906285078e+00, 2.214501930839335e-01, -8.457193690359359e-02, 1.511813573529387e+00, 5.844370476848040e-03, -7.144612381516634e-01, -2.115928426311060e+00, -1.507894026958128e+00, 2.005410123456268e-01, -5.001514532225440e-01, 7.579636718753954e-02, -1.749394957646762e+00, 4.922838302198392e-02, 1.462331364058345e+00, -2.072125383650086e-01, 1.852489955210593e-01, -2.199552763314756e-01, 2.064991715254555e-01, 1.047841526973337e-01, 9.628594558615157e-02, -1.083987646356512e-01, 5.412290997124444e-01, 3.996231138343977e-03, -1.205043221560622e+00, -3.467880032811947e+00, -1.678877643109020e+00, 2.821153835825692e+00, -2.299156238887958e+00, -2.470817461722082e+00, -8.090073269514089e-01, 8.010506944808490e-01, 2.443919298230398e+00, 1.185904148266647e+00, -4.526386176641177e-01, 7.717146463916089e-01, -1.043414567161161e-02, 7.899552628880970e+00, -6.477853868068895e+00, -3.564277467869287e+00, 1.155155798537250e+00, -1.437718843501657e+00, -2.402265385724084e-01, 2.504200883637919e-01, 7.323734421479812e-01, -2.934087355082293e-01, 5.835949401725818e-01, 1.765749041035954e+01, 2.099581651879403e+01, 1.090748750032322e+01, -1.943841547399354e-01, -1.867520072539265e+00, 1.468977960699662e+00, -1.624348785354427e-01, -1.391985903669033e+00, 8.549903395470875e-01, 4.210120979083825e-02, -1.144452955768703e+01, -3.751356053204554e+00, 2.306660217129651e-01, 4.078557080353558e+00, -5.148275510936182e+00, -3.205311540620999e+00, -2.169239329519895e+00, 1.667549237453772e+00, 1.974972821715134e+00, -1.570557013090057e+00, 1.385095879826326e+00, -3.691601132044231e-01, -1.433756465106189e+00, -5.100779288675615e-01, 2.592262380479474e-01, -1.812463606047785e+00, 1.408305135017624e+00, 6.615441692347632e+00, -4.094147366010140e+00, 7.072124811160027e+00, -1.259081248893893e+00, 4.553830807213691e+00, 4.446828284958147e-01, 2.190236462508103e+00, -7.660729629114970e-01, 5.540224604730132e-01, 6.084706896032579e-01, -3.749289747300490e-01, -5.879633046337983e+00, 1.117746640588956e+00, -6.639537011709835e+00, 7.582699671717100e+00, 4.771424825848773e-01, 3.058346561598746e+00, -1.845828070750232e+00, 1.062700266189020e+00, -2.417487325915296e+00, 4.093439705028473e-01, 8.820281279035852e-01, -4.952140661731612e-01, -4.481033982213697e-01, -2.073779821452304e-01, 5.312503869738782e+00, -8.313688965690225e-01, -5.380401330502644e-01, -3.927595522094418e+00, 2.973733590981534e-01, 2.470107053041221e+00, -3.421835028793832e-01, 1.272049932977024e-01, 9.748397909571750e-02, 8.080784133533764e-01, -2.542959572470115e-01, 2.435626669980204e-01, 3.800472484217848e-01, 5.138547687697640e-01, 2.746721581586840e-01, 2.613430797947480e-01, -2.450123251876420e-02, 1.663678842556096e-02, -2.599250848567699e-01, 1.701963150631712e-01, -1.322866525890909e-01, -2.567933835883170e-01, -3.066192335943235e-01, 3.007187165234828e-01, 2.107445470891872e-01, -1.993021632624841e-01, -1.972088833168024e-01, 3.756744718161693e-02, 4.774902508495844e-01, -1.223810177958124e-01, 9.326230548729326e+00, -2.140960809050133e+00, -2.462112821704694e+00, -5.678777744371651e-01, 2.304549713396690e+00, 1.496700288778146e+00, 1.264236139773871e+00, 6.823923729486889e-01, -4.465084028242102e-01, 3.237113370847583e-03, -3.732404112073715e-01, -4.774250332332464e-01, -2.166330740711567e-01, -3.914190863079800e+00, 4.231451699449462e-01, 1.310604286200052e-01, 1.128760313374300e+00, -3.607457263603716e-01, -4.921081798819925e-02, -8.016384736485317e-01, -2.815066033370343e-01, 2.478788145827069e-01, 2.868876743448643e-01, 2.415781995320109e+00, 2.408501889470524e+00, 1.632201049022522e+00, 2.578330872636325e+00, 1.428339714146189e+00, -9.999316451190384e-01, 2.407271874175551e-01, 3.100798370321642e-01, -2.237415636961274e-01, -1.299630797683920e+00, 1.115274462828245e+00, -1.224170263196503e+00, -3.106319830218142e+00, 5.811093825423069e-01, 1.774146526734357e+00, 8.315941402415399e-01, 8.438291195964399e-02, -6.213794529113352e-01, -7.334588051465157e-01, 3.314015887942341e-01, -7.653297748379579e-01, -9.049561436292515e-02, 5.437613674987988e-01, 1.968161533390242e-01, -1.651583621498679e-01, -4.977611984210556e-01, -1.421401602987123e+00, -2.951935670219706e+00, 1.570200723280447e+00, -2.124227567643433e+00, -1.536191286046834e-01, -9.796357240942127e-01, -3.152001308471158e-01, -2.578358847689503e-01, 1.425184447323994e-01, -4.443794304507493e-01, -1.920954691775996e-01, 3.128078261457327e-02, 1.064791091665279e+00, -4.525863905991550e-01, 1.585141847877998e+00, -1.210648614505932e+00, -3.081717829404929e-01, -8.751959655121242e-01, 8.737700795328729e-02, -3.116257322022077e-01, 4.875060509402204e-01, -5.908643318476934e-01, -1.292918536322793e-01, 2.694358829058484e-01, 1.593021123694804e-01, 6.051556086748520e-02, -1.191064873389330e+00, 8.472508228000609e-02, 2.022824002897237e-01, 1.276690272054929e+00, 1.960208446446011e-01, -5.685040643998764e-01, 2.182118911081206e-01, 6.176850904862084e-03, -3.670240441178273e-02, -2.980054268937401e-01, 2.053044077220837e-01, -3.778104198210543e-02, -4.105168654038181e-01, -1.124046254555811e-01, -1.966453693735597e-01, -2.607980813564710e-02, -6.566728200355294e-03, 2.888442603629977e-03, -8.832487168393614e-02, -3.382333555420061e-02, 8.589078666264911e-02, 6.764904471101087e-02, 1.863167271513392e-02, -7.122060326496400e-02, -7.937055857939543e-02, 8.884993834636291e-02, 6.923447849566394e-02, -2.155718245994013e-03, -2.995928228350037e+01, 5.300485800063109e+01, 2.652182312029775e+03, 6.856910252319008e+02, -9.530280450846710e+02, 1.064350012596275e+04, -3.097015179476560e+02, 1.345062267284337e+03, -3.607924868737150e+03, -1.304170747555835e+02, 3.403659532683163e+01, -2.640833073442888e+03, 4.343916327398461e+03, -2.553265003865262e+03, 2.477865679289428e+02, 1.356752269233139e+02, -8.223364076587642e+02, -2.359114307509100e+03, -2.185699626546215e+02, -1.272931402752499e+03, 1.034062918815614e+03, 3.999401260255464e+00, 7.759535391936754e+02, -3.605965283273279e+03, 5.064708442667866e+02, -5.159912534640204e+02, -3.857970146769251e+02, 1.627263259066569e+02, -1.757144457173541e+01, 1.470923946860977e+02, -2.110003877573872e+03, 1.933314955533247e+03, 1.319796858599172e+02, 1.151310033203936e+03, 6.967643321105802e+02, 2.851198820506885e+01, -8.776873855144173e+01, 5.713125967299395e+01, -2.634441697559505e+03, 5.865235741246586e+01, -6.557092001857694e+02, 7.852943380356311e+02, 6.939540553533993e+02, -1.629268121685319e+02, 1.556888074269871e+02, 1.524396596273377e+02, 2.824958884000869e+02, -1.546279078403514e+03, 6.782651577119710e+02, -8.743209493142932e+02, 1.802213742366621e+02, -3.480251623769792e+02, 2.615777928078916e+02, 5.910605899298301e+02, 6.340832253390072e+02, -1.783272611606646e+01, 8.828182831159859e+01, -2.060044752671445e+03, 1.316024914493729e+03, 1.296046697742309e+02, 2.477125619608761e+02, 1.150671606910969e+02, -2.065278852657709e+01, 1.326425420755040e+02, 1.257521674429775e+02, 3.136309535808777e+01, 8.855727271364655e+01, 4.605266101070633e+02, -1.289810711295653e+03, 1.174731040651577e+03, -3.172767908904825e+02, 2.632802809151908e+02, 5.467922741474869e+02, -6.759802401006947e+01, 3.073877685352481e+02, 6.195658407165463e+02, 1.207624654386120e+02, 2.829056044261888e+02, 1.966024672033739e+02, 6.192346517561884e+01, 2.124403572532959e+03, -6.541780527140711e+02, 9.453376806684344e+02, -2.675854390961516e+02, -3.246374338572460e+02, 1.205095285098293e+02, -3.103095071943020e+02, -5.920841036789329e+02, 7.365618962667803e+01, -4.090572829254251e+01, -2.686248948009317e+02, 7.535262473548858e+01, -4.883799859679127e+02, 3.850312445550951e+02, 3.103112549763865e+01, 6.019423948271477e+02, 3.629037508111134e+02, -1.494183599667859e+01, -3.313977845583792e+02, 3.262859850287764e+02, -7.049152336868953e+01, 8.511281641742140e+01, 1.746991200774480e+02, 1.422583790631030e+02, 4.964931172466831e+01, -1.182270877596663e+01, 4.980702912524230e+00, 3.792532871651474e+02, -5.294395532318646e+01, -1.086002183073625e+02, 9.063496763512612e+01, 6.260500082676815e+01, -1.335284537819864e+01, -3.108581831929801e+01, 7.244793295374390e+01, 7.150176939263476e+00, 1.382180134926202e+01, 4.342969872753265e+01, 1.381311309403440e+01, -3.740445937493250e+00, -1.200062641244289e+01, 1.936317851255982e+02, 1.092603654679804e+03, 4.614202699417659e+02, -3.394472387145256e+02, 1.414525650100811e+01, -2.344396496382003e+02, 2.823535546921268e+01, -1.426388552781165e+02, -2.033197141113146e+02, 4.928634618282468e+01, 1.816129093229422e+02, 1.366247595192722e+00, 1.133422832806900e+02, -1.098888427467780e+01, 4.191746658593983e+01, 2.531708327613355e+02, 2.994715295369621e+02, -2.320250421329461e+03, 5.880683331042874e+02, -6.455483923540867e+02, 5.149207097178710e+02, 3.974740258044608e+02, -1.559272476490037e+02, 1.177474656347757e+01, 2.393078420128486e+02, 2.748013078230227e+02, -1.974963837452546e+02, -1.387037629814818e+02, -1.671783617089593e+02, 1.375670724568646e+02, 2.685779805504885e+02, -7.841947317454986e+02, 7.384798772582934e+01, 3.308922527465452e+02, 7.233961022347133e+02, 5.032997356964296e+01, 1.908422585591231e+02, -3.856211657031958e+02, -2.931233530113382e+02, -7.811171113233887e+01, 1.087083294822523e+02, -7.371376113509135e+01, -3.315043453833750e+02, 1.776285518694032e+01, 3.570598275116283e+02, 2.797516719947261e+02, 4.515615124079631e+01, -1.682257315257788e+01, 4.671962428158719e+02, 4.620746236270480e+01, -1.780789338600885e+02, -5.832523652557418e+00, -5.372956641466123e+01, -6.938893094747034e+02, -1.886317023336213e+02, 2.264972685826967e+02, 3.996986232310252e+02, 2.878628859244963e+01, 3.919848895461477e+02, 1.418558668112258e+02, -1.529561546274236e+02, 2.961884375165870e+02, -3.356416222665043e+02, -1.185162887787320e+02, -5.459469881301464e+01, 6.189174309914606e+01, -3.448647314150772e+02, -2.059725894935941e+02, 7.755680989441491e+01, 9.243844182053114e+01, -3.421624853633069e+02, -6.269972863555593e+01, 2.464425602831617e+02, -1.486603376946263e+02, -1.458363469715487e+02, -2.454152675685700e+02, 3.319571082000583e+02, 1.690939543863730e+02, -2.921056205422704e+01, -2.403135180166898e+02, -4.041338451017246e+01, -4.184069729500783e+01, -2.849045512992301e+02, 5.304056767706690e+01, -4.285060932919173e+01, 1.892195883216026e+02, -7.638965874016282e+01, 2.139807930582552e+02, -1.264376005723303e+02, 3.939852815200491e+01, -1.785147479034825e+02, 3.917909329375041e+01, 7.095940614463087e+02, -1.373837920900827e+02, 1.241421610886538e+02, 3.932217674106548e+01, -9.677076165425477e+01, -2.072685170578397e+02, -1.128432305226231e+02, -9.569084947490903e+01, 8.157140108335589e+01, -1.076530657298124e+02, 1.231027915829882e+01, 1.631107887197276e+01, -6.194327786875693e+00, 1.145424720866795e+00, -3.328318627908502e+01, 1.025735356815319e+02, -4.943681689787294e+01, -8.469409392426134e+01, -3.832968871249682e+01, 9.020080286270026e+01, 1.984930678440765e+02, -1.226903865478392e+02, 2.158251673342677e+02, -2.977115138197702e+02, 2.168594180308853e+02, -3.204435889159950e+01, -9.023442893359251e+00, 1.311844329988861e+02, 3.033240482088117e+01, -1.604457208061272e+02, -1.959127203896593e+01, 1.031834497702369e+02, -1.076702896787521e+01, -3.437953808279590e+01, 3.579874312540198e+01, -5.743836424523710e+01, 4.695334146961526e+01, -1.327230711097302e+02, 1.148019540632444e+01, 3.562685271904622e+01, 2.525896374581123e+01, -2.378414303341371e+02, -1.461319406150558e+02, 1.633189559310367e+02, 2.092417070396980e+02, -3.551626712294194e+02, 3.726487921667510e+00, 7.794894524401307e+01, -4.285740749354843e+01, 1.137149909655234e+01, -5.824375470030882e+01, 7.325334913874330e+01, -5.927339237586227e+01, -3.740264074125293e+01, -4.047727120108095e-01, -1.700676035786702e+01, 7.582049055085788e+01, -2.720951523088651e+01, 3.617455946865319e+01, -8.959961784514329e+01, -3.624488015922692e+01, -3.180781300497242e+01, -1.088476991494606e+01, 8.558023224198443e+01, 9.281744667226104e+01, -2.447656819564286e+02, 3.282948346267304e+02, 7.350261039362785e+01, -1.974935982080671e+01, -1.747830627762060e+02, -2.118780837886366e+02, -3.571222965332824e+00, 1.337900783516231e+02, 4.338588961216771e+01, -7.441908956243657e+01, 1.008322637130007e+01, 2.574037804686090e+01, 8.584102734387685e+00, -3.018006323743940e+01, -9.591234475977744e+00, 2.957408145494899e+01, 3.252768246024672e+01, -9.891426107559073e+01, -4.187590687277299e+01, -4.088344521960026e+01, -4.222126729574385e+01, -4.946926414925132e+01, 2.102305229380267e+01, -2.680122795315568e+02, -3.897305374314404e+02, 1.087799242555055e+02, 1.173255162289255e+02, -3.139432127333743e+01, -5.484779046972128e+01, -2.344820152937049e+01, 1.964404522331262e+01, 9.915735774343084e+01, -3.157279938780722e+00, -2.878272482730710e+01, 3.655931389627830e+01, -2.870934119862455e+01, 7.589372931729058e+00, -8.837535626411985e-01, -9.390160425702081e+01, -7.835810508390104e+01, -4.596842851303149e+01, -5.468200166545629e+01, -4.648348800850305e+01, 8.475630568727896e+00, 1.141349443179249e+01, -2.624072855378150e+00, -1.191038850988320e+01, 2.463175218674215e+01, -3.983449527849846e+01, 4.913945742390545e+02, -3.582516282309944e+01, -7.773618023984196e+01, -2.221047483673486e+02, -5.047706644526357e+01, 5.235398391559893e+00, -3.787562937814866e+00, 1.605933088548269e+02, 9.570247599206382e+01, -2.557080198086225e+01, -4.192976670202410e+01, -2.793412565291217e+01, -2.162370207396005e+00, 1.263032389561560e+01, -3.935341537038354e+01, 4.454828490242969e+01, 5.557533274849048e+01, -2.656018002810751e+01, -3.336336454067379e+01, 5.658841491624790e+00, 2.949672473539078e+00, -1.864716084422778e+01, 8.240265081586444e-01, 2.554972244810576e+00, 1.153048701301762e+01, 1.097404921088246e+02, 5.061765473978697e+01, -3.228552854269753e+02, 1.256059739509324e+02, -6.066543091422548e-01, 1.129481500524269e+02, -5.718959956764492e+00, -3.790276703005235e+01, 5.135611046880363e-01, -2.232858326975327e+01, 5.108490053175107e+01, -8.488537004581453e+00, -1.273837126308172e+02, -4.658570694132970e+00, 1.833321291920217e+01, -7.487071219688271e+01, 1.740557709988421e+01, -2.982741548894290e+01, 7.467935800024382e+01, -9.069828959072693e+00, 1.249788874101188e+01, 9.492743167184001e+00, -3.843837038627339e-01, -1.395345457404495e+01, 5.665799432648073e+00, 2.101172724168235e+01, -1.478123167130064e+01, 1.012555928671785e+02, 1.556647388407981e+02, -1.363868642829800e+02, 1.766399194420236e+02, 2.625536324397093e+01, 3.879077910036261e+01, -3.935457464726511e+01, 1.701077347088860e+01, -5.543247527030931e+01, 5.780652801123934e+01, -3.928451351209056e+01, 2.698083583506815e+01, -3.074308398192684e+01, -1.221791291226808e+01, 1.818450925490752e+01, -8.329453293940460e+01, 2.641807212445524e+00, -8.801460999578542e+01, -3.098119133852673e+01, -3.030996780445091e+01, 5.343081937425326e+00, -2.366010956856290e+01, 2.793552843923393e+01, -2.073687945846607e+01, -4.823548713639709e+01, -3.387303599614137e+01, -1.958451716208775e+01, -4.774207099793881e+00, 8.884195397267693e+00, 2.580403122897771e+02, -4.669174790678507e+01, -1.029266271339790e+02, 1.163306185910878e+01, 4.949452090361147e+01, 4.598878268254206e+00, -8.582659258778005e-01, 1.303829923931012e+01, 1.798539290711119e+01, 1.208247190810278e+00, -4.187623836281522e+00, -8.525522707736846e+00, -1.541597522228298e+00, -4.578564079270632e+00, 4.004084146105037e+01, 8.351876025921021e+00, -1.046337302251022e+01, 3.393704475659086e+01, 3.323991941659832e+00, 7.016829232702589e+00, 7.062144300741448e-02, -7.823596868466079e+00, 3.956646422529631e+00, 4.451381703572320e-02, -3.706922880424402e+00, -8.594693434049354e+00, -1.074619730305674e+00, -7.149219972683102e+00, 1.100841111980060e+02, -7.407061027163196e+01, -9.396762714944332e+01, 5.415452298887388e+01, 9.824435861260024e+01, -1.656117033481758e+02, -2.515043481465506e+00, 5.748059018380139e+00, -2.718670773926512e+01, -6.199396208656020e+01, 8.824541276437333e+00, -3.708294240190668e+01, 4.632654064770635e+01, -1.067471053003149e+00, 1.443760432745478e+01, -1.476930472882231e+00, 2.671687760011986e+01, 1.643842720362810e+00, -5.590007239054732e+00, 9.831111950912245e+00, -2.364580222798939e+01, -8.775928031784954e+00, 1.696052069370997e+00, -1.058957352299037e+01, -2.811821376863890e+00, -4.497570671913203e+00, 9.826582991791945e+00, 4.871739940335210e-01, 3.070833000558226e+00, 1.929751263248756e+02, -1.539687258561620e+03, 7.252301018283621e+02, 1.152465761464332e+02, -1.111657403993290e+02, -1.270386348906610e+02, -1.192120185760949e+02, 2.678192522296509e+02, 1.331067005340124e+02, -2.095405425632464e+02, 3.445958931236494e+02, 2.612542573708999e+02, -2.577281878462598e+02, 3.247421416844991e+02, 8.794086407297740e+01, -3.473758622454649e+02, 4.616661168562115e+02, -2.614396128302576e+01, -4.371837102368721e+01, -1.150189020648810e+02, -1.237163298394694e+02, -6.412149746787481e-01, 1.456407440762202e+02, 8.554663842994110e+01, -3.987380216323755e+01, -9.219707908018957e+00, -4.799247699882934e+01, -6.663070737384840e+01, 3.119510914546614e+01, -6.654196023772042e+00, -5.220721142222381e+01, 8.616240642990137e+01, -4.468430996978970e+02, -3.153153198620702e+02, -1.512850538508089e+02, 2.623736550898435e+02, 9.216957468971788e+01, 7.625446581729068e+01, -1.464750161618948e+02, 1.790109111936465e+02, -1.016342661765814e+02, 1.271712301596452e+02, -2.143111266230260e+02, -1.045079071802662e+02, -8.505173283691991e+01, 2.985457598664797e+01, -6.747654527141017e+01, -2.203699081254327e+02, 1.293486653092752e+02, 1.824246668677685e+01, 1.633311997263797e+02, -4.431725655165096e+01, 3.501552823353365e+01, -3.322899030232002e+01, -6.742150776842741e+00, 3.718084974942434e+01, 1.931332911545526e+01, -4.245892506462892e+00, -2.047251309020494e+01, 4.279621717841628e+00, -2.544535781435005e+00, 7.298007967596342e+01, 4.054196950169676e+00, -5.855118732454063e+01, 1.024903957812495e+02, -8.690899382153013e+01, 8.989283880040924e+02, -1.002394525529610e+02, -5.387645074554118e+01, -1.416954185318414e+02, -5.016255375888710e+01, 2.029613696699878e+01, 3.928095817312111e+01, -1.756796343581541e+00, -1.861559235683025e+02, -1.076966182534377e+02, -2.869486392825037e+00, -1.542168741699098e+00, 7.257731865025124e+01, -3.501575450990673e+01, -3.007933630298731e+01, 2.853839089559139e+01, 3.638179020768550e+01, -6.083023427062194e+01, -2.344871656276480e+01, -7.074799698027300e+01, -4.264294846723761e+01, 1.698769889268663e+01, -6.455976076782501e+01, 4.348767180042655e+01, -1.355971225873100e+01, 1.043972908977267e+01, -8.134922855745417e+00, 1.994344660157059e+02, -1.851767681019597e+01, -3.394531970108341e+01, -2.240488213861265e+01, -4.659920742964506e+01, 1.453437532026995e+01, 3.877611004501589e+02, -1.912389458443093e+02, -6.777143661302976e+01, -6.016174987577029e+01, -1.306642676857905e+02, -4.741065350918861e+01, 5.727643111794430e+01, -1.978187329304794e+01, -1.001054819648763e+02, -3.039154075875802e-01, 9.318834654676530e+01, -7.380351950036992e+00, -4.482475452753212e+01, 4.648926222573827e+01, -2.324961301555523e+02, -8.333239260449109e+01, 4.734453450688425e+01, 4.015671199343356e+01, 6.290704505746660e+00, -7.676176431378338e+00, 2.549234605750242e+01, 1.307847230247340e+01, 3.028380623763030e+01, -4.312516682781463e+00, 2.065782507684753e+01, -3.487352255175626e+00, -3.694466888175330e+00, 5.162776204870238e+01, -2.381926472523836e+01, -2.225171810543941e+01, 3.293558034580816e+01, -5.301981898103266e+00, -1.030028712457827e+02, 3.340634231427363e+02, 3.286154789732744e+02, -3.113988705447713e+02, 1.164100865469154e+02, 2.363169803823660e+02, -9.951495873159556e+01, 8.285921440243527e+00, -1.102454659292621e+01, -1.780401250576125e+01, 6.753357096930708e+01, 1.054566943043147e+02, 6.544476460871333e+01, -2.179645065777643e+00, -1.809157930238595e+00, -4.838453564243380e+01, -1.264370264280460e+02, 6.035902037714909e+01, -2.572671262046302e+01, -1.102264544840428e+01, 3.320025447070419e+01, 4.435739886633194e+01, 6.381131977436901e+00, 5.543462018423937e+00, 8.645063038759671e+00, 9.991333853504033e+00, -1.379744969129833e+01, -3.088726001918687e+00, 6.369855890417189e+00, 3.432390508026917e+00, 1.369814946590154e+01, 1.233089089850353e+01, -1.102117396168991e+01, 1.251552787053003e+01, -2.497118457630368e+01, 2.364593739981553e+02, -8.360928053953086e+01, 1.049384477288359e+02, -1.162078877786652e+02, 1.199008255630870e+02, -4.965236111284060e+01, -1.303737026479388e+02, 4.428095623279040e+01, 1.103464058546910e+02, 3.557620311926001e+01, 1.864430254376290e+01, -1.615404062730769e+01, 7.421512368010035e+01, -4.476323407862123e+00, -9.499115642329174e+00, -5.056493644282202e+01, -2.431535791603635e+01, 1.638202504190625e+00, -9.027922001085672e+00, -2.879899831995736e+01, 8.162159711984957e+00, 1.733470295155465e+00, -7.692470355952049e+00, 1.724770749466621e+00, 6.466725735178869e+00, 1.544844030270611e+00, -1.502258106768074e+01, -1.085651334331768e+00, -3.239679161163971e+00, -1.077920055979582e+02, 2.176193924541049e+01, 4.223166087168134e+00, 1.816751501927498e+01, -9.217312595710352e+00, -4.916028657495552e+00, 2.393477916161571e+01, -6.311058360519613e+01, 2.508404902704224e+01, 2.338969036750043e+01, 4.604154893141715e+01, -1.047735479195154e+02, -9.903883358026442e+01, -3.399106001072886e+01, 6.430170887809166e+01, -4.503965452836352e+00, -4.833956533172861e+01, 8.454532096313905e+01, -6.705350716267286e+01, -4.081019652361152e+01, 4.835934603710752e+00, 2.281847161825324e+01, -4.726650171669666e+01, -4.224850522436205e+01, -1.647585346353624e+01, 2.057144407038475e+01, -1.262142145752189e+01, 5.826668517551127e+00, 7.193342840197023e+00, 8.689151740220264e+00, 7.639414012074282e+00, 1.282381784725846e+01, 1.360192762040913e+01, 2.265474124864605e+00, 3.317569797986333e-01, -9.540141044625525e+00, -8.034838364803417e+01, 4.250176137352764e+01, 2.905616066128271e+01, 1.066171051471681e+01, 7.213663679025413e+00, 1.214377823946400e+00, -4.118538250604847e-01, -1.870541507917835e+01, 2.576202111837221e+00, 2.922730658108465e+02, 3.464197800285949e+01, 1.095606595798994e+01, -4.291726311229826e+01, 1.802006075007421e+02, -3.058348203165879e+01, 8.519129410681164e+01, 9.054522707834855e+01, 5.374412906938419e+01, -2.575829572335350e+01, -5.256424077667660e+00, -1.408720382056220e+01, -1.088222926823560e+01, -2.868718490415344e+01, -4.998452960953092e+01, -2.790500963114187e+01, -6.687845923919609e+00, -3.325891659463108e+01, 1.033218219268198e+01, 2.686950542346876e+01, 3.975603676646875e+00, -1.373597572474119e+01, -1.254399408447389e+01, 2.003991197860072e+01, 4.285956484227794e+00, -6.536140538672365e+00, -4.780882939901716e+00, 3.607056997308950e+00, -8.261963180958233e+00, 4.675906593466264e+01, 2.435416673677036e+01, 1.702346824808367e+01, 4.854342604565703e-03, -1.100843191994598e+00, 6.453279934136446e+00, 9.202161711748527e+00, -2.359582514852527e+00, -4.534183086974701e+01, 2.205853838621246e+02, -2.117888550070702e+02, 5.182842785256118e+01, -4.262734690079147e+01, 1.866072155624136e+01, -9.638725521935098e+01, -6.593559874723275e+01, -4.319589209806086e+01, 5.168502709182298e+01, -1.109181536121134e+01, -1.859565937221500e+01, 5.635851923217859e+01, -5.927453818340632e+00, 2.285743403460215e+01, 1.120107285323429e+01, 9.984690848808661e+00, -2.157338365346736e+01, 2.545666055353405e+01, 8.566239906512017e+00, -6.023081780759015e+00, 1.964815496953294e+01, -4.420872696514796e-01, -7.697578648913815e-02, -2.147312145301574e-01, -9.465142602932044e+00, -6.672375495360709e+00, -5.260766650323318e+00, 3.399495924401837e+00, 4.095211237015054e+01, 3.199857933469233e+01, 2.030587350146323e+01, 9.760472962454622e-01, 2.502296735639977e+00, 6.749887984816088e-01, -2.765916723094511e+00, -5.854888119919082e+00, 1.350868404253631e+00, 1.075763231638898e+01, -1.059626624415972e+02, 2.609203355455886e+01, 6.361657941097166e+00, 5.359756408910270e+00, 6.671309231192998e+00, -1.003407810463003e+02, -6.536789255968368e+01, -7.806901393313628e+01, 1.692961901135259e+01, -9.823346119969532e+00, -4.719523967386313e+01, 1.572215470109139e-01, 1.814997789246624e+00, -4.438774613470558e+00, -1.745630108837437e+01, -9.288045124595455e+01, -8.299849559457748e+00, 1.270271305974015e+01, 1.907546603773775e+01, -6.590644210811491e+00, 1.579535303972500e+01, -5.023606324153445e+00, -1.297655138995727e+01, 1.241067887436134e+00, 1.187833358982474e+01, 4.355740803937981e+00, -1.104447622203552e+01, -3.155070245905879e+00, 2.798580139554872e+00, 3.152341483776408e+01, -8.682767234043489e+00, 5.910335432497971e+00, -1.498806551221946e+01, -7.703114519170523e+00, -5.920522427938417e+00, -4.016115151725288e+00, -4.535454440488945e+00, -4.461325768898381e+00, -9.206058018169426e-01, -1.621452550571177e+01, -2.113233780803605e+01, -1.783837394657808e+02, 1.381519822204437e+01, 1.205749794285954e+01, -3.625756892304579e+01, -6.697131872955696e+01, -3.907207534143492e+01, 1.207091432641311e+01, 1.074701289265251e+02, 3.335729688124639e+01, -2.524665177407702e+01, -4.758218413978189e+01, 6.047294688321932e+00, -4.087438255538573e+00, 9.762402896895789e+00, 7.725439320105046e+01, 5.539357595901088e+01, -7.674110129099747e-01, 1.071075767043756e+01, -5.550691117850842e+00, -6.388518527948942e+00, -1.103919983562458e+00, -1.517009689219634e+01, 4.045694173143082e-01, -1.877566825207901e+01, 2.556802916678054e+00, 1.309916444990687e+01, 1.295908656580087e+00, 3.243954700892927e-02, 2.988934795842324e+01, -3.397159199037027e+01, 7.927023864908719e-01, -1.603171909161104e+01, 4.045486705767824e+00, 1.359394014641002e+01, 3.801547849557881e+00, 3.242701299425897e+00, 2.747980239134819e-01, 4.339500949998004e+00, -1.276690874196527e+00, -1.780666983542685e+01, -1.588611613320917e+02, 5.984592914960701e+01, 2.946178069728904e+01, 1.874854211744176e+02, 2.813174269837958e+01, 4.301277935629049e+01, 9.467910223374847e+01, -3.814328651729232e+01, -1.996934001219184e+01, 7.646430143612438e+00, 9.249044456755227e+01, 8.082302519770694e+00, 2.096665270844490e+00, -5.315850071947630e+00, -2.756156253522204e+01, 1.383252392377469e+01, 1.114182582242432e+01, 1.311227484833061e+01, -2.320882602468822e-02, -9.743633621107319e+00, -2.015456102634747e+01, 4.296225054990719e+00, -1.335533399680421e+01, -6.720484193476140e+00, 8.184338637088414e+00, 5.588252277568770e+00, 6.890949979464648e+00, 2.240676520393807e-01, 7.379541708818496e-01, 2.567737923172330e+01, 3.770030349890708e+00, 1.439302270103780e+01, 2.189562368692378e+00, 3.674136041136710e+00, 2.567138789020030e+00, -5.299040438158218e-01, 3.222782718010958e-01, 5.942050779084979e+00, 5.858777791150866e+00, 6.841081882429125e-01, 2.928825216371663e-01, -2.379019335877016e+00, -9.277928299962511e+00, 1.929536610479484e+02, -7.308655640359559e+01, -6.116940791320084e+01, -5.540542075249940e+01, 3.561534458534389e+01, 2.100773868963153e+01, 1.127424386451062e+01, -6.733624730488454e+00, 2.462368475429382e+01, 2.093691833298909e+01, -2.558698383942909e+01, -9.329928867071573e+00, -1.084606323368737e+00, -2.192598042114120e+00, -1.321625503048283e+01, -1.111691102279221e+01, 7.897779489493335e+00, 1.757034246469506e+01, -2.809126889472425e-01, 1.552900768495944e+01, 1.098921789974434e+00, -4.004214720181424e+00, 3.845727609172079e+00, 8.987704166044692e+00, -1.037289322776686e+00, -2.900414529561194e+00, -9.755469834653290e-01, 4.727733394871955e-01, 6.633292164678978e+00, -2.671010104383479e+00, 7.724193872995302e+00, -3.320194888137272e+00, -1.626714266325255e+00, -7.374953587737219e-01, -1.811717452738815e+00, -7.478776340795465e-01, -2.891951105722153e+00, -5.501089747640323e-01, 2.483733548620275e+00, 1.144785294432206e+00, -8.302815178144998e-01, -4.211339467993559e+00, 9.604276249076030e+01, -1.415466844739691e+02, -2.118368588051715e+02, 2.953445424203752e+01, 2.274787552886929e+01, 9.836600305117831e-01, 5.896360102459624e+00, 3.119527223035196e+01, 2.365099982964280e+01, -5.950333774502568e+00, -1.940913049866576e+01, -1.766837814002987e+01, -3.064322018573222e+01, 4.053314922229502e-01, 5.276400845999029e+00, -9.319755242845220e+00, 2.517357722958094e+01, -1.069185674614466e+01, 1.711023833495057e+01, 9.766512752559121e-01, -5.983023858844139e+00, -2.230309460018792e-01, -1.798226943775154e+00, -1.248539702629974e+00, -5.050895017549355e+00, 3.046025139002483e+00, -1.094815232364267e-01, 2.348755703384054e-01, 1.268324549365373e+00, 3.130102773625285e+01, -9.820190458054924e+00, -3.998937273327804e+00, 7.000094847681103e+00, 9.110164564501143e-01, -1.649849057463908e+00, -2.292100087712528e+00, -2.540959162068695e-01, 1.668659401741484e+00, 7.978809344785891e-01, 6.146423001018220e-01, 7.441423178422453e-01, -3.924169173206520e-02, 5.310707059828177e-01, -5.163274383932978e+01, 2.087444758975884e+03, -8.778652351165014e+02, -7.526039339329787e+02, 4.935945019255341e+02, 5.792961354343253e+02, 1.060572212022078e+03, 6.621701769678090e+00, -5.547153457370925e+02, -3.106715632448179e+02, 6.874194879561406e+01, 1.695989468282139e+02, 2.410285302660974e+02, 2.846353375063117e+02, -2.842861333601752e+01, -1.027108289273303e+02, 2.526243230438738e+02, -1.811164968755609e+01, -9.720859129258655e+01, -1.018687469003225e+02, -9.676833469092472e+01, 8.138988556982805e+01, 1.089379156108150e+02, 1.304440053099433e+02, -6.509765852960317e+01, -1.397043081014666e+02, 5.791720961025869e+01, -6.234786421866935e+01, -1.039802383596045e+01, 6.280253129592976e+00, -1.416914949153134e+02, 1.766755816388929e+01, -1.077999532485616e+02, 4.016620757491941e+01, 3.734105630092172e+01, 4.881371032072921e+01, -1.432336977297029e+00, -3.842351826147404e+01, -2.811043162647530e+00, 3.581161516552810e+01, -2.292518497231265e+01, 1.809935238068075e+01, 2.997667798339621e+00, -6.159847501227874e+00, 5.913477967212128e+01, 6.986806563100038e+01, 3.931945992940087e+02, 2.651063559547882e+02, -4.337548383268966e+02, -3.736306811165959e+02, -3.867480104738744e+02, 1.677563093173842e+02, 1.244281301089485e+02, 1.694552804870671e+01, 1.988784273647437e+02, 2.441348048610736e+02, 4.906614220216026e+01, -3.074296681421158e+01, 1.511489102790233e+02, 1.333623070342775e+01, 1.013787383511404e+02, -2.402995034722823e+02, -9.837098006271363e+00, 1.196016316335434e+02, 1.022761282230838e+02, -5.255644860350626e+01, 8.144636059208842e+00, -6.928324610926163e+01, -6.294288612490907e+01, -1.053590636604764e+02, 5.012106745399426e+01, 5.713446932704338e+01, -3.591881491223474e+00, -3.209243269570003e+00, 6.301177398779631e+00, 5.878907171023126e+01, -6.043000241808110e+01, -6.445756292514908e+01, -1.629980544710813e+01, 3.684162589017547e+01, -3.880966501411996e+01, 3.881296302626161e+01, -9.967154177842033e-01, 7.155583586091978e+00, -1.396597614868924e+01, -1.254545243187851e+01, -9.666534313634111e+00, -2.434580864032474e+00, -1.015634624712211e+01, -1.520088448880336e+01, 2.655181515565409e+01, -4.626188696939963e+01, 3.499154431272485e+01, 2.231386239891054e+02, -1.133321294181765e+02, -6.417268086243078e+00, -1.510405189617868e+02, 2.754725103703455e+02, 5.470512241488589e+00, 2.649221900392007e+01, -1.900640555607504e+01, 1.820008085848894e+02, 2.140780811116707e+02, 5.235704290568577e+01, 1.296718582106998e+02, 4.608657597027742e+00, 1.287543007175675e+01, -1.870803936177851e+02, -1.430177982964875e+02, 2.495261000399308e+01, 1.418143656071397e+01, -5.668509382196549e+01, -1.667445588736744e+01, -3.335208352752966e+01, -1.324502944303045e+01, -4.697172911659787e+01, 1.882901898305178e+01, -5.253311917130612e+00, 5.061700401426526e+00, 9.671159884133086e+00, -1.284921327040768e+01, 1.237967182775206e+01, 6.657875344134760e+01, -4.707984251328413e+00, 6.524933176562232e+00, 9.335118436113313e-01, 1.296538609507662e+01, 1.202658040840575e+01, 2.161942709237848e+01, 6.590008312633248e+00, 1.352249836221260e+00, -4.113323253820680e-01, -6.110375881134270e+00, 4.741749626447094e+00, -1.515876300488705e+00, 1.395955522726991e+01, 1.618894670007614e+01, 6.401419954277819e+00, 3.708788184259769e+01, 5.701709900078446e+01, -1.202897903669220e+02, 2.227872420733823e+02, 3.660158405855653e+02, 2.381628429671805e+02, -8.088414616403453e+01, 2.311809294067290e+01, 1.493509827375775e+02, 8.642644488133074e+01, 1.885240382964961e+02, 7.664645111141250e+01, -1.367039692755982e+01, 4.780981684644484e+01, 3.275550411080692e+00, 1.776149947699642e+01, -1.609216295252089e+01, 4.404748614851781e+01, 5.269765373426367e+00, -8.367722243333046e+01, 4.902597100247927e+01, 2.451718157697873e+01, -6.837676189728080e+00, -3.374013399818438e+01, -4.231126700099603e+01, 1.217550447863554e+01, 7.296094960146212e+00, -2.640217721805389e+01, -1.373168748146305e+00, 7.155988725207854e+00, -6.175311784347512e+01, 2.605366703169267e+01, 9.098507683638996e+00, -8.471294549300147e+00, 4.888597360319105e+00, -1.959092577458808e+01, -1.131275868906393e+01, -4.419991896813337e+00, -1.678436472331967e+00, -1.375812160678555e+01, 9.607726824246668e-01, 2.454142188347847e+00, -8.651115358338749e-01, 8.218349744041925e-01, 1.260293654602519e+01, -6.243252864021207e+00, -3.073378456112776e+00, -7.930084861923406e-02, 2.369663723692082e+01, 1.460902596472245e+02, -1.122380137725596e+02, 3.331834303670616e+02, -1.936244707232639e+02, 3.864490729777242e+01, 5.050842505365360e+01, 1.125970637051411e+02, -5.260873949365198e+01, 9.371887569517403e+01, -3.081693960796465e+01, -5.058597599388161e+01, 1.897233513741680e+01, 1.602464375875341e+01, 8.410720594628911e+00, -1.916247248224863e+01, 5.613077605379490e+01, -9.443337067992907e+01, 6.306182458362910e+01, 7.520726631076408e+00, -2.780622444298660e+01, -9.991650039338703e+00, -1.313436273712740e+00, -3.672791355374911e+00, 7.394231737729875e+00, 2.833074682812568e+00, -2.483975798243256e+01, -1.013054783322358e+00, 1.855723541386962e+00, -4.904189233377151e+00, -1.518529195023946e+01, 1.238806216880167e+01, -1.039483486963985e+01, 9.889428516984029e+00, 3.544255658419346e+00, -1.329887493565370e+00, -1.127406313389773e+01, -5.240166177780306e+00, 3.230270336909260e-01, 5.487878416080046e+00, -2.644846657340044e-01, -8.271366181485857e-01, 4.678082679352378e-03, -2.208319627793298e+00, -1.156218579767216e+01, -1.269270360935890e+01, 3.970986315862602e+00, -9.849993800906189e+00, -6.968872853734077e+00, 1.022290759206988e+01, -1.253860484219295e+02, 1.761959018180355e+02, 6.041218484138959e+02, 2.270267649826454e+01, 1.021610308852494e+02, 1.123396580101358e+02, 1.073487566401586e+02, -2.698100956953013e+01, -6.727183387915196e+01, -4.218109665565971e+01, 1.683554005527631e+02, 2.864462463001462e+00, -4.921680487625582e+01, 1.155542064150701e+00, 2.662764564547695e+01, 1.735415926743835e+02, -1.560374823037073e+02, 3.902239713770970e+01, -4.100123016775850e+01, 1.201246008789473e+01, 2.495469072289628e+00, 1.211202311506564e+01, 1.474207822732771e+01, 5.366679049260244e+00, -1.478597183833529e+01, -2.786503679239971e+01, -1.117158438392351e+00, 1.800063641037234e-01, 3.258463694935107e+00, -2.666392543990615e+01, 1.662271352456183e+01, -7.002671812484379e+00, 1.138530355080098e+01, -2.465611757278994e+00, -9.011522402500053e-01, -3.360480090498264e+00, -1.066606712987001e+00, -9.740721592180105e-01, -3.421800160206328e-01, 3.682655114374807e+00, 1.074378514405847e+00, -2.186544223527844e-02, 2.782373238837624e-01, -1.658135694114093e+00, 1.190211250632600e+01, -5.284499249765910e+00, 3.015402664445084e+00, 1.805901034255893e+00, -1.384205943938600e-01, 4.497307597144949e+00, 7.562860031443286e+00, -2.611284405317207e+02, 1.528194217598479e+02, -5.151212928474659e+00, 1.282649996976185e+02, 1.941707484032653e+01, -9.423560024703893e+01, -1.309036487907993e+02, -3.644051281686156e+01, 2.429381575639428e+01, -6.068651842445632e+01, -7.115334783782900e+01, -3.133338031184169e+01, 3.299937764851832e+00, 2.602484858140387e+01, 1.295990735230951e+02, -2.294460010887440e+01, -3.173297102164854e+01, -1.963434118380183e+01, 1.053002184799491e+01, 2.649907311403475e+01, 1.303567359879606e+01, 8.430081863575696e+00, 1.268180427046975e+01, -3.201468341821061e+00, 5.340530908242505e+00, 5.294885911404291e+00, 1.093186517409318e+00, -8.095816408880032e-01, -1.671285618737183e+01, -3.734244680455092e+01, 1.203347504422311e+01, 4.774174698776818e+00, 6.091400244815199e+00, -1.463912986770763e+00, 3.746761572140251e-01, -6.779532879789749e-01, -4.603611993617592e+00, 3.473197468506668e+00, 2.990039405335111e+00, 1.793335280842875e+00, -2.221783987932702e-01, 2.348506831638749e-01, 1.318075443083170e+01, -4.707937566163568e+00, -1.597524004273865e+01, 2.716808195565569e+00, -4.550102005855364e+00, -9.787709126091799e-01, 3.719157333640732e-01, -2.049247194897445e-01, 1.495392031019214e+02, 6.615078998276499e+01, 1.814427441687008e+02, 1.538166017683068e+01, 3.561119963599921e+01, 1.139575160567332e+01, 1.113742658113479e+01, -4.685001846345902e+01, 2.021743650475203e+01, 4.906529070191925e+01, -8.851273094557627e+01, -5.370306139378533e+01, 4.826494982922684e+01, 1.790828140883153e+00, -1.146618552759075e+01, -3.751520101947093e+01, -9.938389733449111e+01, -1.631531959666745e+01, -5.139093567451152e+00, -2.327076712960397e+01, 2.854867056569066e+00, -1.517228806563383e+01, -1.150851740128218e+01, 1.497989382787406e+01, 2.686185043763698e+01, 1.385916515997775e+01, -6.986550929460350e+00, 3.653974568045473e-01, 2.348811314605142e+00, 2.384992339170193e+01, 3.891752426626266e+00, 3.670233707617002e+00, 5.703748315546666e-01, -3.996881744866889e+00, -3.276276488652306e+00, 2.693077671771289e+00, -2.014666029125925e+00, -2.391816795967951e+00, -4.721253846721361e+00, -2.854313952428248e+00, 1.915312475191942e+00, 1.831379241542536e-01, -5.323615898585542e-01, 1.743548580869796e+00, 3.114618657036366e+00, -1.960910653853776e+01, -9.032652177215197e-01, 5.242280473323070e+00, -6.029276636898229e-01, -1.881783227650286e+00, -9.470336718411586e-01, -1.119641845491206e+01, -8.427122829308898e+01, -1.634023609451707e+02, 5.718721618421894e+01, 9.796791377795161e+01, 6.025185791308279e+00, -1.925101843686805e+01, -1.150982800296460e+01, -9.120283871773377e+01, 8.272575213813662e+00, 4.402939325543259e+01, 5.209526797301847e+01, -3.796318537933519e+01, -2.629373775651525e+01, -3.915142204661038e+00, -5.365179155093435e+00, 1.888809352245282e+01, 5.206749555618639e+01, 2.328294747797773e+00, -1.485800020465379e+01, 7.653858982756381e+00, 1.220968087800324e+01, 1.479200338001557e+01, 1.591693598563326e+01, -8.389895152587458e+00, 3.972515010399741e+00, 1.658410031897891e+01, -1.952693265446040e+00, -2.021849233936245e+00, -2.694798121962136e-01, -5.764237468819359e+00, -3.914225095756136e+01, -3.657562842140221e+00, -9.235222792357648e+00, -9.651859080847180e+00, 2.037969341144949e+00, 1.847229799288635e+00, 5.182331996487590e+00, 3.374110910173542e-01, -1.676405260751519e+00, 5.887623740102181e+00, -3.638852080231849e-01, -1.018303128860452e+00, 5.616989832036031e-01, -3.553261698974489e+00, 1.511969297927667e+01, -5.009304500437065e-01, 7.496469385455861e+00, -6.134770482565116e-01, -4.804304373474695e+00, -2.454364566851607e+00, -4.418273679117266e+00, -1.351808255441542e-01, -3.239905138109202e+00, -1.544861756549777e+01, -1.566088290950914e+02, 7.401831421981170e+01, -7.385368618215588e+01, 4.229700257421104e+01, 1.559858687427958e+02, -5.040192686132524e+01, 4.380952363480394e+01, 6.595057637498365e+00, -4.856507517785928e+01, 4.241908393926767e+00, 3.606159767036458e+01, 3.457137184830100e+01, -3.377740659295378e+00, -2.446488011569814e+00, 7.491858877796597e+01, -1.866801924003243e+01, 3.058431615564735e+00, -1.993375544986785e+01, 2.166429141441869e+01, 1.196972052291685e+01, 1.303311025756688e+01, 4.361763003220613e+00, 7.941691555310993e+00, -6.807205802077243e+00, 2.242704655450101e+00, 1.571460470740282e+01, -4.803326811447739e-01, 2.682707294102677e+00, -9.654800328199663e+00, 9.937229435214654e+00, 6.900328650202660e+00, 2.106389357273077e+00, -1.234832892447611e+01, -8.082250449796304e-01, -3.800110189807911e+00, 2.905712319872507e+00, 2.753558592727742e+00, -2.537808069718431e-02, -7.374518051405923e-01, -7.452285984000690e+00, 5.900030268988584e-01, 2.162873435741366e-01, -1.532673961080928e+01, 4.895607591407114e+00, -4.855902573372091e+00, 1.166773001129567e+01, 1.134643981256117e+00, -4.265578254630968e-01, -2.789735670349475e-01, -3.193906028215590e+00, -3.614652615276864e-01, 6.807397212621012e-01, -2.448238165514539e+01, 7.082456842385238e+01, 2.623166100445714e+01, -1.307994282979114e+02, 5.630827391295526e+01, -1.205305494771628e+02, -6.810025473527160e+01, 6.171355223332335e+00, -2.180587867031896e+01, -3.894043601745780e+01, 4.138000978719833e+01, 5.926338389848085e+01, -6.174379645073306e+01, 1.882998135959213e+01, -1.809224305203499e+00, -1.701381862516693e+00, -1.640206436796578e+01, 3.933435640273791e+01, -2.219797519164580e+01, 3.387159492305107e+01, 1.944345193740194e+01, -8.755550277613340e+00, -7.073133876056581e+00, -7.805364944790222e+00, 5.826990019666680e+00, 1.144984978610145e+00, 3.430818432797972e+00, -5.614573008783990e+00, 5.886901581515301e-01, 1.006329945471290e+00, -2.069005452627095e+01, -1.123574456564578e+00, -6.165656858934470e+00, 1.580879056254311e+00, -2.329299266460423e-01, -2.506061147532832e+00, -4.692297886903515e+00, 3.152733346327608e+00, -6.026146122468601e+00, 2.675854643831508e-01, -2.395649942009828e-01, -2.405772144106816e-01, 2.823100982449151e-01, 8.352231124845723e-01, 5.098620085894801e+00, 9.052628445554278e+00, 1.341253408682238e+00, 1.227468192859890e+00, 1.916091844551666e+00, -1.022255191527685e+00, -3.575401930340357e-01, -7.642238731593003e-01, -2.100393170650301e+00, -3.317724641004615e+00, 1.014024029351108e+00, -1.245827827993791e+01, 2.069473440882583e+02, 1.977639059380881e+01, -2.500274506978263e+01, -9.726933281344871e+01, 3.170956804830817e+01, 4.773240348074815e+01, -5.852316474476822e+01, -2.052867142235138e+01, 2.540542277629766e+01, -1.944782561837455e+00, -2.520569784309201e+01, -2.166659452554674e+00, -6.525767712329309e-01, -1.304512641901667e+00, 7.374719177827277e+00, -7.930856875900424e+00, -2.166696340083689e+01, -2.723521244495234e+01, 2.283182348785872e+00, 2.157721155735331e+00, -3.775690143523706e+00, 1.286605263855953e+01, -1.961888062933691e+00, -7.239227658208387e+00, -3.014736172385832e+00, 6.464081546721080e-01, -7.660358887093121e-01, 2.089574214740742e-01, 4.737537425739079e-01, -1.110732270091217e+01, 1.399000661284757e+01, 4.155301795762881e+00, -4.970296183235868e+00, -1.435637454057225e+00, 1.878368334473096e+00, -3.701423819173564e+00, 3.016799330571709e+00, 1.380512660173420e+00, 1.991760435357139e+00, -1.841796712976445e+00, -3.535491703147481e-01, 2.378676229908091e-01, 3.096923356899010e-01, -5.489549205682779e+00, -1.848701439800109e+00, -3.689553532514996e+00, -6.682147343558872e-01, 7.420043394053452e-01, 2.709050398395177e-01, 7.329275289984374e-01, -3.351216311704047e-01, -7.906827402363424e-01, -1.369074939446430e+00, 8.051351183954046e-01, 5.363444266751593e-02, -8.255257459107710e-01, -3.572868480914313e+01, 1.828295706334341e+02, 1.839753796638726e+01, 5.204395273330060e+01, -9.832720945027496e+01, 1.003543409433436e+01, -5.131165281823436e+01, -1.744816853749041e+01, -1.011652548695708e+01, -1.086100821161826e+01, 1.517112116179015e+01, -3.576925984615014e+01, 3.156000787412684e+01, -1.044789225259498e+00, -4.454441524395342e+00, -3.001634656154906e+01, 1.622299740238598e+00, 3.080005209632900e+01, 1.663335319195684e-02, -1.617725073595503e+00, 8.471164064416223e+00, 4.760909649449258e+00, 4.988836731852157e+00, 1.044025713424304e+00, 1.056107013886071e+01, -2.160716527273409e-01, 3.404463149351917e+00, -9.053019898812497e-01, 5.784662098129778e-02, 3.801330352087798e+00, 3.571326426639307e-01, -1.968093798095197e+00, -4.865442080210981e+00, 9.744642832034456e-01, -1.844028976780382e+00, 4.444509278723878e-02, 2.326362163783894e+00, 1.935863240548076e-01, -7.894728294812604e-01, 1.803076756895123e+00, -1.478095319681108e-01, -5.873984897084530e-01, -1.687548623078260e-01, 1.826387092722282e+01, 3.849578432033995e+00, -7.643247709659164e+00, 2.713407535814926e-01, -5.354781209274654e-01, -3.467164110664485e-01, -4.814658335908427e-01, 3.864946270930033e-01, -2.625048527345561e-01, -2.074969541349891e-01, -7.718149111743267e-01, -1.477653518552108e-01, 3.996381007093909e-03, -6.072619281866757e+00, 5.190365479453448e+01, 1.400558033710446e+02, -3.913054229100895e+01, 4.307933796711288e+00, -6.981573498054308e+01, 1.356541443561570e+01, 2.824161256067009e+00, -1.709927135470477e+01, 1.292823221650460e+01, 1.732990727071852e+01, 6.920123134079383e+00, -3.563147990837529e+01, -3.916031238307847e+01, -9.603635420261136e-02, -1.963638098257990e+00, -5.441771451296765e+00, 4.134128787134284e+01, -6.091080952031373e+00, 7.220511665628822e-01, -9.761748557565165e+00, 1.687605817372243e+01, 6.366705350130459e+00, -1.201887068146096e-01, -1.210821284317454e+00, 1.582190331648544e+00, 2.689531236070063e+00, -2.559949152871990e+00, -1.015850907498693e-01, 1.523650791143574e-01, -4.086056860092003e+00, -1.879642527011659e+00, -4.886165162494767e-01, 7.776369698390891e-01, 4.359705621866869e+00, -1.358211032805221e+00, -6.057130601352448e-01, 1.072949699299456e+00, 5.136405043080520e-01, -3.781050352799711e-01, -7.053351759183603e-01, -7.852366493343764e-02, -1.778532494087147e-01, 1.099944232378874e-01, -1.218249336936235e+01, 6.885236102638904e+00, 1.291964612613873e+00, -1.328071481923278e+00, 2.425833914898864e+00, -4.161653786428106e-01, -7.145048531267034e-01, -6.807102732817262e-02, 2.662127252794908e-01, -1.079516384684239e-01, -9.191194964820587e-02, 1.774709594290300e-01, -1.043582912361764e-02, 7.228063707533040e-02, -1.046750135791208e+02, -1.252534939739474e+03, -4.915775695592427e+02, 2.481846325397114e+02, -1.363906612173489e+03, 2.210759920218675e+02, 2.049061924377693e+01, 6.375426558967634e+01, -4.287521499080969e+02, -2.805532706495259e+02, -5.961576485727363e+02, -1.147973546700235e+02, -7.674561987988241e+01, 2.720667979700377e+02, -2.008726197392763e+01, 8.087108426898294e+01, -1.108488091720542e+02, 1.281189706457418e+02, 3.313460055257605e+02, -9.532356594834670e+01, -9.072066214009445e+01, -6.410858388017574e+01, 1.503291070660155e+02, -1.383432242908909e+01, 1.339413982188119e+02, 6.660400655377245e+01, -4.860249512767023e+01, -7.820306423481996e+01, 1.279359723939937e+01, 2.353985705685138e+01, 6.144917702906819e+01, -8.357733306627709e+01, -3.965218917281277e+01, 1.204088246734199e+01, -6.688142267655255e+00, -3.042665277801293e+01, -5.181753437260862e+01, 3.181409020468746e+01, -1.292385301636803e+01, -3.541010388892104e+01, 3.083193221117081e+01, 2.905491587023034e+01, 1.904246590843063e+01, -1.633804122274590e+01, -3.020025297222780e+01, 4.356049877611328e+01, -6.160028807000601e+00, -9.920616488069214e+00, 1.887543017700666e+01, 1.181758847637286e+01, 6.932583241581163e+00, -1.028879531543208e+01, 1.079652225985779e+01, 2.320622287667259e+01, -1.337093099089913e+01, -1.482729224561770e+01, 7.899530093237119e+00, 4.935166796305270e+00, 8.122703650179838e+00, -7.097876797432548e+01, -1.223245000182674e+02, -3.664358706908764e+00, 7.816591449246259e+02, -4.269459791262861e+02, -2.345671392820240e+02, -2.748034076407748e+01, -9.845363851558722e+01, 1.784157032078766e+02, 1.737964016432992e+02, 8.875863560481568e+01, 1.065954583390030e+02, 1.926333060855993e+02, 2.328817225450557e+02, -1.612198657207240e+01, -4.439177143957637e+01, 1.644481760944532e+02, -2.823548000956043e+01, 2.292848182539005e+02, 9.026026343235057e+01, -8.687285317645033e+00, 8.924119844865459e+01, -2.653194493125661e+00, 3.361723064956765e+01, -1.147937714633801e+01, -2.405772209779437e+01, -7.193870101686618e+01, -6.066835469636457e+01, -6.517297357098593e+00, 3.629237788467627e+00, -1.239992341982894e+02, 4.210623691437937e+00, -8.988033817475797e+01, -5.231173097211096e+01, -3.278979936820908e+01, -2.208481383232129e+01, -2.463318595271407e+01, -1.178230604536501e+01, 1.385905638754031e+01, -1.177289513658783e+01, 2.062574842812966e+01, 1.832243064739929e+01, -1.031587002680286e+00, 6.148353422618662e+00, 7.549461160629193e+01, -9.420488159686480e+00, 2.768263460275999e+01, 1.768648964392406e+01, 1.481509403829956e+01, 1.535919321431509e+00, 1.516631295311427e+01, 6.912723366123003e+00, -6.154455254164205e+00, 1.103946678019130e+01, -1.101852876037035e+01, -2.747667420445482e+00, 6.477853579065386e+00, -6.907306100993821e+00, -2.837687577210003e+01, 9.585954353666329e+00, -7.328347032250350e+01, -4.296658661893055e+02, -2.870795308049342e+02, 3.162626088417608e+02, 1.409039558913795e+02, 1.703296397535055e+02, -4.797824691824322e+01, -1.186614090770080e+02, -1.023444908238917e+02, 1.789508304967647e+02, -8.889652889110674e+01, -2.468866088544513e+02, 1.164777637442980e+02, -1.327665403947333e+02, 1.698250454286992e+00, 7.652095723667573e+01, -1.958990191163226e+01, -1.937730070552653e+01, 5.989565109553113e+00, -5.811046860955059e+00, 2.448768553662950e+01, 4.233815120440888e+01, -2.389037761586872e+00, -3.126505807172143e+01, -3.163453434495793e+01, 1.054656000225790e+01, -2.692069991883228e+01, 4.315901438685124e+00, 1.122185052415212e+01, 1.593396954914306e+01, -2.129896948898000e+01, 3.295900980701760e-01, -9.307763927863585e+00, -2.231735942239996e+01, -1.641770396244305e+01, 8.469331337413246e+00, 2.559503049850539e+01, -8.270047317606065e-01, 2.161897566117745e+01, 1.017637590253574e+00, 1.315138070763028e+01, 1.102982141482550e+01, 7.987083610825120e+00, -8.534715171070857e+00, -2.466884859775917e+00, -2.307914415342994e+01, -7.390459837852810e+00, 1.533447067559960e+01, 1.073859923736815e+01, -9.629219056014753e+00, -3.846914103790156e+00, 1.766112475715909e+01, -8.941661839221007e-01, 5.790986492333989e+00, -1.447681926593003e+01, -6.615575052158225e+00, -3.564277557082651e+00, 6.568776540354391e-01, 2.168429454785856e+01, 6.058054784067862e+00, 3.774626898620998e+00, -2.316876047538885e+01, -1.993584547778396e+02, 9.550391356895510e+01, -4.917737353253297e+02, -2.767312796005046e+02, -5.212642926112593e+01, -9.475590140186929e+01, -1.654926572924377e+02, -2.652820819008080e+02, 7.959406727555664e+01, 3.712220110078235e+01, -1.139947315726121e+02, -5.216231098868717e+00, 5.443878600188960e+01, -7.269773859461867e+00, 1.965303018847088e+01, 3.748160016878198e+01, 3.116331399819847e+01, -1.548140280883567e+01, 3.010399542872073e+01, -1.202611667363170e+01, 9.545287752736209e+00, 4.070963835855171e+01, -1.803359673811526e+01, -2.583963357591715e+01, 2.790149077940634e+01, -9.229535502659866e+00, -3.460562061008380e+01, -2.059130595504473e+00, -3.441853490529144e+00, 3.204847927903637e+01, -1.386502546518001e+01, 1.573233688525330e+01, 2.584967266088896e+00, 5.098320325300921e+00, 1.656801398605707e+01, 4.680444995969352e-03, 2.357322563917755e+00, 2.245022162742693e+01, -7.111537912869592e+00, 2.285081932741657e+00, 1.455992704384153e+01, 2.263667716309727e-01, 6.101981717347250e-01, -1.386886638533249e+00, -4.824676028809936e-01, -4.549525335149585e+00, -5.904898837289000e-01, 4.415923971320235e+00, -5.982168030283014e+00, -2.148365298975942e+00, -1.742564396602206e+00, -2.176235540157849e+01, -6.576834008347192e+00, 3.726548602842315e+00, -2.143337603937290e-01, 1.155159938788118e+00, -1.037276301352748e+00, -1.129519271527130e+01, -7.625552240490377e+00, -1.002778214359365e+01, 2.643049645986737e+00, -1.381279153211753e+01, -3.860508934523893e+02, -2.547443223600761e+02, 2.148047244816186e+02, -1.182634429022367e+02, -1.889924952647285e+02, 5.995656480063999e+01, -1.072007550724620e+02, -4.591891302865696e+01, -4.685195379277164e+01, 4.952334556120573e+01, 9.664994134604271e+01, 4.844834164887278e+01, -5.662963496564527e+01, 7.835315386074095e+00, 7.579209176156201e+01, 1.451054865559987e+01, -5.641894714072956e+01, -8.410169841873889e+00, -1.503027506376780e+00, -1.516630955113267e+01, -1.233505234028234e+00, 1.285408219467544e+01, 1.274496846968055e+01, -2.184788735331543e+00, 1.008443509542652e+01, -2.032953400547082e+01, 1.699681543797163e+01, 4.672869021558645e+00, 4.861111437303504e-01, 4.257759449072107e+01, 1.146657781899352e+01, -2.915854127818279e+00, 1.200533779422915e+01, 1.442732870824125e+01, 9.231561643269329e+00, 5.143686311353130e+00, -7.881564688247606e+00, -6.489293846769041e+00, -1.336561778610430e+01, 1.183728117665537e+01, -4.094018242043189e+00, 1.689998627990734e+00, -4.783500714130541e+00, -1.583547668233804e+01, -1.620845682869013e+00, 5.331636539658821e+00, -7.360230622260331e+00, 3.111006226985883e+00, -3.099797530551128e+00, 3.513186924006901e+00, 3.806432605629372e-01, 2.028689952023786e+00, 1.951899193257027e+00, -1.722753925042866e+00, 3.262519771397414e+00, -1.437706511112446e+00, 1.872418359756769e+00, -9.876999857119838e+00, -2.034510278611117e+00, -1.328234271165371e+01, 5.309208712492241e+00, -1.596998953390603e+00, 1.131517812188686e+01, -1.395313839723555e+02, -2.208809406219150e+02, 1.185189045251343e+02, -1.461084667353122e+02, 2.067619126280959e+02, -8.923990558452765e+00, -9.178939076124371e+01, 4.836600410054606e+01, -5.706923876521981e+01, -5.910235151973689e+01, -2.133760610447862e+01, 2.540306878052877e+01, 3.942193264484708e+01, 1.059318395778846e+00, 9.454835143844752e+00, -8.172238883696842e+01, -3.356773540611943e+01, 6.741165037868287e+00, -1.934605486384730e+01, 9.347275346629702e+00, 3.092887519489579e+00, -1.865152466455232e+01, 6.702826709893045e+00, 1.013503163143814e+01, -2.162981801345137e+01, -5.210473383850046e+00, -7.958910977152335e+00, 5.534439563552984e-01, 1.089920544707810e+00, 5.842015828169347e+01, -7.995234935252636e+00, -1.267498406283911e+00, -7.753903236758281e+00, -7.156915572276955e+00, 2.861941157024642e+00, 2.903663855011144e+00, -2.079068885374810e+00, 3.417296643973408e+00, 7.333248595708326e+00, 4.880310266866143e+00, -4.236376290376161e-01, 4.620904024790407e-01, 1.311255492103745e-01, -1.696684880350170e+01, -2.550945301593262e-01, 6.488295196042675e+00, 3.043900619939423e+00, 1.493845801497382e+00, 3.337665329572565e-01, 1.478705807265650e+00, 9.198572028235937e-01, 1.225871771199980e+00, 3.184027912818881e-01, -7.733149554774376e-01, 1.994262495974001e-01, 2.402269613425631e-01, -3.334319742987022e-01, 1.785056242942888e+00, -1.815003039812831e+00, 5.961325286349173e+00, 2.502880657279334e-01, -6.011717014212722e-01, -6.901199916337866e-01, -2.895903024421782e+01, -4.524265097446801e+00, -3.495070950767510e+02, -1.081296115949342e+02, 6.998840025864898e+01, 1.942251589378683e+02, 1.933640300706156e+01, 3.980032083731711e+00, -3.176453613669287e+00, -1.978243632731568e+02, -1.254059724349694e+02, -3.243778461277548e+01, 5.158214656869172e+00, -6.566609380248624e+01, 5.646732424162365e-01, -5.815349018256698e+00, 1.392969523384437e+01, 1.765051063125121e+01, -3.556221537166128e+01, -5.287656232487688e+01, -1.936403677028795e+01, -3.037233736869664e+00, 1.451861199455210e+01, 2.542849998733177e+01, 5.100729535819355e+00, 1.306816618827186e+01, -7.419578305331139e+00, 9.770738875102691e-01, 1.556853682513049e+00, -3.917253090399834e-01, 5.393275075523754e+01, 4.014506561753072e+00, 1.206837755923012e+01, 1.084516949558007e+01, 2.646447475318512e+00, -1.708112444205316e+00, -6.659915685521368e+00, -1.953496739729203e+00, 5.231747205070456e+00, -1.824060227708031e+00, 3.011104636432638e+00, 2.990217991121029e+00, 6.709718083689763e-01, 7.829548913027053e-01, -3.435082170378580e+01, 7.047991415176534e+00, -2.714647245616976e-01, -2.374071420490617e+00, 4.961046581994794e-01, 5.943858448859823e-01, 1.005553056161301e-01, -2.319378358263541e+00, -1.787039575513948e+00, 3.779823480401270e-01, -1.644031462263212e-01, -1.875619428169418e+00, -2.504224501714070e-01, -1.943916119201468e-01, 1.751406595753206e+01, -1.151149042230476e+01, 1.561821530533112e+00, -1.359231399430359e+00, -2.184985098127313e+00, -7.841259884338501e-01, 4.417950953932638e-01, -5.121929784241853e-01, -7.685650631373743e+01, -3.571198172925012e+02, 3.589110753435289e+02, -6.392974193946603e+01, 3.351446961410064e+02, 3.544518966663565e+00, 5.745954930161170e+01, 1.013424073147927e+01, -1.303350672156198e+02, -1.289631440769418e+02, -3.144012638584788e+01, -1.297964548112964e+02, 3.357437607957467e+01, 3.589612925829574e-01, 9.558911120989874e+00, 8.164701311008690e+01, -5.584464876898165e+01, -2.392679500919456e+01, -4.948382362362386e+01, 1.290005079320641e+01, -9.458817905204745e+00, -2.457881924909683e+00, 1.849553606291959e+01, -2.065010592665374e+00, -7.267927441663487e+00, 2.299776045526050e+01, -9.348423382408329e+00, -5.932196992796066e-02, 2.806680267812476e+00, -5.324776560014570e+00, 6.443091579849971e+00, 2.144567419968552e+01, 1.843489656390717e+00, -6.185414584474242e+00, 2.000755479456712e-01, 3.375493592895062e+00, 1.566788180062419e+00, 7.581763367276827e+00, 5.430052573645167e+00, -3.812005548345025e+00, 6.816752968717453e-01, -3.259352146061642e-01, 2.046730778633644e-01, -9.027274650908105e-01, -3.111467806119303e+00, -3.938806040550592e+00, 3.933745146041455e+00, 1.942976047269647e-01, -4.241288278534056e-01, -1.578124948620839e+00, 4.696715265958532e-01, -9.469190332595196e-01, 9.435263593385625e-01, 1.467445630072184e+00, -1.403177270846344e-01, -7.323744998032150e-01, 4.341454011092779e-01, 9.309368392461217e+00, -2.055241743725547e+00, -3.058970793339629e+00, -1.120414479016207e+00, -2.064707272701317e+00, 5.010649318765380e-01, 3.231962817116545e+00, 7.443886366751601e-01, 1.063623643635753e+00, 1.698910485978633e+02, -4.911904143579260e+01, -5.552431155940171e+00, -7.443041412515446e+01, 9.997304352554369e+01, -1.360822592733773e+02, 4.053688688458971e+01, 8.979930810716188e+01, 7.009727377193920e+01, -1.190510475100647e+02, -7.256528955502451e+01, 9.051865745288563e+00, 1.534626995472645e+01, -1.675891810978503e-01, 4.488146074159090e+00, -1.291658267844051e+01, -2.821540246530512e-03, -2.194785653469081e+01, 5.613166735691897e+00, 4.573682029158147e+01, -1.522684006309377e+01, -1.799132605355512e+01, -2.571172418294559e+01, 2.003787038940167e+01, 6.228726234834738e+00, -1.734619745807276e+01, 8.705803766773483e+00, -1.210224410144453e-01, -4.496664679836134e-03, 1.638416159252635e+01, -4.139353978960441e+00, 4.540309877439047e+00, 3.773158724145248e+00, -1.349016567247518e+01, 2.877296594479072e+00, -3.570082185212037e+00, 2.506870378919870e+00, -2.999936023679473e+00, -6.544052094773698e-01, 3.371016391238387e+00, -3.418154551623135e+00, 2.056344259194252e-01, 4.571013910617685e-01, -4.331950977693374e+00, 2.997554954408962e-01, -1.519249596057441e+00, -1.861981713985009e+00, 8.081781974871205e+00, 1.557390222915884e-01, 3.208562720270362e+00, 4.739061944414431e-01, -5.098055605684629e-01, 4.104869418339220e-01, -4.678142483878117e-01, 1.013525095978253e+00, -2.934020493131215e-01, 6.870716390186490e-01, 1.080407981776014e+00, 1.767070819955471e+00, 1.536755595063342e-01, 9.862961315271583e+00, -3.466167005783545e+00, 1.320832228926400e-01, 4.925186951497234e-01, 1.654485275980694e+00, 8.740824903210167e-01, -1.412454104051748e+01, -9.840575600641662e+01, -1.929837038991256e+02, 4.984581586770369e+01, -3.513630609467152e+01, -6.984416185516663e+01, -1.534180133092349e+02, 2.591343458769821e+01, -8.201255629588547e+01, 3.222264600598629e+00, -4.966521426012580e+01, -4.166482325849118e+01, 3.282767041773162e+01, -1.221486008440510e+02, -4.998143745943086e+00, 3.542904185622742e+01, 9.145486324527665e+00, -2.342999452168739e+01, 7.899563353173912e-02, 3.025423938472377e+01, 4.618612486382439e+00, 4.684283899023744e+00, 1.653715435871896e+01, 8.359599997461556e-01, 1.474340396474124e+00, -1.539642390784027e+00, -4.486332702080633e+00, 1.390390770665826e+01, -8.233584057039063e-01, 1.481220677750676e-01, 1.423603743917396e+01, 6.710188979356336e+00, -2.154837397096516e+00, -7.765384564124225e-01, -9.872386996403835e-01, -9.619968730616814e-01, -9.907551048424307e-01, 3.007660084052262e+00, 1.851691258139323e+00, 5.375452947426123e+00, -5.449140832399337e-01, 7.128008426709661e-01, 3.608399264317143e-01, -8.786631286963716e-02, -5.555455294161055e+00, -6.508795194238882e+00, -2.296816033267650e-02, -6.430808699811249e+00, 4.226087759076384e+00, 9.437046147418706e-01, 2.914499871945787e-01, -6.537017120443213e-01, -2.839426441713778e+00, -4.002215108295966e+00, 3.894187926394657e+00, 1.279568459696860e+00, -5.835928652234612e-01, 2.053061365684604e-01, -2.573822031942878e+00, -3.658573790801356e+00, -2.304997311756241e+00, 7.139302999849242e+00, -1.701340216510727e+00, 7.962626693256759e-01, 1.163648786768248e+00, 1.054289012180112e+00, 2.140688828428237e+00, 1.827294297406064e+00, -1.477946784025307e+01, 2.376076340863145e+01, -6.426011802621532e+01, -1.308906165119529e+02, 4.155957890724643e+01, 3.290422555067690e+01, -3.976905283865389e+01, 1.093768268854403e+01, -5.789899910710061e+01, -2.393450086818767e+01, -7.484797933541043e+01, 1.847763064787140e+01, -3.089607212107491e+01, -4.604839360119504e+01, -3.508511088480915e+00, -2.119023435505135e+01, 2.582541951922950e+01, 1.650989083048124e+01, 9.816202074785043e+00, -2.068273593045976e+01, 1.236678661523045e+01, -3.364502600803852e+00, 1.475901832298481e+01, 1.042752858162849e+01, 1.080211127349926e+01, -2.652963764501783e+01, 1.723794902315941e+01, 1.884429789657558e+00, -1.975098422716607e+00, -1.551560301193806e+00, 1.341150275429986e+00, 9.950136485835306e-01, -2.126512761713714e+00, -2.192803748090189e+00, -9.335954790548312e+00, -1.716114311963067e+00, 9.193471711584409e-01, -4.541230724049926e+00, -2.572714879537798e+00, 8.190978269889289e+00, -4.658813191009386e+00, 1.844727623552447e+00, -8.690860442071929e-01, -4.188607869988722e-01, 1.996656462178539e+00, -7.817669853965715e+00, 5.172664008712083e+00, 6.250438187035059e-02, 1.348921851556758e+00, 5.880973073996713e-01, -1.285923345972445e+00, 4.221107643259834e-01, 2.420429519263149e+00, -8.476572283758529e-01, 8.542610967363203e-01, -8.929746490950367e-01, 5.512522365000286e-01, 5.876219328224572e-01, 3.303226534503541e+00, 7.314903614752619e+00, 4.294121087385740e+00, -3.774242426051664e+00, -9.267159500283403e-01, -7.542336215899680e-01, 1.013763374034030e-01, -3.050189146129430e-01, -6.824917579290765e-01, -1.284808300179556e+00, -9.446295909996879e-01, 1.148864647312041e+01, -1.090426848247863e+02, -4.702080028945768e+01, -5.434115353692886e+01, 2.153474688860118e+02, 1.149041369545740e+02, -6.042169899417021e+01, 5.912807513163917e+01, -1.042496141336143e+01, -5.205834215287548e+01, 1.514871253233796e+01, -1.282562461810745e+01, -2.844439622709395e+00, -5.508925993342277e-02, 7.397101049609359e-01, -1.482628666923621e+01, 4.183044004511357e+01, 2.882555379150131e+01, -3.030250012073336e+01, -2.272545298507098e+01, 6.573999915628145e+00, 5.857196694447862e+00, 4.145595014033376e+00, 8.615997383391450e+00, 1.421779299437953e+00, 1.353376957313597e+00, 7.294160594944572e-01, 5.311420057447963e-01, -2.697909397034634e-01, 3.036953924893853e-01, -1.514300450081042e+01, -1.137453571646200e+01, 1.030230273717147e+01, 1.364779947493257e+00, -3.573467056047688e+00, -9.987816870884697e-01, -3.372073558979134e+00, -1.620571535311558e+00, 9.802002201018547e-01, -1.411643393714726e+00, 1.259100533107461e+00, 1.721845184742826e-01, -3.758385392984826e-01, 2.494241545799373e-01, 8.841949078676913e+00, -9.435978986742580e-01, -6.789484690587676e-01, 4.092339299543157e+00, 2.405664506201294e+00, -3.289927174502220e-01, 2.117853166423519e+00, -1.124568483074565e+00, -4.199109535553955e-01, 1.537030226953634e+00, -1.520819000679746e-01, 8.872066744282650e-02, -4.940290118821913e-01, 4.579097734686253e-02, 4.506848761936392e+00, 1.669379368376102e+00, 3.786274993699825e+00, -3.386263183568775e+00, -1.593891081285475e+00, 2.300213746908665e-02, -1.504441385411774e-01, 9.909247932072387e-01, -3.536676988513006e-02, -3.897211204934317e-01, -3.100857407807534e-01, -1.643021280463658e-01, 1.009351714558494e+00, 2.677272648331759e+01, 4.285281604636968e+01, 1.646163458931708e+01, -1.650009211556209e+01, 6.621833706968625e+00, 3.625286614814082e+01, -5.764563900523298e+00, 1.009033214361726e+01, 6.905437941832288e+00, 5.284828654454549e+00, 8.949095116171127e-01, -4.012629968768669e+01, 7.896081166118927e+00, 1.860183101894409e-02, 3.631730785314376e+00, -1.901877244851146e+01, 2.470053768660627e+01, 1.104835425920143e+01, 3.276455780346317e+00, -6.497115194462035e+00, 5.455895900853484e+00, 5.446648172464501e+00, -6.446728455115519e-01, 8.007262452248488e-01, -3.612425143224112e+00, -1.453471685826738e+00, 2.358844733331214e+00, -4.145814301077493e-01, 1.019140063468420e+00, 4.269601310275786e+00, 1.033020162581237e+01, -1.755759598911993e+00, -2.722255831581682e+00, -2.848047728953411e+00, -1.691944618303288e+00, 1.112452817604757e+00, 3.342076181235940e-01, 1.281464818993100e+00, -1.950429176612776e+00, 3.385851086698627e+00, -4.275412179281364e-01, -3.813482274554023e-01, 3.082990718103958e-02, 1.339218299877969e+01, 2.555953815194490e+00, -2.358748406057968e+00, 1.632222906059362e+00, -5.196108930534747e-01, -2.565721805502887e-01, -8.555583401752066e-01, 2.951499134905605e-01, 6.835990891513541e-01, 9.113020943926826e-01, 4.948413503191690e-01, 1.124792784337930e-01, -6.987812623868997e-02, -9.242461491699198e-02, -2.221900694475137e+01, -2.587216088377448e+00, 6.795928416977396e+00, -1.722246159517818e+00, 1.408890332390714e-01, 4.786799094866296e-01, -7.866619710944341e-01, -3.570031323032910e-01, -8.987535419125219e-01, 1.317426031077639e+00, 3.953301942023330e-01, 3.280634452310189e-01, -1.223810963562792e-01, -1.902310447063100e+00, -4.848741949321732e+01, 5.094168431279913e+01, -3.306651004484539e+01, -1.315352249954097e+01, -2.433267440959227e+01, -7.077086189986655e+00, -1.144939911800339e+01, 9.482998385166916e+00, 1.466600426641607e+01, -8.176298980216670e+00, -1.169270775206218e+01, 4.325751197188962e+00, -1.082228513879901e+01, 2.684372578036485e-01, -3.219770740024740e+00, -5.168639184016077e+00, 6.823280597023674e+00, -1.728616908290985e+00, 8.300816099569848e-01, -2.721094896227469e+00, 4.261918526500491e-01, 7.720782485957349e-01, 3.145456469612925e+00, 8.237173361615634e-01, 1.116469170859133e+00, 2.470333345434935e+00, 4.347248814832073e+00, 6.725343581954500e-02, 5.567209543427969e-02, -7.709585859879274e+00, -7.242460393834462e+00, 1.304598676057284e+00, -2.619757051379080e-01, 9.901899276220600e-01, -4.065894775938902e-01, 3.571562158853508e-01, -6.083055994364450e-01, 1.260927448467885e+00, 4.303601490705460e-01, -6.113749444928936e-01, -3.371990965393110e-01, -1.123273467364858e-01, 1.529406112212577e-01, 2.510704888319855e+00, -3.049896133598660e-02, 5.711681175210741e-01, -4.079994375356063e-02, -5.207534973634368e-01, 1.223200367007110e-01, 2.249618370274523e-01, -5.930082050413116e-01, -8.501735567108841e-01, -5.830221111843887e-01, -6.063023056426381e-01, -1.074529193318933e-01, -1.676272685947674e-01, 2.008737512715948e-01, 3.159727002694005e+00, 3.339707560827746e+00, -4.692209364642345e-01, 1.144716945426098e+00, 5.743002026347378e-01, 1.891546048419269e-01, 3.802473366895393e-01, 8.443618803827747e-02, 1.332198747585500e-01, -1.634579275039521e-01, 7.187923435258378e-01, 2.632115632983323e-01, -2.166339750066347e-01, 2.230270555293596e-01, 1.363521418217708e+01, -1.739790580193524e+02, -3.102934987782642e+01, -1.665539540352781e+01, 2.392406680711120e+02, 2.489025570875407e+02, -2.452019063776344e+02, -7.171464655399137e+01, 1.273452423871577e+02, 1.102487301960405e+02, -2.887686018690305e+01, 9.925902401605926e+00, 7.833623076306149e+01, -8.722108187362677e+01, -1.529094658445466e+01, 6.325628963718302e+01, 6.581405407008066e+01, 2.620132476489583e+01, -4.758400548038571e+01, -1.061257027621534e+02, 6.822936998979210e+01, 2.154276564699454e+01, -5.810020849536881e+01, -1.173682625764138e+01, 2.998275491844949e+01, 9.201360320996287e+00, -3.449291273312046e+01, 1.900795099531052e+01, -2.192350380725488e-01, -1.471311369928423e+01, -2.280234786195486e+01, -1.244367308616405e+01, 1.894948674420785e+01, 2.340924672299692e+01, -1.667900360640041e+01, -4.260125629869786e+00, 2.268907987767404e+01, -8.721580860531907e+00, -1.587856288200253e+01, -2.713665933430232e+00, 9.514997493389327e+00, -8.245192117460473e+00, 5.691989144222968e+00, 1.251580400419463e+00, 2.760959694785959e+00, -2.416656212313379e-01, 3.182598325256781e+00, -8.186306987809445e+00, 1.009095719890084e+00, -7.609750564198196e-01, -8.216898620770600e+00, 4.988117445820734e+00, 4.110794055874911e+00, -1.025876923183393e+00, -1.634256825691454e+00, 5.057355956059585e+00, -7.951172836792154e+00, 2.452208196037489e+00, -1.410433713241824e+00, -9.330966303512346e+00, -1.129194679076673e+00, 6.410186980136743e-01, 4.981569612752162e-01, -2.959306787212379e+00, 5.736538143695590e-01, -5.183490114562731e+00, -3.190846299543294e+00, -6.009110755894211e-01, 1.232623327883700e+00, -2.133631894072235e+00, -3.914194414032083e+00, 2.140961357486956e+00, -3.297685701519313e-01, -2.703185153774060e+01, -7.714752663325906e+01, -2.273483236597440e+01, 5.794459520331250e+01, 1.409796510277546e+02, 4.683810947928393e+01, -2.930228548124594e+01, -4.948033744642859e+01, -2.133038885217084e+01, 7.855207382281935e+01, 3.346307208796909e+01, 3.236232972993282e+01, 1.164989284200467e+01, -2.329338064586227e+01, 5.489013714003858e+00, 1.829453611506172e+01, 6.810262780963095e+00, -3.107417959549606e+01, -7.186572120996398e+01, -3.183295901799898e+01, 1.542446779677101e+01, -4.401578301280533e+00, 3.061578744346331e+00, -3.687984669050714e+01, -7.191184206687958e+00, -2.813638521925889e+01, -8.754627469447758e+00, 2.793678039432382e+00, 7.717471098751333e+00, -1.507378286166690e+01, 7.091116490779864e+00, 5.551311513140353e+00, 3.907374686799627e+01, 1.178403568609497e+01, 1.498323012988246e+00, 7.878934823903477e+00, 3.645671096538686e-01, 1.012889592809880e+01, -1.059138406429162e+00, 1.295049521076191e+01, 5.852264497852804e+00, 1.278669299337176e+00, 4.792801289804440e+00, 4.415656391634982e+00, -1.652089678365168e+01, -5.105865317833968e+00, -1.597119824869438e+01, -5.449330188523744e+00, -3.265316115055148e+00, -2.141797121661592e+00, -1.696025634659447e+00, -4.067937094822096e+00, -4.984738480682271e-01, -7.302407293101643e+00, -2.255884180854447e+00, -1.203834603550475e+00, -1.817053568399419e+00, -1.465578768880638e+00, 1.441802958649717e+00, -5.823614022758012e+00, 6.877427190129420e+00, 2.046530352908904e+00, 5.428247342155947e-01, 2.087258228536216e+00, 1.712491097183767e+00, 2.177569824403764e+00, 3.540519297576254e-01, 3.114992034049640e+00, 1.740789216288908e+00, 9.121636862458800e-01, -4.231492994729840e-01, 4.013098334382443e-01, 5.127191373645597e+00, 2.919117882586073e+00, -5.707344392804558e+01, 1.592279879953177e+02, -4.967869938760205e+01, -9.329151960781092e+00, 1.985875401256608e+01, -9.187635810759049e+01, -4.431319315249850e+01, -6.905253873294230e+01, 5.712464770658969e+01, 7.729661265304149e+01, 3.857620695941444e+01, 4.860117167660834e+01, 2.611237400875049e+00, 6.095714552935779e-01, -6.623483440033620e+00, -3.785686549258700e+01, 8.240260732586921e+01, 3.797384396352948e+01, -7.740629355940431e+00, -2.034754130230234e-01, -5.814832275064086e-01, 2.208050135544805e+01, -8.297093603761894e+00, -2.371946742902333e+01, 5.218382749659301e+00, -3.996480873512314e+00, -8.886122708008765e+00, -9.142488112466794e-01, 4.985376661637890e+00, 3.697712559600875e+00, -2.820276999536268e+01, -2.328752794104240e+01, 8.611832404688830e+00, 3.677270776204111e+00, 6.074474671799249e+00, -1.347810535574627e+01, -4.701698963942762e+00, -2.178152983145818e-01, -1.005195529724367e+01, -5.041154952290123e+00, 3.559721795747329e+00, -1.694517536412639e+00, 5.195179876684481e+00, -2.324558220170175e+00, 1.211229816436751e+01, 1.179280084113628e+01, -5.972525104211648e-01, -3.358397607229051e+00, -3.790900941884718e+00, 6.065796408836341e+00, 2.014790996293017e+00, -2.660133821454385e-01, 2.967598831876113e+00, 1.003201202047697e+00, 1.762880126505579e+00, 2.526036143978969e+00, -9.647685496006082e-01, 2.264662847895885e+00, -6.828819024308432e+00, -8.052092804706353e+00, 1.252046076327423e+00, -2.904058973635761e-01, 1.768140049577434e+00, -3.097133523367527e+00, 1.305050322605558e-01, -2.591198328972924e-02, -8.204635119773179e-02, -1.203153322995762e-01, -8.133515713202688e-01, -1.290453133088073e+00, 1.310573000373252e-01, -1.270075015435795e+00, -4.990855330503051e+00, -1.682380227812491e+00, -1.348115667198015e+00, 2.208683356750522e+01, -4.717002781149795e+01, 1.845734537633683e+02, -7.707053862902418e+01, -1.284330071910712e+01, 2.780005357459849e+01, 3.655451888161748e+01, 7.155906923384103e+01, -2.675314858242187e+01, -8.386974032863208e+00, -8.663704698883055e+00, -2.815071080712758e+01, 4.503347756708823e+01, -1.061442874683565e+01, 3.692747524099973e+00, 1.614975695044313e+01, -7.308013909159830e+01, 4.115278985521502e+01, 8.566067801293688e+00, 2.395627800812394e+00, -4.129197732066168e+00, -1.259381058252201e+01, 1.230403538709243e+01, -2.003908846398541e+00, 2.660492164248104e+00, 6.965137488588346e+00, -1.396533012760570e+01, 8.335820518527125e+00, -1.502531079741558e+00, -4.267139352372455e-01, 2.320610545870531e+01, -1.407066087483880e+01, -9.311992940840231e+00, -4.622604728230657e+00, -3.822089542480706e+00, -5.716936445368932e-01, -3.587029626743166e+00, 2.833567408690031e+00, 7.737770702992570e-02, 8.723090227551067e-01, 3.395728181043313e+00, -3.960906357135968e+00, -2.511450677312564e+00, -1.118482100378086e-01, -1.218911747689896e+01, 6.021750156403487e+00, 3.277193030283710e+00, 3.069349535957401e+00, 1.658962659003676e+00, 5.379273525632731e-01, 1.042102508736030e+00, -3.642134603037461e-01, 1.941741841939395e+00, 5.557904624615639e-01, -2.260523725979542e+00, 6.200037975168617e-01, 5.875353989870318e-01, 1.773470856730656e+00, 4.105025130841216e+00, 1.420149731844798e+00, -2.597753989226342e+00, -2.532212972133681e+00, -1.629320851156512e+00, -1.202225376961175e+00, -3.262348219961939e-02, -8.337004591952004e-01, -1.800061268090271e+00, -8.738716660362124e-01, 1.018312788566397e+00, -2.178354547683978e-01, 1.128761101210230e+00, -1.570408303464631e+00, 4.899356597742766e+00, 9.432301664218269e-01, 2.963991654333366e+00, 3.294507768529845e-01, -3.087189097299560e+01, 4.012514489882106e+00, 8.903829841605881e+01, -1.305912111658545e+02, 5.877205980159012e+01, 1.246050247747814e+01, -1.704786942517332e+01, 2.516317745967387e+01, 4.413388213704529e+00, 3.346039749353553e+01, 4.505138149814657e+00, -4.692918541199699e+01, 1.576987375657270e+01, 6.322266403730683e+00, -9.939986103607312e-01, -5.066712897354264e+00, -2.412547854867261e+01, 2.433644991342010e+01, -4.459467856601371e+00, 6.025697665226839e+00, -2.548423118995003e+00, -7.111531327150139e+00, -4.044884917764563e+00, -1.802969924885375e+01, -4.246706677982216e-01, 4.713218424318359e+00, -3.124971798732698e+00, -1.068482330421473e+00, 2.926508800763844e+00, 7.411089390002066e-01, -1.979555012201425e+00, 5.202393079877168e+00, -4.683482220059775e+00, -7.047149436383507e+00, -2.154889773481169e+00, 8.344893764974172e-01, 1.223527192973006e+00, 7.600225204904818e+00, -1.051917141345237e+00, 7.838869120999014e-01, -4.432374227518304e-01, -1.140290038498928e+00, 1.793834794364680e+00, -3.481727650985876e-01, 2.480604492430751e+00, -6.935069737867459e+00, 1.297772682703864e+00, 5.193791061985602e+00, 1.175045123560266e+00, 1.615590765769883e-01, -8.531919564920060e-01, -1.785167724200866e+00, 1.764262190899630e+00, 7.641191320136412e-01, -8.607093637706672e-01, -1.097429228754913e-01, -9.613448365802433e-01, -2.428593665033152e-01, -1.335774619494936e+00, 2.891619142775526e+00, -8.245729236967855e-01, -3.117119647017935e+00, -1.159551502153443e+00, 1.171189272256807e+00, 1.031453413879655e+00, 1.788948611802471e+00, -1.345548274447762e+00, -4.500304098055941e-01, 3.013759517154473e-01, -6.983983522543119e-01, -3.607418471670680e-01, 3.085677639914752e-01, 2.473770458615494e+00, 1.720811329978839e+00, 1.000681233490556e+00, 5.219564629351633e-01, 5.178595527334779e-01, -5.854337481822209e+00, 3.308041202928877e+01, -6.360333029414304e+01, -1.253203317557936e+02, 3.330179217567558e+01, -5.945963013892670e+01, 8.048426429295860e+00, 2.695270823894428e+01, -2.126566292247349e+01, 8.846933147109720e+00, -7.394149749015507e+00, -1.868592067492201e+01, 1.183888868891181e+01, -2.159890044589448e+00, -9.946428220404544e-01, -1.021646414117562e+01, -5.692876678396418e+00, 1.257458197400226e+01, -1.365824429456009e+01, 1.689964196220523e+01, -1.286357331935877e+01, -9.749381232421207e+00, 1.604083361597564e+00, -5.259469067573901e+00, 1.092689552808423e-01, 7.276889933537641e-01, 2.900261992213594e+00, 3.377951543102323e+00, 3.489700368025061e-02, -1.236491151265855e+00, 3.205723631397012e+00, 7.702727761304659e+00, 2.004335459783399e+00, -4.160963860018454e+00, 5.081672930456318e+00, 1.077511121748236e+00, 1.292545270664255e+00, 1.181335303715956e+00, -5.270672566889542e-01, 1.970117536273733e+00, -2.594527544669819e+00, -7.894163433984344e-01, 2.159647528995717e-01, 1.861119998774735e-01, -3.700432651092280e+00, -4.023559841947945e+00, -1.648821983976581e+00, 4.492780678316872e-01, -8.299688406385907e-01, 1.392645125247328e-01, -1.216479231221926e+00, -1.650272169172558e-01, -6.762734445451814e-02, -1.742389146646710e+00, 8.053893159985207e-01, 2.093322555954190e-01, -1.210926917684671e-01, -1.305846198198514e-01, 9.449613836420985e-02, 2.576734563869352e+00, -1.533034200368272e+00, -2.743718433770859e-01, 1.221676592024415e+00, 3.378698800620451e-01, 1.180699162429925e+00, 2.591689572680070e-01, 5.394154791203588e-02, 2.567144209914191e-01, 5.327556714618639e-02, -3.690258899325787e-03, 4.920584945742257e-02, 1.995193538624413e-01, 3.954540151282730e+00, -4.784314682326597e-01, 1.085402650204099e+00, 1.095390344752349e+00, -9.312877086163334e-01, -1.312873038632995e-01, -1.515388784423004e+01, 4.402453940533581e+00, 1.554250598241320e+01, -4.487977240994969e+00, -1.190581742626457e+01, -9.206221297073130e+00, 1.983597384625961e+01, 2.034776481707188e+01, 5.234795351097916e+00, 8.674462544611533e+00, 1.737647115618657e+01, -1.471780221214223e+01, 2.193978551737682e+01, 1.574187764407698e+01, -5.151226351270987e+00, -1.709191580073117e+00, 5.765937032330767e+00, -3.800266164143703e+00, 9.128484706782364e+00, 4.413576063334205e-01, -4.105916314709614e+00, -4.071688431889818e+00, -8.089631363251449e+00, 1.473301337987021e+00, -4.810774223287944e+00, 4.750325602916257e+00, -2.065846155513512e+00, 2.824512924813794e+00, -1.231202638773508e+00, -1.414106313725221e+00, -1.239449277242480e+01, 6.332254953518654e+00, -4.969232939914080e+00, -5.623726510823128e-01, -1.638188947965293e+00, -1.767954094409680e+00, 2.845358662672421e+00, -3.277349209680631e+00, -4.013911088159506e-01, -2.891270848180705e+00, -6.921861494039876e-01, -2.629240116877938e+00, -5.231139132736755e-01, 1.750705466333985e+00, 8.118686881654170e+00, -3.862183656308740e+00, 2.615128613348590e+00, -1.029019809295325e+00, 1.384008691335279e+00, 8.750896988988242e-01, -1.602390681725202e+00, 1.541552381428582e+00, 5.167526584414555e-01, 8.634409006339778e-01, 2.805205805093126e-01, 9.410448243963541e-01, -4.642460735327090e-03, -4.364922779826728e-01, -4.116557182395487e+00, 1.176883873252745e+00, -2.085916769082629e+00, 1.244350709525706e+00, 1.430088506938769e-01, 2.769778357167028e-01, 8.381843337576721e-01, -1.014911585659373e+00, -8.283292232425801e-01, -1.051347970035491e+00, 1.597936858776109e-01, -1.717641786271955e-01, 8.016404335403932e-01, -4.303772510687256e-01, 5.706620752343567e-01, 6.986394786024769e-01, 1.063419599631039e-01, 5.857004513723180e-01, -2.625411164513725e-01, -2.358605846951890e-01, 5.924757302804180e-02, -8.070005196125154e+00, -2.236193412759085e+01, 1.951790579464281e+01, 1.342659796593142e+00, -4.029156102967121e+01, -1.051481951918422e+01, -4.041366019194952e+01, -1.519187131096683e+01, -3.777517196239283e+00, -1.662213273184640e+01, 1.770056409811702e+01, 1.012753485158494e+01, -3.854553924164631e+00, -1.351654926291973e+01, -1.527403266656569e+00, 4.240245722839995e+00, -1.472731312394596e+01, -1.762779374847512e+01, 2.326208614267782e+01, 4.927921294368899e+00, 1.191942343960838e+01, 3.901904955644470e+00, -3.217494879812300e+00, 1.553649576901416e+00, -1.419653562012173e+01, -3.429570233799514e+00, 5.710405970766677e+00, 1.045727960019360e+00, -3.480995643314367e-01, 4.247524985148750e-01, 5.605230529803993e-02, 1.073662479827547e+01, -1.348228609920149e+01, -2.092116040381805e+00, -9.350811024746019e-01, -1.153134322781637e+00, 2.516585330354222e+00, -6.082392993519116e-01, 3.275701466212366e+00, -5.938651419893489e-01, -2.037067428919319e+00, 8.741307148057491e-01, -7.841678861492307e-02, -1.161428927190533e+00, 4.215211147210987e-01, -3.737796787522332e+00, 7.306402322243190e+00, -1.433681336304782e-01, 6.109043728785546e-02, 3.527745227438988e-02, -2.174060606601653e+00, -7.130493738398315e-01, -8.388121000203366e-01, 2.974605017226550e-01, 4.819423363223962e-01, -8.247974896098238e-01, -1.100028875489124e-01, 2.913576662743925e-01, -2.610365172141714e+00, 1.690958371259654e-01, -5.063571863340041e+00, 1.673785712197456e-01, 1.692949793506437e+00, 2.884708744130442e-01, 5.939653948704793e-01, -1.219497093358954e+00, -1.194168508033132e+00, -1.037388854071924e+00, 3.323900417116328e-01, 4.724307786861999e-01, 2.815060879121413e-01, 7.940600582050737e-02, 1.907946221618233e+00, -1.920577662561089e-01, 5.051108895519867e-01, 9.445806768161044e-01, -9.910997267864101e-01, -2.237746207683580e-02, 4.555538769364885e-01, 6.424825224865028e-01, 3.377217134028564e+00, -2.809731502084286e+01, -9.184456385408188e+00, 9.423339236840530e+01, -7.087584271697736e+01, 2.516357563851006e+01, 2.514585647276028e+01, -4.434843110719443e+01, -1.348030690961011e+01, -3.350161874051347e+01, -3.286102176508516e+00, -3.586210210305448e+00, -1.115420494133370e+01, -3.035317358186435e+01, 2.355766967362589e+00, 2.690410833973863e+00, -9.073427890326324e-02, -5.283069519840596e+01, 1.888367026256987e+01, -6.755151573763476e+00, -9.195261395284385e+00, 1.890069308692109e+01, -5.111122915810825e+00, 4.497399263036074e+00, -5.975519397103634e+00, 7.099290381135386e-02, 3.924408245807763e+00, 6.926257789475650e+00, 1.130917257734683e+00, 3.608533506934758e-01, -6.366746805752638e+00, 1.978007162671353e+01, -3.785589035033792e+00, 1.236554653621504e+00, 4.077081816378270e+00, -6.662424641110754e+00, 4.505491273996802e+00, -1.367276971248002e+00, 2.446899248119237e+00, -1.358987048874075e-02, -1.950446040153074e+00, -1.147101789558460e+00, 7.422408306430901e-01, -1.035517885502659e+00, 3.616670578841496e+00, -7.398630349541132e+00, 1.342168466249462e-01, -6.304020296316962e-02, -1.603559798695891e+00, 2.582226909043283e+00, -2.242898722681987e+00, 5.923103904428976e-01, -4.690812291688025e-01, -3.650188155913055e-03, 5.430014690221850e-01, 4.624129836062014e-02, 5.205160391595816e-02, -8.356508506425367e-02, -3.870533125232769e+00, 7.585621209901140e-01, -2.526631763630406e-01, 4.532462543276354e-01, 1.018103315361227e+00, -8.156963895712481e-01, 4.759898892838216e-01, -1.202955061387811e+00, -7.377154072467603e-01, -6.909887320277248e-01, 5.598790153575645e-02, 1.792573819747681e-01, 2.478731657104573e-01, -9.199751314948545e-02, 1.817683239957402e+00, 4.905032190195474e-01, -1.965382560096255e-01, 4.049532563780064e-01, 3.027722889010986e-01, 1.219937025014721e-01, 4.814392354400628e-01, 8.719423729137805e-01, 2.559775707374539e-01, 1.353957061066980e+01, -4.812536378283257e+01, -8.990078083129564e+00, 4.325931391733973e+00, -2.398844128601439e+01, -3.265980777762781e+01, -5.664441819960109e+01, 2.188386375417361e+00, 1.432828905131776e+01, 4.226342492063237e+00, 1.512225970055879e+01, 2.957226141567681e+01, -5.659052844310748e+00, 1.266521343699997e+01, 4.775343151581112e-01, 1.602284740709569e+01, 8.801087508804159e+00, -8.357305083662116e+00, 1.053328109847982e+01, 1.687703257271472e+01, 1.538498691519056e+01, 5.705765464467407e-01, -9.078873348307727e+00, -5.032797989254735e+00, -4.312667547478474e+00, -7.098062889082920e+00, -5.649016424931951e+00, -3.020021401423174e+00, 4.348676486083912e-01, -3.694882843231398e+00, -9.136143623802184e+00, 2.470192433858421e+00, -3.304412345662864e+00, -6.702762569669731e+00, -1.637856642102139e+00, -1.965933118522231e-01, 3.851813502561229e+00, 1.281925147534715e+00, 8.831060805002651e-02, 1.376899733346564e+00, 2.733752253860139e+00, 4.665984535006529e-01, 9.655841620248898e-01, -5.715297997223243e-01, 5.234617208208156e+00, -4.877628673607983e-01, 5.214683035373702e-01, 2.742742975267521e+00, -1.828240938622696e-01, -2.263453928408768e-01, -1.992406729892146e+00, -2.707544117596823e-01, 8.638426386670771e-01, 7.397015285118587e-02, -1.546804596599775e+00, -3.915276279363797e-01, -6.709578463088879e-01, 2.161995545897433e-01, -3.285846553879984e+00, -3.669834656610003e-01, -2.838711297392758e-01, -1.138079183288299e+00, 4.834531319048799e-01, -3.858819841158144e-01, -9.270316011743665e-02, -7.724768440246995e-01, -1.314977207927444e+00, -5.730071266020780e-01, 7.353720050867322e-01, 1.155355686003986e-01, -2.868883425161974e-01, 3.395715129944637e-01, 1.140511101798974e+00, 4.656695990373674e-01, 5.259300730423174e-01, 1.711941857556612e-01, -2.005949760280759e-01, 2.430068066605688e-01, 6.392209602264897e-01, 6.158212512948287e-01, 4.731846407604769e-01, 6.791613201741287e-02, -9.301340352983779e-01, 1.829981933048440e+01, 2.885579839501108e+01, 5.105728842884789e+01, 1.030033575098312e+01, -4.420211722228145e+01, -1.132480082568458e+01, -5.988190851399628e+00, 2.122225799212370e+01, 4.506149059734044e+01, 3.596063705820347e+01, 2.956376407720490e+00, 1.419565628648650e+01, 1.150522791798418e+01, 1.233816431746379e+00, -1.099780930221596e+00, -2.105573679169672e+00, -6.786673721195490e+00, -1.378007016673564e+00, 6.483392760892339e+00, 4.740370138352308e+00, 5.762626730155237e+00, 3.210708476264817e+00, -8.577071725532234e+00, -9.362971971881878e+00, 1.721896835482132e+00, -2.080872661060191e+00, -2.695832116866397e+00, -2.414556859405534e-01, -5.142434167377550e-01, 1.592562651385438e+00, 7.757403691959683e-01, 3.538241909428465e+00, -3.891826800761446e-01, -2.748357462198182e+00, -2.854761819095684e+00, -3.421861051052880e+00, 1.329920323573527e+00, 2.985026083356396e+00, 7.781414357042352e-02, -1.932168100758988e-01, -3.455490277666419e-01, -1.071481015552010e-01, 7.402585887454051e-01, -4.396919680959696e-01, 3.885276283865395e-01, -1.974893715979767e+00, -4.424003515909650e-01, 9.943362783072470e-01, 1.546674009142755e+00, 1.802994034508646e+00, 3.248420598398850e-02, -1.382375856845514e+00, -5.045995808121665e-01, 2.196635167269979e-01, 4.732635791801446e-01, 3.121158499912257e-01, -5.268385369191733e-01, 9.664866568140242e-01, 3.148483436432914e-01, 2.236700795280966e+00, 3.861439607248487e-02, -9.370741497493585e-01, -1.068872418130604e+00, -7.360524129209925e-01, -8.167593001762675e-02, 6.160463994005151e-01, 2.646330306627011e-01, 6.692574983872410e-02, -3.496435768403762e-01, -2.839244348557149e-01, -5.710990542761551e-02, -1.145341735659711e+00, -9.441065481333293e-01, -1.187374060337479e+00, 2.849843161130816e-01, 4.570074789538573e-01, 1.446510413610389e-01, -5.742371497521634e-02, -1.789037275068555e-01, -4.232536227389109e-03, 1.127856110719319e-02, -1.963877507719559e-02, 7.540690025171020e+00, 1.370531037177859e+01, 2.725171519645517e+01, 4.630280459100237e+01, -2.354529048136743e+01, -3.603906145352629e+01, -3.949960016485213e+01, -4.667617295941843e+00, 2.963947887132894e+01, 2.768043857744328e+01, 1.423521423323300e+01, 5.997968327544705e+00, -2.128717724095787e+01, 8.130015206610166e+00, -1.222429495901658e+00, -2.407204289762217e+00, -1.447044164342679e+01, -1.344671944382326e+01, 1.011712434827322e+01, -3.255701945671333e-02, 8.179270379752909e+00, 1.687332158196185e+00, -8.189185755128301e+00, -4.459232322167034e+00, 7.233077243188389e-01, -3.110354228828779e-01, 6.968033232451564e+00, -1.560074565856875e+00, -6.910150715847291e-01, 5.610389644068071e-01, 6.227951897242891e+00, 3.855574459823066e+00, -4.332086065080995e+00, 3.562252838871968e+00, -1.776448673471903e+00, -3.895662539894976e-01, 2.167645224499696e+00, 6.363282624284930e-02, -1.362265336524667e+00, -7.488478201435724e-01, -2.216231433132230e+00, 2.857231788721932e-01, -1.096602814618981e-01, -1.997146867188457e-02, -2.482625153366001e+00, -3.847630061389454e-01, 1.878706548536650e+00, -2.420252012970705e+00, 1.311669482882726e-01, -7.457053691374631e-02, -9.388512612514496e-01, 2.175161993528837e-01, 2.725034885909030e-01, 2.580427650636368e-01, 6.496239004890983e-01, 8.303639138972685e-04, 3.941254137666517e-01, 6.727550291471408e-02, 2.755758364079735e-01, 3.012937564366902e-02, -2.175808232013639e-01, 7.465563612287641e-01, -8.810173630811443e-01, 4.048279398510702e-02, 2.068092572773543e-01, -1.368851584339690e-01, 4.072068234228772e-02, -2.819857284703970e-01, -1.629664777250353e-01, -7.403644026937038e-02, 1.942571237711993e-01, -2.684254018331975e-01, -1.643062179472448e-01, -2.498554269213467e-01, -5.549515162645388e-01, 2.219756941237668e-01, 8.048011859418263e-01, -1.793669557790670e-02, 5.071701681990497e-02, 1.784010294842891e-03, 5.260643022315609e-02, 1.709272583272315e-01, 7.790812706517906e-02, 1.410310947194920e-02]
