elements:      [P]
cutoff:        7.0
pair_type:     gaussian
feature_type:  gtinv
model_type:    4
max_p:         2
max_l:         12

gtinv_order:   4
gtinv_maxl:    [12, 6, 2]
gtinv_sym:     [0, 0, 0]
gtinv_version: 1

electrostatic: 0
mass:          [30.97]

n_pair_params: 6
pair_params:
- [0.5, 0.0]
- [0.5, 1.25]
- [0.5, 2.5]
- [0.5, 3.75]
- [0.5, 5.0]
- [0.0, 0.0]

n_type_pairs: 1
type_pairs:
- atom_type_pair:      [0, 0]
  pair_params_indices: [0, 1, 2, 3, 4, 5]

type_full:    1
type_indices: [0]

n_coeffs: 3912
coeffs: [-3.151512954533709e-01, -2.891550852379712e+00, -2.825373301790840e+01, 5.604804047492972e+01, -1.094393269416455e+00, 1.391306950226356e+00, -1.726334879423866e+00, -5.663951280700309e+00, -2.081218540802758e+00, -1.210568245102016e+01, 7.336630801663017e+00, -1.331704651701444e+01, 2.786515521479540e-01, 7.058056799879744e+00, -1.223449765128267e+02, -6.125199310256003e+01, -6.578791196105186e+01, -3.984916739438853e+01, 3.461487802485257e+01, 5.242627834369959e+01, -2.225982080859025e+01, 1.190399173094056e+03, -5.376426116319216e+02, 3.899186497210715e+02, -2.749562638424021e+02, -1.274019381263882e+02, 6.831398591468296e+02, 1.770149949775242e+02, -3.225876775635413e+01, 9.777221391136555e+01, -4.401710368546352e+01, 6.280846767900780e+01, 2.330002002214768e+01, -6.467455523835325e+01, -2.074999980625292e+02, 8.327614116256821e+01, 1.698399584194082e+02, 3.855354598710339e+01, -8.978525081212199e+01, 8.247762342012368e+01, -4.270897154728699e+00, -4.789116555450497e+01, -7.057414772052184e+00, -1.587951269413321e+01, -2.853812538840160e+02, -3.748950483195401e+02, 1.293428426935563e+01, 2.569972447745381e+03, 2.393095137599353e+02, 1.101929912350096e+02, 8.967159019709265e+03, -5.000859043015796e+03, -6.397281310205444e+03, -1.251338733536412e+01, -1.385416929539662e+01, 2.656924159729245e+01, -9.482507961246663e+00, -2.509946694918012e-01, 3.641226147333078e-01, 2.061210889303072e+00, -2.787362744509914e+00, -3.892106666273711e-01, 4.178833281510053e-01, 7.604365792512154e-02, 6.338222587713234e-02, -1.148484121614413e+00, -3.272057133375127e-01, -1.358893091232230e-03, -3.805676334913806e-01, 4.457948839423855e-01, -9.077983431351097e-02, -1.555976619514763e-01, -8.706990272366472e-01, -3.841819167624646e+00, 8.945557707742620e-01, -1.139408829022971e+00, -6.505397703171865e-01, 5.194343261813754e-01, 1.091531277359436e+01, -1.665202324931908e+01, -2.244207273506488e+01, -3.006435676691031e+00, -1.440544507976404e+00, -1.542818571229828e+01, 2.561720425566641e+00, 5.675491944079378e+00, 4.238067367298448e-01, 9.989517910819345e-02, -2.093840334961117e-01, -5.685618570573128e-01, 2.176188875626849e-01, 5.857145031469886e+00, 2.974944259128114e-01, 6.448233889189438e-01, 4.884219749083249e-01, -3.551462728079491e-01, -3.992958751504898e-01, -4.550329903983058e-01, 2.351955636653791e-01, 2.576730901437288e-01, 6.385958430891948e-02, -9.976813408376511e-02, 4.088290982316782e+00, -1.035144299648948e+00, -3.633718405520444e+01, 1.427166597277666e+01, -1.005603849220436e+00, -8.183278208438431e+01, -7.542149034583094e+00, -1.924738000181453e+01, -5.401278055477867e+00, -5.980017567874792e+00, 1.146835134480791e+01, -4.093029599234620e+00, -1.395875784589772e-01, 2.096418552346115e-02, -1.519394319653470e-01, -2.989200474431002e+00, -7.773287752983120e-01, 6.291048209817062e-01, 5.598978194872488e-01, -1.456628057496052e-02, 1.239912349994527e-01, 7.471196266791634e-02, 1.967902847622958e-01, 2.080616690226798e-01, -7.476089660869148e-02, 2.297110526202622e-03, 2.368148895634153e-03, -6.004253113589180e-01, -2.461856572197653e-01, 2.142153340319974e-01, -2.113412517588849e-01, -1.156372073014681e-01, 2.655220789343701e-02, 3.211836028457841e-01, 1.209862324434642e+00, 3.399319290698018e-01, 2.623999569243539e-01, 7.199217137130531e-02, -1.975538702677852e+00, -6.447012759741939e-01, -4.306260287126665e-01, -1.493547272896125e-01, 2.206212650375983e-01, 5.476855768059637e-02, 6.168289490708861e-02, -1.742838533385030e-02, -2.080294641054835e-02, -3.359331302105008e-02, -1.289244943350045e-01, -3.440080822989876e-02, -4.862844324625944e-05, 4.794900159564921e-02, 6.983079366402710e-02, -1.918106434897039e-02, -2.867111604075834e-02, -2.676644542788474e-03, 1.960228762548751e-03, 5.313849388946907e-01, -1.239359056104349e-01, 2.750854716992165e-01, 7.916823042031776e-01, 1.382276189784828e-01, 1.124861079478674e+01, 2.091101121537733e-01, 7.999852968169755e-01, -4.812605916462791e-02, -5.328318248739606e-02, 1.021845566075202e-01, -3.647003745980694e-02, -8.876550122627953e-02, -4.649798251233028e-03, 5.454231793399865e-01, 5.407167996004156e-01, 5.660425263092727e-01, 1.002644226478339e-02, -2.302038204042118e-01, -1.757891421775353e-01, -3.401722902673371e-01, 8.578961100069976e-02, 1.560950780094200e-01, 1.011274071663087e-01, -1.667500845255873e-01, -4.051750580607059e-02, -8.384810020154007e-04, -1.611437972599208e-01, -1.977912919542569e-01, -3.984587192082255e-02, 7.980650620882906e-03, -6.248330254555288e-02, 6.259762255900056e-02, -8.536816201911142e-01, -8.666689414450658e-01, 1.928071593773079e-01, -1.075054401995594e-01, -1.521964015258636e-02, 6.456280309840080e-02, 1.946600384117014e-01, 1.039611064625810e-02, 1.006881379689994e-01, 1.786778444185153e-01, -2.182718500301234e-02, 2.314286753061750e-02, -3.584987313487721e-02, -1.209156616810542e-01, -3.253508860671612e-03, -2.721275847104027e-02, -4.520128574668208e-02, 7.308143805621733e-02, -1.029078199111860e-02, -1.955109986085765e-02, 7.002407383196248e-04, -1.407225539891135e-03, -1.397526683553195e-03, -3.499146668726308e-04, -7.010079472357281e-02, 4.504413408724295e-02, 2.304844234489153e-01, 4.937174394888548e-02, -3.483067815859257e-02, -2.834445237472524e+00, 1.560857376251818e-01, -1.715494499686490e-01, -7.272580299414994e-02, -8.051854153257491e-02, 1.544157164884053e-01, -5.511078707413317e-02, -3.050109633182338e-02, -1.557546382217221e-02, -2.481678575477743e+00, -2.028431485357932e-01, -3.682728752487298e-01, 9.312670452913946e-01, 1.083266639899620e+00, -4.309318631521547e-01, 6.430216822389044e-02, -2.273533209927958e-01, 1.330120543321921e-01, 1.468978995207321e-01, -2.012274740354147e-01, -3.226139812668907e-02, -1.184717641466940e-03, -4.208534034293016e-01, 4.949145959064187e-01, -2.432088506255663e-01, 3.490873263392480e-03, -1.798808169089389e-01, 2.158611953848159e-01, 2.441948774816443e-01, -7.824188452033325e-01, -2.909826662618562e-01, 1.472139146339761e-01, -9.970667851517019e-02, 6.765149962227306e-02, 4.591702925504296e-01, 1.691961534611686e-01, -3.400075507760902e-02, 1.128327383373577e-01, -9.227874553580527e-02, -4.240216434735621e-02, 3.173386453796544e-02, -3.749917409478288e-01, -1.168612395230222e-02, -2.939561527961451e-01, -2.387087119139270e-02, 6.282958366204647e-02, 7.228551304706851e-02, 8.885100551494499e-02, 2.695143428441951e-02, -5.352302080583253e-02, -2.138136711266020e-02, 9.362818726612009e-04, -4.857326554187097e-02, -1.411808440435402e-01, -6.708361518113096e-01, 6.711303234045903e-02, 8.855879847463265e-02, 7.206491653582910e+00, -3.421604584630864e-01, 1.019635447637371e+00, 1.900659980455179e-01, 2.104310118600704e-01, -4.035627289302920e-01, 1.440309062165158e-01, -3.059483682876989e-02, -8.377829090629260e-04, 1.026739084750630e+00, -1.400464164731760e-02, -6.554852500189967e-02, -2.308505309663991e-01, -1.292329670295621e-01, -1.767503500921951e-01, -4.961897050221199e-02, -8.172057429128958e-02, -5.876148216630762e-02, -2.205324137639599e-02, -3.518600309756774e-03, -4.622371329543939e-03, -1.039324220149905e-05, 2.401542417601099e-02, -3.826358999996549e-02, 2.523115019841045e-02, -5.533479840803135e-03, 6.733310620230268e-03, -2.068562857505948e-03, 4.100769380376545e-01, -1.577383714296993e-02, -2.944175911764468e-01, -7.119323288040012e-02, 2.822339507299305e-03, -1.905199778227777e-01, 1.089263742647791e-01, 2.250258302758770e-01, 1.841873138803817e-02, -1.801134024596679e-01, 1.382150278961635e-02, -5.636475563230759e-03, 7.828372720337960e-03, 1.978083115547696e-01, 1.965126231641818e-02, 1.038780339563384e-01, 2.593993976219355e-02, -5.643920653420530e-02, -1.671663703642271e-02, -1.929573014404190e-02, 8.585410298892392e-03, 7.068725742686312e-03, 1.354342763554293e-03, 2.745889288252848e-05, -1.412598406817549e-02, 1.591130910074855e-03, -9.796112820675142e-02, 8.010171350815448e-02, -5.105114565502066e-02, -4.154373968744289e+00, -4.650414481991627e-02, 1.087658136402942e-01, 3.909465701422542e-02, 4.328354720701810e-02, -8.300815974541836e-02, 2.962554636806681e-02, -2.891550750894525e+00, -1.223449903549026e+02, -2.853812835544186e+02, -6.125199941228525e+01, -3.748950213766064e+02, -1.464547680431207e+02, 6.578790288695133e+01, -1.293428693663199e+01, 4.634506359892951e+01, -8.066676379929977e+00, -3.984916808010765e+01, -7.485421731931147e+01, 4.138974910901348e+01, 6.719663224063278e+01, -1.332940204946006e+02, 3.461487348744721e+01, 2.424551472344596e+02, -2.352144631268267e+01, 2.808259484392901e+01, -4.932604134146472e+01, -2.499809486096644e+01, 5.242627266092597e+01, 2.672864084705178e+02, 7.576893335932215e+01, 3.930909729961241e+01, -1.195221785934880e+02, -1.773904290385643e+00, -3.783871793040981e+01, 2.225981928014869e+01, 1.726102499632649e+02, 9.201067882155102e+01, 4.997002132209686e+01, 9.635680152816175e+01, -1.131784088641633e+02, -7.183761344285210e+01, -6.889946685491971e+01, 5.063934039375286e+01, 2.651484617001487e+02, -1.928888461859871e+01, -7.242572875361132e+01, 9.317926253980370e+01, -6.914092896557905e+01, -1.943673457598358e+01, -1.297702415434263e+02, -1.371364712323361e+01, -4.901353660477940e-01, -4.568040373625850e+01, 1.958270821510534e+02, -1.332242242482195e-01, -7.087018509100974e+01, 4.187773787753136e+01, -1.095747527007261e+01, -2.729444926259955e+01, 2.830480200573624e+01, 3.478585265444464e+01, 2.256486987082327e+01, 5.385017554149385e+01, -3.648133612880006e+01, -2.074013914907162e+01, 2.104828305723559e+01, -1.306004170777780e+00, 2.655198360697835e+01, -4.834242445130511e+01, -3.254148967223516e+01, -7.903785707905930e+00, -1.175123438574765e+00, 1.152913339356846e+01, 1.323478377269384e+02, -8.327395066164699e+01, -3.251174504834920e+01, -8.966977223569070e+01, -7.398249878710441e+00, 1.095066835535957e+01, -1.595589744097534e+01, -1.883297172735766e+01, 3.336704805734070e+01, 3.508567926144323e+01, 4.432059967807293e+01, -2.656278095092413e+01, -7.588908638953205e+01, -7.622772184904630e+01, -9.317914083303201e+01, 4.813007917842173e+01, 4.296885703022990e+01, 3.024299387773378e+01, 6.595281714005061e+01, 2.995979370942816e+01, 9.400306446384073e+00, -1.518264721599152e+01, -6.472688613373112e+00, -5.832015350596625e+01, -6.211660593776572e+00, 2.975583277711818e+01, -2.293173238207034e+01, 1.185996592815050e+01, -1.910013740640293e+01, -8.386797945500239e+00, 3.131515509008159e+01, 5.387006485115042e+01, -1.576159580938574e+01, 1.822385813747295e+01, -2.882493138535330e+00, -3.698697092533891e+00, -1.849644522877056e+01, 1.206215952765331e+01, 1.527968133817048e+00, -2.716881599995120e+01, 7.047288578048767e-01, 2.957508657553959e+01, -1.487771199690647e+01, 4.136876051541933e+00, 1.329674743039846e+01, -1.159499951438827e+00, 8.508962705378147e+00, -1.280617425793899e+00, 6.152759853722390e+00, 4.585734364595277e+00, -4.527464252312719e+00, 3.115934162002435e-01, 3.641226140403476e-01, -3.016110655671485e+00, -1.677555425021615e+01, -2.269720133281708e+01, -2.360824077391924e+01, -9.665531091685361e+00, 2.075715186780600e+01, 4.262445743558813e+01, 1.478914093501771e+01, 2.023700105314025e+01, 1.184391364670195e+01, 5.173091704524620e+00, 1.717687709115572e+01, -1.116906408486045e+01, -6.766023032375850e+00, -1.555978539260546e-01, -9.976804830247882e-02, 6.149988988934341e+00, -2.990937672536790e-01, -1.666923141258104e+02, 1.244536914457221e+02, 1.683429834643292e+02, 4.043823343392597e-01, 5.299655812678967e+01, 2.480868500448336e+01, -1.025531905028197e+01, 8.202186174511590e+01, -4.653709106437262e+01, -2.885219273978262e+00, 1.590592671515257e+01, 2.415079867999997e+01, -8.706995281489885e-01, 4.088291834153756e+00, 1.336525021188728e+00, 1.623303998838320e+01, 1.951315313852120e+02, -1.073826867529117e+02, 1.370419963683549e+01, -1.233391716344142e+01, -4.570772872512370e+01, 4.081172584947362e+01, 3.533714869859487e+01, -3.463083977963358e+01, -9.970290835574735e+00, -1.376418326496932e+01, -3.590490289741134e+00, -1.501859056742001e+01, 1.463715406596861e+01, 3.841819240283745e+00, 1.035144147920907e+00, -6.083566713839067e+00, -3.481895005522729e+00, 5.025083068329338e+00, -7.567326488862801e+01, 2.028644845920011e+01, 6.883095809262241e+01, -3.857514633242658e+01, -6.798774549613056e+01, -5.170366558935624e+01, 2.747292707600718e-01, 1.188483173182105e+01, 6.356649221340972e+00, -4.022760736432537e+00, -1.778543530794244e+01, 2.088746030243905e+01, 6.499685270710674e-01, 8.945556901111750e-01, -2.112178473474739e+00, 6.907412458419336e+00, -1.496300394148167e+00, 5.866430430104419e+00, -6.127853065420077e+00, 3.746215432729693e+01, -5.093791182483838e+01, 8.019019998191865e+00, -2.831562031624589e+01, 8.328429361461156e-01, 8.527894732996575e+00, -1.221456320506569e+01, -1.749279898453014e+01, 1.293315935498398e+01, 2.028062097081595e+01, 3.567886003781920e+00, -4.772956078629165e+00, 1.504268732661508e+00, -1.139409062801438e+00, -3.952926999309805e-01, -9.953682479461708e+00, -5.775048537923966e+00, -5.643028150668576e+00, 3.388751355403830e+00, -1.335646691192619e+00, 7.080020840686238e+01, -1.474566065408147e+02, -9.246144292931216e+00, -2.357938828138881e+01, 9.217917364689242e+00, -2.302392845268963e+00, 6.708840701065110e+00, 2.873893631047129e+00, -1.972429412210746e+01, -1.789086898216439e+00, 3.936844399331032e+00, -3.678096804080115e+00, 1.970026457273687e+01, -6.505397177353284e-01, -1.929558739229970e-01, -7.946939645269305e+00, -1.122414169443661e+01, -8.537724690444543e+00, 2.644954312362186e+00, 3.369382194892213e+00, -1.990354135041434e+00, 6.303470753531842e+01, -8.785277854870340e+01, -4.451971046423610e+01, -6.859919441036844e+01, -4.665825833535769e+01, -9.040574521180803e+00, 1.716937133321010e+01, -3.834469961899742e+00, -7.201270522842294e+00, 1.320128678510204e+01, 1.953414786732205e+01, 1.508231730829032e+00, -7.750739239997954e+00, -5.194343018930672e-01, 1.734658023874547e+00, -3.362240275104924e+00, -5.139401435635132e+00, -4.610543986724359e+00, 1.851173971762618e+00, 2.615241312782415e+00, 9.438292889826473e-01, 5.650594178028294e-02, 3.991161665489747e+01, 9.121019936609763e+00, -8.955926269300386e+01, -1.996643327225300e-01, -3.336363302458796e+00, 1.678986649211569e+00, -1.435406162561735e+01, -2.707932420567124e+00, 2.341146541855542e+01, 1.853138404306180e+01, -3.399554802350442e+00, 1.169776730237340e+00, -1.370478311498953e+01, -7.400266462735714e-01, 1.211341765470779e+00, -1.747622379994954e+00, -1.711296855414409e+00, -5.886217907888075e+00, 1.268897478286730e+00, 8.820719550593845e-01, 1.846497983017665e+00, 7.658327972293996e-02, -5.419581675826949e-01, 1.770113010581722e+01, 6.081147540793489e+01, -2.675276090235173e+01, -2.861705897038936e+01, 1.415589785459948e+00, -5.443719345486183e+00, 1.000308415708310e+01, -1.749015918994401e+00, 1.518771434978176e+01, 1.396702316186231e+01, -3.157800728171960e+00, -1.182028379896164e+01, 3.459490368005797e+00, -2.162465287169341e-01, 1.275872537153776e+00, -3.452189861689178e+00, -1.828622648786914e+00, -2.826739402674856e+00, 5.167362230027338e-01, 5.506568036803634e-01, 2.415530704275940e-01, -1.744007294991730e-01, -1.932507929166203e-01, 1.872620578868704e+00, 6.166067918835903e+00, 6.300932684005283e+00, -5.123237415618365e+01, -1.680377336662499e+01, -1.830197682313722e+01, 5.949839400846971e+00, 3.025570711554086e+00, -3.247701457291965e+00, 3.062284415108263e+00, 5.332487827274356e+00, 3.765802323420110e+00, 8.508497830670768e+00, -2.244447240461796e-01, -8.564340467124379e-02, -8.412336387938957e-02, -1.339656765743802e+00, 6.879604783487587e-03, -5.619865157131345e-01, 1.185220032404261e+00, -1.128442982703135e+00, -4.103816550018416e-02, 9.388740684198803e-02, 1.469789067049190e-01, 2.617809324591492e-01, 1.394581599834656e+00, 1.322226690533828e+01, 8.898744806401543e-01, -1.003630021563617e+01, -1.838734664079161e+01, -1.445508507997912e+01, -1.990340006858789e+01, -4.372147381179847e+00, -3.565601989084747e+00, -2.724121356784660e+00, -7.680084091818434e+00, 8.502849875346334e+00, 6.230245743361842e+00, -1.362411390128776e+00, -9.688898149652665e-02, -5.887345233770848e-01, -3.228520487836609e+00, -2.760367071203299e+00, -5.655650782671356e-01, 2.260725037000379e+00, 2.607546815201066e-01, 3.088719453926066e-02, 4.089160717372447e-01, -1.233646103949661e-01, 3.071747627970179e-01, -6.965106596650191e-01, -7.229200009907537e-01, 2.917525381030242e+00, 1.792596395799904e+00, -4.931835695021590e+01, 2.181483604166935e+01, -6.984794667897985e+00, 1.342280043410215e+01, -3.102538745533238e+00, -5.771518332228703e+00, 7.943828660291263e+00, -1.351395914837645e+01, 4.706215221218555e+00, -4.203089765234586e+00, -5.905021809286217e+00, 9.454979786578742e-02, -5.299981347728040e-04, 3.043265276323203e+00, 3.707851006938298e+00, 1.122495425563982e-01, -2.026930416735238e+00, -1.353263507944236e+00, -1.126310941935602e+00, 4.448967278786865e-01, 1.146850198105741e+00, 1.037488218103485e+00, 7.804721669568377e-01, -4.998005254420935e-01, 2.870504503449721e-01, 1.324929203485284e+01, -3.587728843389988e+01, 2.536121740149374e+01, -3.387542976252638e-01, -3.693272542117709e+00, 9.179894933676005e+00, 1.370873410707994e+01, -4.531839806312279e+00, 8.723420372829777e+00, -9.596300266256083e+00, -3.124758302973226e-01, -2.395060712733969e+00, 8.542497437617271e+00, 3.812267744761071e-01, -6.440633985714281e-02, 1.765279090043526e+00, -1.354488274737201e+00, -6.717742513278224e-01, -4.462453737992785e-01, -7.008196235104521e-01, -6.560661747884579e-01, 7.440436723039688e-01, 1.562470750699634e-01, 7.022397209668533e-01, 2.656088646463444e-01, -2.013238376958548e-01, -1.811986167166876e-01, 8.858538743736046e-01, -7.987154237401292e+00, 1.862718010851086e+01, 1.393509855224906e+01, -5.570017471873442e+00, -3.755278919635159e+00, -2.283805604972815e+00, -2.363512166670075e+00, -3.049211452514724e+00, -1.454045315694189e+00, 8.089178005738620e-01, 5.689208057556724e-01, 1.965314831627534e+00, 8.531423639496248e-01, 1.098441583903197e-01, -1.946533427399367e-03, 4.340958721628363e-01, -6.214945127377542e-01, 3.921369562411643e-01, -3.979469615730548e-01, -4.254101424327715e-01, -1.956879413519109e-01, -4.670338077572462e-01, -1.678045269019811e-01, -7.633902252942300e-02, 8.534451075652849e-03, 1.417876261196086e-01, 1.874100981077745e-01, 2.096418548638228e-02, 7.617598007995227e-03, 6.447321507954979e-01, 4.333921220276736e+00, -5.165201694588638e+00, 2.219982509300589e+00, -1.748554184260870e+00, 4.445097367539494e+00, 1.034072336881287e+00, -5.298874637954484e-01, -8.251630728399264e-01, 1.672591460162910e+00, 1.764634760006581e-01, 1.396081542089010e+00, -9.567427152603285e-01, 7.296852171676077e-03, 1.571625217357460e-02, -9.246736719025126e-01, -8.837527543591174e-01, 3.775148621037567e-01, -1.192881317305816e-01, 1.226411787983967e-01, 1.300238184779989e-01, 6.706726626800433e-02, 2.266390454160477e-02, -1.257757048843899e-01, -8.061678887121304e-02, 8.163827388424900e-02, 3.473801275944528e-03, 2.368151083318688e-03, 1.960229908353371e-03, 8.268024527532964e+00, 3.423596977559405e+01, 5.365794114185179e+01, 1.409287180848911e+02, -4.989699915504164e+01, -2.450615366622189e+01, -5.897004594483564e+01, -5.122029091464781e+01, -2.393615996725019e+01, -1.374229754564950e+00, 8.072550877280348e+01, 9.735366872589458e+00, -2.464819384859448e+01, -1.380560179106408e+01, -2.943151904365341e+00, 2.559368252718283e+00, 3.463098657118993e+00, -2.836954633902200e+00, 2.487015148148465e+00, 3.037343940282391e+00, 4.177692833107596e+00, 2.121407317279369e+00, 1.413748669820803e+00, 1.272726310309131e-01, -9.869213551628619e-01, 1.266893554741256e+00, -4.515232162139324e-01, 1.179848048034982e-01, -6.004253158061946e-01, 5.313849529755547e-01, -1.837160901349575e-01, 9.043005954644375e+00, -4.005037550911037e+01, -4.434431825415047e+01, 1.209512088780327e+02, -6.265166192398696e+01, 4.243858623448916e+01, -8.261675268922643e+00, -6.397523526652630e+00, -2.233046222668969e+01, 5.438880454344350e+00, -3.220775750066144e+00, 9.507379597181551e+00, -1.387378424456465e+00, 1.129732701538100e+01, 3.070632555531793e+00, -4.552244402491002e+00, 6.418600242015526e+00, 1.971085492256389e+00, 4.729766996927283e+00, -2.104449166167655e+00, 1.025972813052488e+00, 2.689242021554743e-01, 5.354507467426773e-01, 2.412711858012372e-01, 8.193116440367519e-01, 6.373415274214858e-01, -5.286362054880459e-01, -4.386520087709805e-01, 2.461858159825637e-01, 1.239359473234898e-01, 2.462420974432472e-01, -3.102413548857981e-02, 8.573946680229855e-01, -9.107106085198510e+01, 2.934283682987160e+01, 6.071442262506403e+01, -4.220708552088541e+00, -1.183493168269745e+01, -6.813884428574275e+00, -1.616268905275250e+01, 1.872031110324551e+01, 1.614416804686922e+01, 1.250499380881682e+01, 5.374693647706078e+00, 1.070133168892415e+01, -2.998994871733601e+00, 2.025177245501322e-01, -8.574236465472872e-01, 3.934782392509757e+00, -5.467945351910374e-01, 6.071346009446584e-01, 4.899069584341638e-01, 9.612144133667100e-01, 3.836346255135955e-01, -1.216793261456964e-01, 2.381923159814608e-01, -1.690302662516963e-01, 2.755070793832013e-01, -3.662931530765607e-01, 2.639188853881305e-01, 2.142152422283641e-01, 1.555774528773330e-01, 4.004680094528667e-01, -2.570404543642814e-01, 1.518445393170410e-01, 1.883363574536822e-01, 6.355346740310391e+01, -2.324516042205168e+01, -1.714290733054086e+01, 2.967830755386331e+01, -2.264736326908838e+01, 1.140206001813892e+01, -9.862526383627223e+00, 1.486485370714385e+01, -1.016513426661542e+01, -9.215482903552353e+00, -1.797004321409094e+00, -8.538801509907284e+00, -1.715000455792519e+00, -4.069636297240531e-01, 1.123575207741825e+00, -2.552057803255169e+00, -1.985360810401867e+00, -1.216404962922681e+00, -2.694795118450381e-01, -1.168760536755515e+00, 2.673337631575790e-01, -6.252005505024896e-01, 2.340279947206974e-03, -3.031932505952594e-01, -6.903482615573182e-01, 6.269722119414920e-01, 2.133358758397163e-01, -2.113412331632825e-01, -1.384259309957571e-02, 4.238087830753550e-01, 4.892354273139219e-01, -2.863646375217991e-01, 7.351448411039734e-02, 1.775429481311013e+00, 2.975555680038078e+01, -1.289160677691056e+01, -1.719401201057521e+01, 5.078286796851350e+00, 1.611310503036121e+01, -1.716399788007793e+01, 1.072143266154487e+01, -4.833685304177018e+00, -4.655399482694737e+00, -1.659524993187094e+01, -1.154472446506072e+01, -3.327097665324160e+00, -3.023747029457239e+00, 7.667013713258830e-02, 2.034749029928287e-01, -3.374482484892213e+00, -5.435687995879263e-01, 6.361525979217810e-01, -5.511270883328002e-01, -6.433692599259634e-01, -9.650425914967997e-01, -5.503394522473316e-01, -4.444287309697600e-01, 1.257259894042849e-01, -3.679855430236968e-01, 6.755895020171887e-01, 3.123376557893101e-01, -1.156372639182959e-01, 2.793306527339637e-02, 2.177263619513649e-01, -3.384592262677956e-01, -2.366239486851749e-01, 1.431909057080321e-01, 1.832961166869719e-02, 1.348227913482238e+00, 1.202541168907475e+01, -5.143536775589342e+01, 1.507130516129263e+01, 7.085706563561928e+00, -1.968881916846961e+00, -9.725367323134316e+00, -2.376443606810174e+01, 4.527390535073387e-01, -3.312912826429654e+00, 2.745384477856792e-01, -2.236980079048094e+00, -2.651921225783283e+00, 2.234803944473721e+00, 1.016578978849821e-02, 3.184958539813562e-01, -9.290751113551722e-01, -1.307063729100777e+00, 1.060189532077639e+00, -4.519574458965746e-01, -8.082790064910121e-01, -7.388447393295421e-02, -6.049752632451462e-01, -8.957389666055748e-02, -2.297201877320003e-01, -3.002340565949135e-01, 4.764488145643317e-01, 1.364122611655904e-01, -2.655222081801158e-02, 1.806616393214234e-02, -6.454632671635104e-02, -1.968561911249687e-01, -2.029990434458918e-01, -3.199035759913644e-02, 2.349754395468711e-01, 1.739267339801368e-03, 7.341811415397166e-01, 6.923637541775924e+00, -3.479116866080909e+01, 1.746731879527408e+01, 8.508730811666837e+00, -9.995031798641843e+00, -8.900226096518972e+00, -5.446303239507519e+00, 7.388391294822148e-01, -6.010602666723504e+00, 3.855596264222778e+00, 9.746584846333344e-01, -2.631624314355249e+00, 3.231227840665146e+00, -5.478879356220506e-02, 4.997016473063712e-01, 1.895109845470565e-01, -4.299448512221628e-01, 1.086530478291975e+00, -1.673903716199602e-01, -1.287076671770853e-01, -1.863585974856235e-01, -7.914437849050326e-02, -4.345907180090217e-02, -2.793069662030237e-01, -3.193164177537877e-01, 2.005655123974697e-01, -1.096433270312865e-01, -1.976287870994475e-02, 2.939869510516512e-02, 4.450948152397667e-02, -1.417989514340875e-01, -1.724838736082495e-01, 4.981283755421987e-02, 1.022545390067869e-01, 8.423586419701555e-02, 2.069673883871382e-02, 4.497520721074114e-01, 1.482338305769055e+01, -4.957395329646749e+01, -3.002767274245595e+00, 1.190596475672014e+01, -1.846817165153858e+00, 1.500520917860895e-01, 1.234288160089824e+00, -9.352034217311264e-01, -5.547661139606292e+00, -3.277708538905089e+00, -8.425920505324648e+00, -3.989815011090531e-01, 2.146113074107800e+00, 1.703817118737160e-02, 2.004110461159286e-01, 9.462271364323168e-01, -6.285069091727038e-01, -4.002040248196222e-02, 5.622077927326825e-02, -2.500650131286064e-02, 6.363443265236324e-02, -1.792942438197371e-02, -5.824686179723961e-02, -1.813235234459025e-01, -5.564190717136726e-02, 8.026468895187909e-02, -4.045632097295789e-02, -3.220642725849061e-03, 6.347531646155082e-03, 6.100830070168634e-02, -7.598942250900971e-02, -1.231796127340755e-01, 3.248697666859448e-02, 4.223088785202185e-02, -9.051829605509171e-03, 3.445610321305938e-02, 4.688534147330412e-03, -2.434571698432137e-02, 2.821467159895982e+01, 5.756927558443778e+00, -1.030124260347876e+01, 1.084001066496719e+01, 8.088052552632643e+00, 2.733164209775444e+00, 3.278928792312998e+00, -2.804311249656617e+00, -1.576494396123788e+00, -1.636430165178376e+00, -6.753316996678774e+00, -4.454971413192496e+00, -1.846663543542142e+00, -3.807513151028071e-03, 3.786199971376069e-01, -4.441920136326565e-02, -9.119056058755329e-02, -4.491987089395750e-01, 1.698973717139183e-02, 2.246253684201557e-01, 1.049720249830794e-01, 1.281290679744603e-01, -1.869895212234762e-02, -4.417351414559482e-02, 6.845013446679538e-02, 1.760995809138375e-02, -1.626170955307327e-02, -1.128274428944646e-03, -2.947706975783275e-02, 2.016129907080365e-01, -4.200356223621352e-01, -8.816618197707660e-02, 1.532310448890623e-01, 6.780451220994894e-02, 4.451103962123101e-02, 1.393812667647507e-02, -7.597149933505857e-03, -9.473653773570789e-03, -7.438018630522088e-02, 2.642735749715185e+01, -2.228985473587901e+01, -1.926242572545506e+01, 5.224296061263326e+00, -5.480840871351731e+00, 1.905086261443049e+00, 8.389765008689787e-01, -3.999578368080224e+00, 1.153071083758008e+00, 4.495505446621293e-02, 1.627957539870027e+00, 2.320861549903581e-02, -7.740993244349996e-01, -1.011986754948835e-01, 1.938968812118562e-01, 1.026989403211322e+00, 3.714438481848896e-01, -4.820213982324377e-01, 1.503797883108553e-01, 5.387449319091767e-02, 1.567213280281352e-01, 3.242212121422167e-02, 5.640484250297970e-04, -8.284750078901540e-03, 2.169490669625296e-01, -1.022907502423323e-01, -5.117948901970941e-02, -5.316738510224431e-02, 8.735159989021551e-03, -2.246353067391159e-01, -2.259175147806756e-01, -2.789255450240440e-03, 1.562400183120189e-01, 9.347516677079928e-02, 3.510717690648486e-02, 4.704442920045903e-02, 1.140504200261633e-02, -1.669985450408729e-02, -1.203114939810113e-02, 3.001860133126573e-01, -1.682195661852305e+01, 9.895137728152319e+00, 2.503080815552410e+01, -1.221746169511332e+01, 5.617345688845627e+00, 3.196278162319873e+00, -3.313303895152082e+00, 1.877921702194579e+00, -2.616779386246430e+00, 1.815684776824107e+00, 1.139182342725775e+00, 2.062221500621679e+00, 3.175670018644242e+00, 1.281270735230291e-01, -8.847644912745979e-02, -7.092668441039879e-01, -6.617670699319975e-01, 5.069234460499544e-01, -1.209965907864469e-01, -6.300406758721520e-02, 1.853813916358062e-01, -1.679230853015544e-01, -2.078524130881690e-01, -1.784417758330441e-01, -2.053197637501157e-01, 4.661019715492937e-02, -4.318484206380801e-02, -1.374290789591397e-02, 1.806495553970130e-04, 1.398756447595599e-02, 1.918662204997390e-01, 2.085069040031255e-02, -9.059839774586644e-02, -1.067366596679620e-01, -7.388766802157162e-02, -1.973836092698214e-02, 5.370312338689748e-03, 7.477189154474428e-03, 1.496225553714322e-02, -1.191957737964270e-03, 3.368399348623544e-01, -1.369353129159867e+01, 1.116298902580275e+01, 6.652786533931791e+00, 1.654960558640411e+00, -3.096032316466935e+00, -1.585678394883922e-01, -1.770866857795279e+00, 2.331442663572127e+00, 7.927457655974148e-01, 4.537958226687175e+00, 5.403967381851666e-01, -8.630718684084978e-01, -1.249098000596782e+00, 2.838598447730813e-02, -3.123783386171658e-02, -4.469206967563503e-01, 2.426840647792702e-01, 4.499555515046516e-01, -1.567965447599268e-01, -2.538736870219718e-01, 4.044449803702509e-02, -1.305097067993776e-01, 1.298699058006776e-02, -1.027534913329928e-01, -5.650222814320995e-02, -2.850376640557381e-02, 7.175254214861320e-03, 1.134326387575744e-02, 8.219407448270984e-04, -9.784809637367367e-02, 7.932693130696741e-02, -5.891155195803386e-02, -1.562725011295654e-02, -4.242882912342641e-03, -3.607256448865722e-03, 3.116117303610913e-02, 1.068464729007126e-02, 3.543973952362016e-03, 1.010705140654760e-02, 8.763629265579038e-03, 3.741382522525100e-03, -5.870941561621958e-02, -4.499983770231109e+00, 1.366425161503987e+01, 1.529121005385955e+01, -7.142718816923709e+00, 1.160574706703575e+00, -3.044116629055484e+00, -1.567164343104864e+00, -9.593282569172958e-01, 2.200633478734936e+00, -3.826067011794988e-02, -1.428417919691967e+00, 1.104290135569348e+00, -1.860443704122130e+00, 8.931455516316569e-03, -1.656715419126838e-02, 2.918809281325317e+00, 6.521624614761331e-01, -4.694488912733756e-01, 1.265897083316256e-01, -1.392640874983166e-01, -4.304195230778739e-02, -5.719595674982594e-02, -7.282743304718915e-02, 1.288245438154073e-01, 5.964145108860532e-02, 4.455067217507108e-02, -7.346824176094903e-03, 3.219962227915827e-04, 1.042167031049252e-03, 4.991604274567703e-01, -2.334459978132013e-01, -1.109020611424732e-01, -9.657767294396781e-03, -5.581596966091188e-02, -2.366680194672669e-02, 1.173446198767765e-02, -4.074079346999950e-03, 6.862708799286126e-03, -5.949413888165589e-03, 2.252394422391864e-03, 1.101777754623497e-02, -4.649798242305661e-03, -4.176730413717017e-02, 6.736874921439997e-01, 2.491530281092598e+00, 1.463910453989685e-01, -1.099703796168930e+00, -2.159883237755990e-01, -1.628187832036712e+00, 5.698937828779450e-01, -4.294663111419491e-01, -1.180996083983453e-01, 6.402559839425268e-01, -8.598892669779499e-01, 2.601007325118494e-01, 6.194601683886602e-01, 9.098330897319840e-04, 5.365633902750750e-03, -3.045137387247306e-01, 7.517160745856791e-02, 1.158238882382226e-02, 5.939092819476585e-02, 1.611589627605444e-02, 3.546457385562404e-02, -2.967210688947267e-02, -2.080651649750721e-02, 1.782011898432199e-02, -1.274806712484269e-04, -1.271985912716903e-02, 9.672279520444388e-03, 1.709426202654764e-04, 7.047175854787056e-04, -9.969339632157741e-02, 1.642293463198657e-01, -1.269576378858213e-03, 2.431808961804875e-02, 8.240442240759547e-03, 2.195334048406748e-03, -1.676237470493017e-02, -3.668720593693340e-03, -1.855898874689956e-03, -5.489992779303060e-04, 7.795622185014397e-04, -3.075491037004645e-03, -8.384818362339067e-04, -3.499148384513059e-04, 4.611787781648804e+00, -7.782024333531596e+00, -2.938368036697358e+02, -1.696034027212763e+01, 1.646181250711331e+01, -1.432616576876647e+02, -1.429363112626331e+02, -4.902138004635373e+01, -2.467463534835484e+01, 5.803639511282348e+01, 2.540472264288750e+01, 3.074341855809841e+01, -3.014449625058351e+01, -3.061714400213584e+01, -3.743883030567632e+00, -1.690969851017313e-01, 6.748328381373772e+00, 1.236233447679512e+00, 9.981085292646230e-02, 1.936427544877152e+00, 1.508612617154428e+00, -4.584862939996262e-02, 9.232669452063472e-02, -1.128817146747645e+00, -4.163624745403057e-01, -3.955412360987334e-01, 8.138214702861414e-01, 9.262692344255575e-01, 5.161369434949287e-02, 3.926069656893215e-01, -2.060114355869169e-02, 2.147343718383274e-01, 9.987609800163762e-02, -4.174082040336604e-01, -2.102498002978621e-01, -8.162111663826414e-02, -2.129635553687700e-01, 8.092045007294069e-02, -3.777069338337698e-02, 1.359884188971904e-01, -1.876093322696869e-01, -1.116869193205690e-01, -1.611436112693066e-01, -7.010076043906562e-02, 4.629244732695201e-02, 7.053051361325843e-02, 9.919134232086216e+01, 3.779850891892690e+01, -7.592528177408342e+01, 1.059013088498130e+01, 2.504459279605812e+01, 1.923576548476889e+01, 2.414409637096697e+00, 2.057383001523789e+01, -9.235333506130745e+00, 1.878095615983037e+01, -2.850113177422486e+01, 4.701388527152482e+00, 1.626096598788681e+01, -1.238152810018473e+00, 6.699069172721179e-01, -3.205142359682519e+00, 2.163129927170781e+00, -1.022384086129197e+00, -6.231672437615672e-01, -5.425159480015126e-02, 8.198025983275988e-01, 4.115373046773335e-01, 5.543139141403871e-01, 5.822414585993360e-02, 6.938362615292387e-01, -2.251053971878159e-01, -6.425097003974426e-01, -3.317396695326792e-01, 2.708500449472536e-01, 1.173890537376081e-01, 1.573060037112844e-01, 2.151794567264705e-01, 1.394002186797746e-01, 7.522963265673749e-02, -1.401734999181330e-01, -1.058328992343947e-01, 1.713742635626263e-02, 9.459084443730244e-02, 1.708604188166176e-01, -1.574348524762762e-01, 3.656327374305120e-02, 1.977913513802599e-01, -4.504413316307276e-02, -1.140147923506951e-01, -4.688244053151912e-02, -2.930243932881468e+00, 1.502702514255756e+02, -1.050645217396823e+02, 2.852897315148885e+01, -3.542526961134491e+01, -2.751827636765861e+01, -8.542358465881989e+00, -1.939371972731879e+01, -9.121359512824583e+00, -1.970688496303621e+01, 1.019923543972014e+01, 1.145397907437704e+01, -1.660790187202402e+01, 2.856685516433576e+00, -1.373756118903404e+00, 1.996861931911933e+00, 6.935408915495138e-01, -1.247565983759444e+00, -4.651300811160971e-01, 1.670787103608430e+00, 2.205557853462030e+00, 1.642277460082425e+00, 1.126917657086354e+00, 5.744600381405368e-01, 1.881151154553880e-01, -2.078635602223659e-01, 2.612711273813132e-01, -1.513274857518503e-01, -2.014558664183641e-01, 6.772876125759131e-02, -7.117135004298749e-01, 6.540263385702836e-01, -1.304766962453696e-01, 3.779521426024972e-01, -1.009529470755586e-01, 7.566472567888829e-02, 1.030622394045123e-01, 1.797988839362848e-01, 4.736041918890214e-02, 8.573615474254739e-02, -1.371839190352714e-01, -3.633153187942584e-02, -3.984587724511267e-02, 1.296770425140649e-02, -4.861886570357582e-01, -1.802245995638392e-01, 3.116432467559824e-01, 4.070000704338895e+00, -1.337501780065763e+02, 4.823216499678477e+01, 1.446316604035174e+01, 1.648513983624485e+01, -1.496043048041288e+01, -8.803820711974916e+00, 9.199503360251223e+00, -9.463084684089685e-01, -4.544372302215850e+00, 2.029168328050167e+00, 5.751944966365947e+00, -5.077076838644972e+00, -8.907605835450788e+00, 3.165059103703154e-01, -1.789902481142854e+00, 1.872716666827278e+00, 1.852515955876891e+00, 2.016526531343021e+00, -1.866533642316417e+00, -2.145606256777067e+00, -1.704323182658846e+00, -4.844307131066946e-01, 9.314612612983339e-02, 4.305240504490777e-01, 4.755128475930575e-01, -3.187465316679070e-01, 1.902108022854585e-02, 8.944955428126217e-02, -2.061253627351439e-02, 5.062294888013386e-02, -3.517153322716253e-01, 1.344999737238527e-01, -3.104056557532800e-01, -2.385701516125839e-01, -4.070602468757709e-02, -1.078855541190872e-01, -1.636535559447998e-01, -1.397303124662844e-01, -1.715391015747763e-01, 1.178952837114507e-01, 2.533771086001861e-02, 7.980670494646099e-03, 1.735952720496127e-02, 2.234632995087050e-01, 2.197460418891481e-03, -4.258409609586505e-01, 1.350642245414874e-01, -1.040463902730989e-01, -1.131960184978603e+02, 1.069256133985108e+02, 7.861491363219304e-02, 8.068569617207451e+00, 4.377379549876918e+00, 3.570580209157011e+00, 2.359170479035445e+01, 1.455121404867318e+01, -1.699007517721160e+01, -1.384554462367334e+01, -4.896369974282941e+00, 5.774600206034672e+00, -1.877217300276022e+01, 1.145453188671374e+00, -3.366556774983991e-01, 1.721704290306767e+00, 2.641851323573628e+00, 2.221442086307704e+00, -1.686490267692127e+00, -1.134896834287805e+00, -4.504803877309353e-01, -1.371113186947651e-01, 6.916846462909946e-01, 3.229520931724799e-01, 3.734736252518383e-01, -1.657359819777579e-01, 3.038185644108580e-01, -1.126627924684634e-01, 2.099698807760146e-02, -2.952734431746038e-01, -3.829570980348582e-01, 1.057535325032564e-01, -3.065890324717324e-01, 1.387935709248451e-02, -1.278557884817483e-01, -4.087029098969826e-02, -1.459676370418197e-01, -1.045859646494701e-01, -1.555407506319984e-01, 8.153296940113984e-02, -4.103476930890281e-02, -6.248332821393188e-02, 2.327744233087736e-02, 3.068292691089869e-01, 1.945476430389175e-01, -7.970885114269094e-02, -8.556049083834297e-02, -7.536321179507927e-02, 5.080338834442053e+00, -1.099794839586275e+02, 7.980568832882231e+01, -8.378515237388140e+00, 1.170900497887163e+01, -1.807017294659177e+01, -2.294664681212207e+00, 1.930224391512696e+01, 1.009499116672004e+00, -7.038735853258678e+00, -1.469043746016734e+00, 4.399931317776590e+00, -3.926084123723415e+00, -1.031990952334630e+01, 8.408474690032560e-01, -9.290979754292398e-01, -5.012943285876019e-01, 1.527957480361827e+00, 1.172599776369789e+00, -9.090663129681008e-01, -1.271215284154245e+00, -8.718803116439526e-01, -2.175956960582561e-01, 5.510283905874728e-02, 8.710166620425795e-02, 2.493626860216282e-02, -5.948739330270079e-02, 9.538870815048613e-02, -3.137023049104709e-02, 1.851258244499127e-02, -6.196535746113952e-02, -4.348537846349123e-01, 2.107405196962382e-01, -4.607742911687783e-02, 7.169430517996080e-02, 1.008292310210614e-01, 4.698467997645257e-03, -4.813758767823590e-02, -4.657659249659308e-02, -1.650425373629754e-02, 4.584717256490774e-02, 1.578903315547976e-02, -6.259762390903637e-02, 1.371056360032375e-03, -1.256198910494755e-03, 2.797493665105049e-01, -1.750652871435787e-01, 6.997282027248740e-02, -9.684737101181390e-03, 1.773603857952465e-02, 1.064995012590616e+00, -5.584412882705180e+01, 3.871183328142184e+01, 2.452509560353646e+00, 2.558637024891445e+01, 1.536789481537862e+01, -6.732888184942101e-01, 3.683200949106473e+00, -6.790793454349940e-01, -2.779812610189774e+00, -9.199309291910071e+00, 5.711509387815636e+00, 5.834663001737036e+00, -1.107978713820354e+01, 2.206369929969729e-01, -5.819971425629601e-01, 6.545212402141710e-02, 3.410921702557193e-01, 4.026714544461577e-01, -1.087207054468616e+00, -7.587415482405989e-01, -1.587512427148688e-01, -1.657157765853675e-01, 1.545944022687203e-02, 1.809518330032142e-01, -2.739631976389968e-01, 3.454225476085022e-02, 2.622630605872912e-01, 9.092140208431926e-02, -5.307259599832726e-02, -4.491802087213320e-02, -7.871152105553904e-02, 1.963615987860683e-01, -1.496645420250000e-01, 3.631271290406691e-02, -8.201848591932606e-02, -3.571239144192816e-02, -5.881972828658410e-02, -4.949043400709825e-02, -1.029964994541894e-02, 2.046332031572504e-02, -8.984284373356691e-03, -1.634058036027243e-02, -4.270557621830814e-03, -2.655837924062660e-02, -1.144416366012423e-01, -2.336702888648706e-02, 7.094594836160061e-02, -1.479119659510317e-02, 1.089784713899409e-01, 2.571109033163422e-02, 6.612952904470754e-01, -2.440568317793679e+01, 2.988789846909112e+01, 1.525241123959529e+01, 3.733664145242115e+00, -1.896679306973866e+00, 3.659553503243404e+00, -3.823902684368238e+00, -5.680344452562852e-01, 1.690165294305973e+00, 5.176402599003198e+00, 8.299398878373264e-01, -2.218809800629926e+00, -3.188407051959828e+00, 4.810604039041151e-03, -7.838301025976310e-02, -8.131186365532750e-02, -7.725786505592499e-01, 7.910053298298888e-01, -2.611925902427830e-01, -4.356625976113849e-01, -8.877389792179220e-02, -8.596269885535954e-02, -6.039223715261943e-02, -9.113716221039285e-02, -3.911202351711363e-02, 1.530441028135794e-01, 8.548669596319469e-02, -1.320306410553801e-02, -1.646728519228367e-03, -1.631934065058375e-01, 1.097805437206610e-02, 4.709750618041118e-02, -5.625794855314093e-02, 2.947665451557235e-02, 3.113072332527751e-02, -1.125286921872125e-02, -2.565432793543702e-03, -2.222483493991668e-02, -1.708713493910389e-02, 8.986907523220481e-04, 6.832109487704522e-03, -1.752680610283438e-02, -3.318286360680262e-03, -2.196732570301719e-01, -1.429205317697254e-01, -2.310616991473929e-02, 2.392487801773281e-02, 3.003262726671006e-02, 4.897491287819240e-02, 7.554452002648255e-03, -5.809328541646564e-03, 4.087842661207037e-01, -1.827476802394203e+01, 1.995161503997891e+01, -2.667950859781203e+00, 1.288068098115277e+01, -1.768041078243761e+00, -1.596346602283296e+00, -2.349322977399784e+00, -4.643203949332089e+00, -1.331823814575498e+00, -8.052877783965861e-01, 3.307916549607610e+00, -2.060932664124449e-01, -9.071409738259741e+00, 4.854997123043513e-02, -9.262340377139197e-02, -4.749564951033555e-01, -3.998615016255306e-01, 7.801831284298556e-02, -2.199187017577171e-01, -2.546528939052949e-01, -2.407265240589845e-02, 2.769987435537605e-01, -6.079405476198778e-02, -2.210208069771258e-02, -1.441831390885235e-01, 1.336176637406103e-01, 2.290625008940835e-01, 3.542173548377133e-02, -5.626752884197640e-03, -1.668696232729659e-02, 9.755911330265654e-02, 3.724456860975044e-02, -1.161900465958695e-01, 9.769522404429718e-03, -1.204296097208313e-02, -2.911581658729868e-02, 1.916480439141904e-02, 3.150048885314598e-02, 1.102917863771681e-02, -1.128460877755110e-02, -2.617882297176214e-02, -3.545778773272484e-02, -8.868592071440745e-03, -5.474844899607898e-02, -1.724251952819848e-01, -3.538323548019998e-02, 1.729781520332581e-02, 4.749900916075978e-02, 1.765685714089055e-02, 8.817810947152963e-03, -3.280914280719444e-02, -1.239222740140166e-02, 5.862922381773826e-01, 5.191133489725179e+00, 1.269865793085763e+01, 6.872124891236126e+00, -1.376602975379680e+00, 6.480726903473014e+00, 4.581557144190626e-01, 6.587764174160616e+00, 2.244050299133546e-01, 4.054076846232118e+00, -3.871315427629784e+00, -3.114626396827672e+00, 2.425300669768523e+00, -3.093813047036544e-01, 3.916539767317413e-02, 2.377831522592883e-02, -4.036278928572207e-01, -3.739450518417323e-01, 4.086696813136869e-01, -2.786292472303359e-01, 7.271933299466864e-02, -6.659694637077680e-02, 2.958909565472714e-01, -8.292182998064591e-03, 1.130069758565188e-01, 2.894450137659185e-02, 5.059955330436166e-02, -1.406511706446320e-02, -9.200599782248246e-03, -2.090358242573210e-02, 1.013036218692515e-01, 7.135445685058471e-02, -4.194922983626537e-02, -5.371893958865409e-02, -8.637896663442783e-02, -1.577015056508864e-02, -4.250452352233855e-02, 1.186626896672846e-03, 2.455446092521265e-02, 1.955571130691783e-03, -3.188785038827373e-02, -4.236772388160894e-03, 3.038752874060128e-02, -6.678702127599391e-04, -2.263522453253713e-01, -9.180490373775504e-02, -4.758562274038660e-02, 5.509293390698303e-02, 7.238807228599488e-02, 5.488918838196207e-03, 5.625558366477132e-03, 9.841897679089256e-04, -1.215438706553102e-02, 8.810830393420378e-03, -3.931770218486916e-01, -5.247448192759023e+00, 7.697898303093396e+00, 1.643974620219710e+00, -4.878887011493686e+00, -3.393797312593409e-01, -4.312374928163297e+00, -5.070880396443709e+00, -2.746050911916843e+00, 3.580181129483603e+00, -3.599951443721700e+00, 3.576182484480801e+00, -2.485576823935392e+00, -3.307536284991937e+00, -3.538208801694621e-02, -7.896119650002933e-02, 1.659847916414250e-01, 1.327098361235684e-01, 6.749916268439023e-02, -5.852761483130797e-02, -5.005274133449979e-02, -5.108029352440327e-03, -3.216185156398133e-02, -3.741805020047544e-02, 1.714074684704474e-01, -2.596316430582187e-02, 5.082141413262231e-02, 1.309510794665460e-01, -1.773372407261927e-02, 9.424630775518757e-03, -3.196911750010661e-02, -7.771137098696036e-02, 1.996809093793454e-02, 1.439931359296132e-04, 2.067970341527725e-02, 4.642950364891211e-04, -1.411711762961685e-02, -1.805915770210143e-02, -3.144556794729171e-02, -1.222128484796019e-02, -4.555355395678495e-03, -2.440458553605843e-02, 3.288177580039704e-02, 7.363862888099759e-03, 1.417020598213732e-01, 3.490832514315107e-03, 1.869183430417761e-02, 8.723943103932184e-03, 3.516017035485681e-03, 1.027948550752097e-02, 1.384074863598181e-02, 1.773392397393067e-02, 3.051602153989512e-02, 1.762801304981718e-03, 8.848904306363294e-03, -7.778820243910632e-02, -3.322499626634877e+00, -1.509459828343771e+01, 5.974724131998806e+00, -6.188145477498527e+00, 3.576279027908510e-01, -2.629124307073108e-01, -2.549842438275986e+00, -3.894337231697219e+00, 2.329524911514725e+00, -7.594017000430422e-01, 2.038000257405144e+00, 1.940988472173945e+00, 1.917449784149406e+00, 1.435032760415876e-02, 4.180519866212060e-02, 8.528506781284468e-01, -2.290396217903707e-01, 6.954604902416188e-02, 7.804614550301357e-03, 1.133871566732237e-01, 5.780872486273744e-02, 1.177114407240739e-01, -4.965100601788409e-02, 1.008291079054380e-02, -1.865941418177128e-02, -6.551210334284457e-02, 1.587121457624957e-02, 9.528966970052521e-03, 7.021332477942030e-03, -1.293997741826540e-01, -2.085457126728453e-02, 4.013553628958336e-02, -9.317911069361187e-03, 1.053103590554137e-02, -8.373764007291539e-03, -1.486305710618300e-02, 1.242323355320145e-03, 1.248906031053068e-03, -9.995070181756329e-03, 7.622426898556451e-03, -7.010248746803397e-03, 7.076137096481954e-04, -5.700096271997213e-04, 4.416958975526807e-02, 2.621465573422171e-02, -1.261015312082006e-02, 5.292073823418157e-03, 3.101183501712460e-02, -7.344916871791486e-03, 1.678820762930367e-02, 1.609172434686567e-03, 1.364658328181611e-02, 8.042861918732283e-03, 4.059867553603316e-03, -1.536243063742333e-03, -4.845639959694399e-01, -3.502587648843349e+00, 3.253002901542255e+00, 1.534235233191908e+01, -7.100455447236194e+00, 4.608760161809624e+00, -4.114118067702472e-01, -1.985820531912333e+00, 3.276243933107505e-01, 1.273009679316095e+00, 4.630973808408264e-01, 7.090192269702740e-01, -7.538192687076618e-01, -2.035070673843173e+00, -3.706577924505471e-02, -9.904814164848105e-03, 2.781428934004385e+00, 6.030952136426816e-01, -6.795808718715481e-01, 5.423009830317277e-01, 3.205710625433120e-02, -6.283339622025708e-02, 1.311093967341216e-01, -1.635790903205694e-02, 4.030569046430008e-02, 1.297854473649016e-01, -8.652461016832350e-02, -2.181531421163694e-01, -9.950413793899059e-03, 4.185803422892939e-03, 2.257826323774471e-01, -2.749655279539920e-01, -2.839768524759756e-01, 1.711099610624379e-01, 8.048369099187327e-02, 4.090618547691985e-03, 2.195913864536548e-02, 1.283792708005051e-03, 5.907275394657368e-03, 2.407712530912593e-02, -3.515291973215460e-02, -1.991814565967455e-02, -9.477885819176697e-03, 1.334175895963004e-04, -6.095017409041326e-01, 5.327989518056218e-02, -4.382595176184283e-02, -1.821407043532817e-01, -3.945057827958440e-02, -3.457653206795530e-02, -8.726409149978155e-02, -2.077199281964864e-02, -1.782860734663803e-02, 5.938253307901287e-02, -3.477321166959247e-02, -1.473793635768134e-02, -1.557546320177938e-02, 1.014820927623008e-02, -1.499177980689998e+00, -3.080807199816668e+00, 2.543927411381883e+00, -3.823702876216745e+00, 2.090087664755523e+00, -5.127252712491877e-01, -1.692181917595447e-01, 1.555632066140778e+00, 1.426280012759851e+00, 1.805776981395974e+00, -5.009698105810047e-02, -2.787747263047452e-01, 7.613846140927693e-01, 1.681910340934535e-02, 9.381101211370455e-03, -7.449551345597865e-01, 5.580454463871591e-01, -1.940552355458202e-02, 1.344212761528851e-01, 5.473195261239549e-02, -7.072407574013485e-02, 5.719162267760136e-03, -9.601936772688550e-03, -7.410130949093641e-02, -2.349084106794782e-02, 5.626400593282953e-02, -3.017916328570098e-03, 3.395895797357888e-03, 3.074602377775295e-03, 7.578275794978602e-02, 4.535018486780069e-02, 9.185532631640869e-02, 6.071466348343852e-03, 1.655246623625373e-02, -2.950937371005867e-04, -3.802974005707305e-02, -3.313517197834408e-03, -7.831894630838634e-03, -6.944017094443380e-03, 4.136937547258401e-03, 3.682031910311208e-03, -5.057271224686910e-04, 2.356901348624350e-04, 1.444172311893229e-01, 6.669571000186642e-03, 8.521843623207834e-02, -5.549107750671083e-02, -2.583551282809457e-02, 8.162803496039241e-03, 1.304207612821799e-02, -2.657969716858686e-03, 1.540592297534909e-02, -7.826990383745357e-03, -8.609944809101717e-03, -2.153171393343189e-03, -1.184717506007562e-03, 9.362809124093398e-04, 9.020888140614714e+00, 2.971276335133670e+01, 2.878314209356165e+02, -3.235848356954106e+01, -1.939751932284868e+02, 1.528985838301308e+02, 1.863918164026992e+02, 2.842063773647622e+01, -3.336265545531440e+00, -1.347616816807419e+02, -3.747055316469233e+01, -2.138461838983843e+01, 3.788700553910392e+01, 3.181312193562105e+01, 9.185545501153285e+00, -6.694999390305062e+00, -1.020839843598795e+01, -5.407503508656462e+00, 2.835522359177899e+00, 1.595190548879669e+00, -8.563373775289589e-01, 1.265159920926202e+00, -4.292127198602518e-01, 1.222790599548700e+00, -2.709482159977072e+00, -2.226006204615497e+00, 3.898481947629920e-01, -4.282879469429482e-01, -2.014966660709780e+00, 4.415525391651611e-01, -2.860925481876788e-01, 7.391676147882854e-01, 2.033771131603840e-01, -7.700791278867239e-01, -3.007755887637456e-01, -5.499486771924780e-01, -9.394832079477418e-04, -3.052070995498796e-01, 1.442089883255099e-01, 2.643816900471284e-01, 9.101359758530078e-02, 5.777613381636447e-02, -1.890577065315316e-01, -6.513431117811043e-02, 2.057047525988877e+00, 1.158147432435261e+00, 1.268085287175267e+00, 4.596404009197531e-01, -7.190203856964591e-01, -2.111018760342546e-01, -2.700301822142820e-01, 8.564271217400317e-02, -4.073665003752084e-01, -1.913173616870713e-01, 1.219968967939244e-01, 3.749257332627565e-03, -4.208531077774895e-01, -4.857312202808751e-02, -1.177011246945480e-01, 9.913916289356331e+00, 1.106954738910956e+02, -3.659006771705497e+01, 1.426083339493570e+02, -9.216045186846063e+01, 6.993489418304344e+01, 5.105550049281081e+01, 2.403956161634516e+01, -7.200841392766125e+01, 1.346058993274700e+01, -2.533573869773596e+00, 5.072474801008089e+01, 2.744754315895020e+01, 1.006517017624723e+01, 2.039786134827493e+00, -4.807579269557223e+00, 2.075291782523240e+00, -6.952759566648245e+00, 6.324422766810704e+00, -3.494097122738295e+00, -1.370795183123403e+00, -1.391512534701351e-01, 2.256550228953587e+00, -6.701966532464995e-02, -2.594573466008854e-01, -9.012829570114883e-01, -9.902420665124801e-01, 9.485960401318419e-02, 7.270206586031471e-01, 4.098103714392797e-01, -2.994479540533248e-01, 1.125280146954065e+00, -2.756314393873068e-01, -1.133880623274535e-01, -5.555322552997582e-01, -4.775044709190232e-01, -4.138765714461937e-01, -8.187886714122888e-02, 6.262410020030636e-02, 7.860491296058771e-02, 2.221526744054371e-02, -1.746330117866737e-01, -9.403000150171166e-01, 2.751609181421294e-01, 7.746309151987431e-01, 2.549820081661925e-01, 6.794173009664689e-01, 1.410459365985458e-01, 8.298335899063011e-02, -1.045412355424374e-01, 3.887960514423309e-01, 1.485337698398018e-02, 1.065119087181002e-01, -1.405582945503737e-01, -1.183892498770400e-01, -1.630781957286930e-03, -4.949146003824052e-01, 1.411807374998455e-01, 4.843011069036892e-01, 1.225266435008695e-01, -6.976446113246485e+00, -1.143777209682500e+02, 7.881561228073021e+00, -8.697960560910720e+01, -4.844236997250875e+01, -3.752525168175509e+01, -2.814467030810789e+01, -3.400894899238785e+01, -1.732212191402819e+01, 1.590575324752510e+01, -8.403590882571054e+00, -3.636120968121106e+00, -1.365224462560039e+01, -4.163201357586806e+01, 1.967412769541752e+00, -6.674377444136196e+00, -1.905019924001425e+00, -2.290847867905708e-01, 1.988613416332447e+00, -4.521044405323216e-01, -2.737314809236850e+00, -3.162221988343490e+00, -3.503224046034513e+00, -2.155776051287603e+00, -1.333493045909928e+00, -2.426567593737745e-02, 1.008200447771991e+00, 1.444302175965273e+00, -1.703171287861833e+00, 1.030348294470899e+00, -5.095561799931886e-01, -2.627211342823348e-01, 7.541065084318548e-01, -1.193980655655852e+00, -4.927097406099588e-01, -2.914149464014650e-01, -3.862669380615127e-01, -3.727804518433088e-01, -2.205732296200952e-02, 6.240095801928306e-02, -1.688772137424925e-01, -2.006151716174672e-01, -5.914830342185828e-01, 4.916495178763640e-02, 6.855423308039496e-01, 3.082205364915092e-01, -5.220079451911840e-02, 5.472436256192772e-01, 1.260858050808710e-01, 1.829467833027733e-01, -1.794754873646439e-01, -1.374720137712291e-02, -6.228019916189600e-02, -4.239385179940075e-02, 1.632200704542809e-01, 1.437383566797458e-01, -2.432090280523027e-01, -2.277941095499641e-01, -7.236324889809662e-01, -6.745911693742497e-01, -2.125170839880418e-01, 6.854283539456300e-01, 1.999910124699561e+02, 3.286453407479359e+01, 8.279106125122578e+00, 9.955879965902053e+00, 3.550592333395942e+01, 2.246459844111725e+01, -4.486250608850023e+01, -2.096057973514232e+00, 4.954448402066916e+00, 1.462589421412354e+01, 1.627975400100292e+01, 2.496486524866388e+00, -6.881374364412500e+00, -3.634882360030477e-01, 2.634316200328908e+00, 4.318195497446141e+00, 3.720197788853838e+00, -1.468558188166524e+00, 2.715825244834859e-01, 2.263063485983638e+00, 3.873402412765220e+00, 2.729559039935690e+00, 2.386522028293847e+00, 1.046476502678332e+00, 4.935930640245787e-01, -2.955977866867106e-01, -1.644168540966924e-02, 4.408351272234687e-01, -5.045853730649561e-01, 8.099587666751368e-02, -1.010532479323315e+00, -4.398836303273326e-01, 6.620557732657477e-01, 8.033159721618582e-01, 2.882156963663847e-01, 2.528004698247436e-01, -8.327239398839798e-04, 4.237621401659374e-03, 6.299738252332340e-03, -8.387251305162258e-02, -5.366870949325610e-02, 6.315554401979492e-01, -1.514695274406461e-01, -9.507008535782289e-01, 5.586102929792074e-02, -6.548404860932154e-02, -1.344136309045060e-01, -9.036466383037534e-02, 3.480193053534320e-01, 3.212129066709243e-01, 2.175913254247585e-01, 7.248427817388942e-02, 2.376139611288011e-02, -7.668019541780367e-02, -3.583857098661956e-02, 3.490846172370667e-03, -1.752050296258818e-02, -6.399948291093721e-01, -3.711789668718408e-01, -1.067318328102377e+00, 2.922122165742352e-01, -3.901773605354935e+00, 1.258066067032498e+02, -1.227878048202341e+02, -8.904956693746023e+01, 4.581241999679439e+00, -1.030413799179371e+01, -1.703724571574083e+01, -2.303150024005228e+01, 4.414823900235066e+01, 2.749856026213991e+01, 5.143494906510351e-01, -2.327898599350033e+01, 5.159924943876332e+01, 2.418667376983648e+01, -8.317178945550350e-01, 1.110308352518404e+00, 4.224056838078021e+00, 5.082233743303243e+00, -2.714045327715969e+00, 2.506235462814518e+00, 2.115449889166247e+00, 1.655743645852064e+00, -1.842354362398930e-01, -1.591241906155284e-03, 4.426410568226145e-01, 3.434071600005922e-01, -1.230767716090968e+00, -5.305596826342271e-02, 6.253000080350914e-01, -3.485420646039931e-01, 5.839961666375150e-01, -8.774663725345210e-01, 1.024617054312779e-01, 2.269724204557715e-01, 9.488970417763118e-02, 1.941446748502119e-01, 2.684605026124146e-01, 1.605457564068141e-01, 1.021318257905261e-01, 1.849525009731070e-02, 1.498667892545075e-01, 1.761967239859913e-02, -2.324340887249245e-01, 1.348916710139449e-01, -4.812845157732470e-01, 3.810257341874750e-01, 1.038156697616733e-01, 1.272446147308805e-02, -8.380190835273768e-03, -8.626700403258419e-03, 1.178444963517201e-01, 6.566182392771333e-02, 5.255812208993432e-02, 8.082279446683968e-02, -1.076765827783277e-01, -6.533282359680963e-03, -1.798808534330268e-01, 1.024973423561387e-01, 8.018899475757355e-01, -1.786173939618625e-01, -9.018526087643053e-02, 5.061811530390848e-01, -1.585595666436790e-01, 7.854808389479701e-01, 1.343268706609188e+02, -1.755004570597462e+02, -4.819359126661964e+01, -2.215107231249557e+00, -4.302741683857741e+00, -8.168741040927120e+00, -4.588446909293808e+01, 1.009446639968076e+01, 1.732883563492176e+01, 3.808677870121971e+00, -3.850115199316953e+00, 2.951918442960034e+01, 1.992903758681411e+01, -3.394417518722233e-01, -5.669519696789090e-01, 8.816826041537364e+00, 4.016619292808079e+00, -2.234656403209207e+00, 1.650655029362356e+00, 1.980578319138488e+00, 2.545119534010082e+00, 9.181919331425366e-01, 4.866209511366025e-01, 2.465232064655599e-01, 1.537178445879529e-01, -8.997599957761537e-01, -5.066934017563720e-01, 4.276287903957651e-01, -1.269381340986072e-01, -1.350854671961068e-01, -7.982660436959016e-01, 1.182463103039171e-01, 1.244726890544697e-02, 1.276669151128747e-01, -5.161399680261586e-02, 6.137714262988282e-02, 5.038672430226714e-02, 8.239108689025107e-02, 2.381682502815821e-02, 2.880522026469155e-02, 4.969971859347856e-02, 1.955570522333039e-01, 6.961626824433356e-03, 2.305941607283907e-01, 5.366972373576231e-01, 1.504610655366010e-01, 4.210201274743842e-02, -1.289871024681918e-01, 1.417905192265647e-01, 2.452351239536601e-02, 8.732565742377756e-03, 7.231542198244813e-02, 4.716097385742664e-02, -1.354015807611171e-01, -3.854230718873673e-02, -2.158611779507612e-01, 7.861600991350578e-03, -1.680569638666030e-02, -6.916792291320673e-01, -2.486075817306086e-01, -4.825078010918651e-02, 2.555652065606747e-01, -2.307838179469013e-01, 5.120794809496182e-01, 4.985511119513496e+01, -5.252326407899740e+01, -7.360607257316235e+01, 2.485955692602304e+01, -3.667199691732136e+01, 1.959513861540670e+01, 1.265367271161416e+01, 8.360841608791157e+00, -3.304471017285754e+01, -1.325968785955131e+01, -1.119927242250915e+01, -1.607632608909980e+01, 8.345228407721924e+00, -8.609166150026663e-01, 1.050199156607945e+00, 4.425492185606912e+00, 6.170708693805693e+00, -1.582228677704652e+00, 2.040140821887048e+00, 4.614983705876968e-01, 8.779886167216392e-01, 1.019029041015021e+00, 1.130561332641121e+00, 6.788720423425590e-01, 5.867505244716994e-01, 7.944820441375562e-02, -6.400716558138735e-01, 1.393314253098147e-01, -1.001523405159600e-01, 1.855530237230170e-01, -4.824427743777039e-01, 2.586378872533050e-01, -1.087443412688954e-01, 2.352693492649465e-01, 1.072437753557378e-01, -2.733105653711084e-02, -1.417625927217384e-01, -2.316980510206186e-02, -7.811830057953942e-02, 1.784394226385481e-02, 1.450516472800103e-01, -1.032597878785772e-02, 1.359115385600415e-02, 6.130307144207656e-02, 4.193469466110237e-01, 8.731062091851613e-02, -1.000761218268747e-01, -2.351948240611418e-01, -3.810689499463134e-02, 1.983732322328268e-02, -5.591698885154668e-02, -7.695476450133838e-02, 4.399783076514086e-02, -2.135987732202253e-02, -6.149890710998870e-02, -1.323855113616649e-01, 3.356514864415166e-02, 2.876645011983943e-01, -2.015001062025360e-01, 9.631045283682821e-02, 1.108661669886056e-01, 1.988193951707965e-01, -1.211210912962624e-01, 5.162276811189968e-02, -2.790848512783163e+00, 3.112566599500134e+01, -5.030862586126528e+01, -2.293918191001127e+01, 4.103649960058917e+01, -2.157009391224679e+01, 5.280348270290530e+00, -4.464758061576311e+00, 1.404951244167652e+01, 4.989753734933912e+00, 7.298266595553101e+00, -3.430568274657517e+00, 6.197989128023407e+00, 1.041468037353244e+01, -4.864250337773722e-01, -3.960796272475408e-01, 3.606058417407526e+00, 3.766406729473188e+00, -1.587739672485333e+00, 9.379692192872132e-01, 2.025767574433450e-01, 9.405216285771533e-01, 5.340591418853915e-01, 1.558824513576747e-01, 7.542719382458186e-02, 3.495639730983274e-02, -1.931540353048790e-01, -2.768779410749358e-01, 9.242918719997156e-02, -4.005230962343504e-02, 4.406629795991683e-01, -3.285027161194854e-01, 5.081499524346778e-01, -8.690484228170624e-02, 7.417279533547150e-02, -1.693571423544022e-01, -1.086712341063560e-01, -1.076656101110822e-01, -6.766326129585084e-03, -5.450861049304100e-03, 3.352344376102984e-02, 5.665740317827105e-02, -1.312307482134627e-02, -2.296094027021078e-02, -2.269055969092336e-02, 1.554885131212528e-01, -9.173593929992069e-02, -9.504387735829596e-02, -1.613835143920382e-01, 8.794748756144168e-02, 3.585464446846767e-02, -1.647708752518779e-02, 1.821261303292664e-02, 5.084561895395448e-02, -4.698990730273244e-02, -2.245990088281723e-02, 2.903802153288193e-02, -5.591561739144961e-02, -6.003093433517539e-01, 5.421997782958035e-01, -2.907088291603007e-01, 4.511222583514025e-01, 2.700668643766152e-02, -2.967497267135942e-01, -7.378967824039305e-02, -5.836751078691584e-02, -7.792164974407073e-01, 3.541243592988050e+01, 3.534675656405966e+01, -4.376862546677734e+01, 7.045192064900673e+00, 2.624343151000906e+01, -2.646390940095512e+00, -2.171584084617623e+01, 6.597105473670149e+00, -2.038389413370260e+01, -9.100864368165537e+00, 5.030736231189341e+00, -2.572785256259736e+00, -9.519241356355810e+00, -2.167789410260706e-01, 5.273343555101182e-02, 8.240667591977381e-01, 3.479351957794961e+00, -3.581760895130297e-01, 7.464257536280070e-03, 4.232346458571318e-01, 1.160006068657015e+00, 3.187454859578409e-01, 8.745385583250835e-01, 3.856100364034424e-01, 5.971303924759822e-02, -2.046405035962682e-01, 1.261802006097749e-01, -8.752812921676692e-02, -5.630058179697273e-02, 5.528079998912838e-01, -4.675329657545703e-01, 6.557446787737625e-02, 1.233462978399499e-01, 1.178576247920658e-01, -6.102550258842984e-02, -7.813646724216822e-02, -1.178385225267579e-01, -9.200560471773149e-02, -4.972435225747434e-02, 5.831473774053676e-02, 1.671215941243236e-02, 4.426804242320769e-02, 3.258623554224642e-02, -1.921279865344601e-01, 3.666598641605196e-01, 1.092547190070076e-01, 1.281115366608935e-01, -1.161976869037507e-01, 6.318573920276806e-02, 2.142999561819614e-02, 2.300976907882147e-02, 2.851778036166330e-02, 6.277576215037166e-02, -5.000391998394044e-02, -1.329919114233840e-02, 3.947293508637945e-02, -3.393345069271238e-02, -1.456047225351951e-02, -2.017551251917548e-01, -2.669355342368739e-01, -1.594781178864406e-01, -3.474580554620117e-03, -2.054089427715593e-01, -9.124989354561149e-02, -8.261908322766317e-03, -2.519039458033556e-02, -1.469575970431673e+00, 1.660868181989359e+01, -2.468706433022596e+01, -5.444513801509211e+00, -3.025168400444712e+00, -9.624465627123582e-01, 8.761389078927976e+00, -1.874512248718989e+01, 3.871525265162278e+00, 4.927448239636530e+00, -7.516539671512979e+00, 7.163961743505827e+00, 8.357064598910178e+00, 4.214952837683862e+00, -1.072044881925936e-01, -8.524362596379285e-03, 1.948271150718337e+00, 1.643264077396716e+00, -3.250722801117052e-01, 3.890786054638153e-01, 1.428299298798021e-01, 7.094292916789890e-01, 7.782894989708682e-02, 4.715237259941980e-02, 1.564734256784241e-01, -1.598669839814474e-01, -2.220488855799025e-01, -1.829423013362932e-01, 6.371558115503441e-02, -2.096629940052041e-02, -2.067962919823980e-01, -2.942618977736102e-01, 4.315620277486600e-02, 2.742169320912663e-02, 7.227918241795583e-02, -5.519445417915340e-02, 9.654116067328468e-03, -7.403887313392944e-03, -9.921360133721911e-03, 3.320230343113692e-03, 5.606523857173740e-02, 2.580886512301138e-02, 5.931845399121502e-02, 1.759847399389390e-03, 2.321213791755175e-01, 1.865022569497517e-01, 8.063480116560016e-02, -6.783775173336988e-02, -7.489214146414737e-02, 6.596274563530442e-02, 5.729368816587398e-02, -1.297531564057004e-02, 2.137787393750401e-02, 1.598702998506418e-02, -5.609543904859860e-03, -2.695509477976105e-02, 1.087890440252589e-02, -3.624861841591996e-02, -2.213511396130255e-01, 2.076556968890445e-01, -7.313972326318828e-02, -6.497829819431510e-02, -1.209007359411875e-01, -2.000573443014066e-01, -1.553876479343747e-01, -2.705826453201807e-02, -1.088947940941666e-01, -1.460220058420405e-02, -3.555572168734158e-01, -1.057246401766840e+01, 2.426241507012151e+00, 6.642445168761007e+00, -1.247934551133026e+01, -1.066387839857342e+01, 9.852700909822214e+00, -8.669345562769887e+00, -5.999375067643143e+00, -7.096777563518190e+00, 1.245449374354891e+01, -8.710759166760760e-01, -6.853185784484749e+00, -3.858635454765847e+00, -4.465119855262404e-02, -1.539240728441449e-02, -1.027959892986122e+00, -1.251862212766573e+00, 7.979014952557227e-01, 1.872886141215740e-01, -5.283519725777642e-01, -4.539726557319831e-03, -1.030982316926243e-01, -1.483467275495938e-01, -4.326010658422230e-01, -9.340475308339582e-03, 1.648997636917626e-01, 6.130011679904810e-02, 1.598433408283382e-02, 3.112725367634950e-02, 4.754367317103580e-02, 1.234532229786256e-01, -1.433476364205445e-01, 1.416584159327886e-02, 1.014517704249335e-01, 1.899069166356636e-02, 1.386957127631991e-02, 3.325928023784755e-02, 5.912085650780022e-02, 1.760894696271635e-02, -1.317194811319241e-02, 8.359150189994006e-03, -2.971326386092715e-02, -2.305149483052344e-02, -7.421340826907719e-02, -1.199266058931557e-01, 9.469758027930299e-02, -7.832815436515538e-02, -5.165360638499523e-02, 1.471102397935688e-03, -2.324209393185343e-03, -1.827601970892891e-03, 1.608850131344238e-02, 1.391449448459503e-03, 4.258592857205765e-03, -4.087351388955354e-03, 8.917045799194127e-02, 8.861314160177653e-03, 2.804720604563089e-01, 5.611360612804987e-02, -1.680026467163762e-01, 2.709629218526046e-01, 1.060620516619099e-01, 1.460380954690271e-01, 6.193856031377207e-02, 8.226312695472556e-03, 8.596208715914926e-04, -8.551250643176109e-03, -2.397192047005441e-03, 4.428599867416756e-01, -1.489164819536593e+01, 2.689574382227542e+01, -4.448619124391811e+00, -8.406303453179971e+00, -5.424252452579117e+00, -4.622764527770361e+00, 3.763469861934309e+00, -3.820365639804359e+00, 2.635329605602197e+00, 2.341411023920808e+00, -4.937070025197192e+00, -4.843213220744702e+00, 3.992760866468401e-02, 3.691538261246367e-02, -2.479867270488304e-02, -1.871599980598747e+00, -6.305354278056099e-01, 1.757649720374730e-01, -7.780486902626507e-02, -2.817454282307877e-01, -5.501985023583908e-02, -1.045056422611441e-02, -5.132695965388506e-02, -5.652076896030676e-02, 4.023980619087555e-02, 2.194222408188806e-01, 8.198919694282242e-02, 4.554493066015147e-04, -3.851203039867777e-03, 1.528609207388731e-01, 5.650469132727394e-02, -3.503624536369549e-02, 6.292945915634220e-03, 2.941178046723742e-02, -1.714070186645813e-02, 2.660320746728142e-04, 1.910047933531995e-02, -1.426041908287873e-03, 2.022400561081968e-02, -3.518172467545490e-02, -6.924895974765980e-03, -5.529106625792861e-04, 4.508102998436230e-03, -1.593391554527390e-01, -3.226179628796739e-02, 4.052717648457035e-02, -9.870657970971074e-02, -8.802343917304298e-02, -4.848403186775393e-03, -2.547165385757268e-02, -1.945497617944191e-03, -4.194161167606723e-04, -1.257949892504654e-02, 6.340433772724552e-03, 2.713922944639947e-03, -4.127322278556345e-03, 1.006599452384295e-02, 3.179759964651525e-01, -1.216500334543588e-01, -6.917273025346757e-02, 1.569783519796781e-01, 6.245273291362871e-02, 4.327684378292970e-02, 1.190759798006496e-01, 2.754424234235786e-02, -4.540507768847886e-02, 6.873631355198556e-03, 1.942779456885999e-02, 9.894220518394186e-03, 7.221008475143294e-02, -2.849240973807321e+00, 4.892265382696118e+00, 7.843826338176317e+00, -3.276559415370339e+00, 2.922418781255348e-01, -8.975862924582391e-01, -1.125525347747972e+00, -1.485769939458972e-01, -1.403735980319477e-01, 3.078608889118051e-02, 2.161259707620330e-02, -1.734815890953121e-02, -9.701483866326320e-02, 1.520633375024845e-02, -1.140690633296893e-02, 1.097156921143679e+00, 1.588539084850648e-01, -1.275303091758750e-01, 1.523506838579834e-02, -7.916738985226403e-02, -7.944285787655223e-02, -1.341704463731720e-02, -5.433801243645708e-02, -1.905027798834451e-02, 2.865552841246974e-02, -1.322041036892044e-02, 3.083131314205464e-03, 2.114294839937056e-03, 8.859010762559465e-04, -7.352799221488018e-02, -9.429197756130184e-02, -2.615278314293092e-02, -1.699090809864974e-02, -9.575581885427388e-04, -7.488978705373796e-03, 1.822553434779215e-02, -1.979576860368218e-03, -1.470532104634042e-03, -3.187637442668948e-03, -1.257037881764627e-02, -1.178741665806062e-03, -2.472608183632966e-03, -3.293366823609719e-04, -1.962970196077631e-01, -1.365565589095586e-01, -7.694360083059092e-02, -2.428018448550683e-02, -2.905671854970920e-02, -2.999150075756918e-02, 1.594158848547289e-02, -9.128139416695253e-03, -2.518576737991282e-03, 1.263613205348739e-02, -7.347311565979996e-03, -1.368907789304415e-03, -5.651572319567970e-03, 5.962795718583704e-05, 1.012917454094965e+00, -9.832366376016352e-02, 1.167971435792683e-01, 4.504077470719126e-02, -1.123120943246666e-01, -3.298978852226094e-02, -7.353394781941361e-02, -3.117129089744517e-04, -1.883098682740248e-02, 2.968479263939539e-03, 3.709436521505303e-02, -6.041762922603389e-03, -8.377829386968372e-04, -2.141410499590930e-02, -1.420644405841913e-01, 3.320308777673358e-01, -4.666663423518721e-01, -3.225353479435484e-01, -1.303709966616750e-01, 4.110746339545999e-01, 2.367858647402509e-01, 1.304769264155072e-01, -1.324545945534123e-01, 3.404222966154122e-01, 2.028303585923510e-01, -6.338036080615923e-02, 9.454389214102185e-02, 6.557509732401134e-04, 4.021861464062880e-04, -2.502434774526838e-01, -9.937481866299651e-02, -1.979037077380069e-02, -3.884753821681577e-03, 1.530653481868935e-02, 9.700381802023022e-03, 2.019059954667215e-02, 3.730567024604286e-03, -7.878553933363104e-03, -7.647464461772311e-03, -3.862220375983622e-03, 7.473315710707218e-04, 3.003239697867085e-04, 4.038843336895983e-04, -2.611209867935989e-02, -3.203344111859392e-02, -6.663019368309656e-03, -4.604263603958732e-03, -1.499127690105810e-03, 2.539664210761664e-03, 4.270987228156987e-03, 8.457258815511340e-04, -3.414205913046505e-04, -1.358247203782261e-03, -9.730320855547059e-04, -2.141818676075407e-04, -6.765938013084550e-05, 1.313356791821581e-05, 7.328761926689124e-02, -3.126548732081916e-02, 3.880461796287831e-03, 6.429886182506634e-03, -2.084603760082008e-02, -1.735670195650412e-03, -9.795059449198874e-04, 5.843344950078906e-04, -1.096946128974690e-03, -4.754138649633773e-03, 1.127425677073715e-03, 3.745965060307070e-04, 1.485199494535296e-04, 2.299992252596235e-04, -1.052286111004102e-01, -7.293170495753409e-02, 9.881009003797138e-02, -3.008452297418575e-02, -5.181902617906312e-02, -2.056087610908961e-02, -5.233601586428235e-02, -8.047620122962180e-03, -2.619411351727038e-02, -1.606875893015034e-02, 7.136861676216009e-03, -9.309580954798162e-04, -1.039272756987825e-05, 2.745887915425800e-05, -9.363910285376918e-01, 2.828914272299753e+01, 8.302367199389562e+01, 1.723276645295137e+01, 6.835467864310039e+01, 2.354660706175459e+01, -1.813418777621455e+00, -3.502239316371318e+00, -2.207773494309553e+00, -1.795779372425871e+00, 2.541614653136532e+01, 3.610394063989411e+01, 1.905892858301042e-01, -9.866845237070853e+00, -2.602610027901062e+00, 1.797033118222843e+00, -2.220735858953068e+00, -8.330322287500318e-01, -1.390289844588172e+00, -6.932071905188586e-01, 4.253594204412538e-01, 3.347785855432772e-01, 5.325363473746219e-01, 5.660963828179014e-01, -2.339101310128651e-01, -6.137051212573278e-01, -2.687029874327993e-01, 1.526262511797111e-01, -2.632535321653585e-01, 5.463178013094170e-02, 4.849977640098182e-03, -2.200339955763652e-01, -2.411186374967448e-01, 1.566536556243662e-01, 3.809431494724957e-02, 8.543955820026097e-02, -7.386910878360668e-02, -6.178185138510176e-02, -3.573559531571379e-03, 6.424510660068021e-02, 3.513521996540526e-02, -2.181692881082362e-02, 4.232957181965963e-01, -8.202562799421170e-02, -4.652874599644027e-01, 1.041033487791967e-01, 1.438647692389406e-01, -2.391795732675904e-01, -9.653950113856552e-02, -5.983352629258366e-02, 5.952611919709708e-02, 5.794687443349449e-02, 3.103190453738230e-02, 6.121431392829976e-02, -5.890231915664065e-02, 3.277534483898448e-02, 1.182927105049541e-01, -7.685109981773465e-03, -4.568086313347194e-01, -3.619537047934790e-01, 1.234960613518007e-01, 1.165707656018256e-01, -3.275698944149701e-01, -2.854804979370333e-01, -3.842483657250433e-01, -1.422632906770508e-01, -9.110923846640097e-02, -4.181706389612256e-02, 3.602539119794396e-02, 2.797285985247635e-03, 2.401542201531150e-02, -1.412600044952518e-02, 6.785071735630056e-02, 6.197547138861043e-01, 2.919670344420178e+01, -1.770883010201096e+01, 2.045778970352198e+01, -1.074353836030206e+01, -8.332829957122975e+00, -3.642896574529134e+00, -4.169900723444655e+00, -7.965476137414258e-01, 4.515041881526109e+00, 7.217435652398652e-01, -2.555299839474978e+00, -5.885389691011735e-02, -3.008283248756930e+00, -4.740636094171734e-02, 1.548554359093534e-01, 4.875711620759151e-01, -1.740543765544293e+00, -1.505622972958694e-01, 7.222241681601216e-01, 5.326441956796804e-01, 1.520689244797126e-01, 2.075739801876898e-01, 7.757831281551418e-02, 6.930857174488861e-02, 4.700318704938938e-01, -3.129042514500795e-02, 8.866887816499004e-02, -1.577899842363526e-01, 3.045866029502249e-02, -4.660137985860450e-01, -1.350688358352415e-01, -2.534498041615911e-01, 9.717178274695075e-02, 1.086632184382984e-01, 2.178787517565328e-01, 1.094888597962651e-01, 2.313913779613808e-02, 2.304837188430525e-02, -1.115537927683805e-01, -2.780388244909393e-02, -2.701363535557917e-02, 1.581022258711163e-01, -8.454166495110289e-02, 2.817579260804490e-01, -9.542731571987735e-03, 1.724640514170502e-01, -2.878110412329029e-01, -1.776166547637352e-01, -1.775982889966504e-02, 6.195094831582815e-02, 6.835493943402729e-02, 1.075379374393371e-01, 6.677985808328260e-02, 5.756064733282281e-02, 1.197847553939696e-02, 3.939133812607515e-01, -8.847781188705818e-02, -1.175894181481902e+00, -4.513382653064554e-01, -7.229155418956891e-02, 1.513601709262503e-01, -2.863226624128249e-01, 1.883070350555584e-02, -4.218459653559052e-02, -3.326514135090214e-02, -1.151204346684829e-01, -2.175124321814718e-02, -4.696115825343174e-02, -5.307623515101019e-02, 3.826352474394984e-02, -1.591107696236013e-03, 5.343790367262403e-02, 2.520212149001543e-02, -8.516165605460092e-01, 2.503742439417537e+01, 7.249879402588729e+00, -2.465130667139236e+01, 1.224583082097585e+01, 1.966655114531710e+01, -1.457643295942034e+01, 1.986059234209580e+00, -1.278510811102590e+01, 2.330412954439742e+00, 2.017633052771005e+00, 2.217569036484574e+00, 2.500373011536987e+00, -2.376993769029196e+00, -3.615036062705109e-01, -1.267499747460353e-01, 4.151082442597069e-02, -2.116590668468409e-01, -8.358484908414096e-01, -4.940432224490755e-03, 4.603437194355839e-01, 5.226470843976618e-02, 4.508162692210739e-01, -1.645617279663941e-01, -1.439796725093151e-01, 2.066344827692609e-03, -9.749603775011971e-02, 5.335286115379280e-02, -2.204276766487995e-03, -6.633097094287131e-02, 3.145001769305678e-01, 4.718695462209366e-02, -6.876535697691359e-02, -3.145411497965835e-02, -5.861493237370825e-02, -3.789013886803939e-02, -8.378917809513944e-02, 5.859197648212586e-03, 5.538962349470390e-02, -1.268681299626090e-02, 3.440172205745064e-02, -8.422034193363416e-03, 6.599979497465644e-02, -1.619680828124066e-02, 1.163862959468975e-01, 1.152673616594397e-01, -2.090955765895940e-02, -5.698684000347670e-02, -2.177243462205069e-01, -1.514691807510092e-01, -3.543057906551658e-02, -6.353636872253778e-02, -2.131984242304846e-02, -1.510593826776198e-02, -8.723153426959417e-03, 2.045813379589395e-03, 5.315064575027714e-02, 1.899272494658303e-02, -5.273105411067847e-01, -4.323572279048001e-01, -2.027317891838576e-01, 1.658456941114528e-01, -3.176514346086044e-02, 1.764646660426308e-02, -7.452935079912792e-02, -3.711657505845820e-02, 5.910581172686213e-02, 9.269366056133543e-03, -4.904384836637569e-02, -7.857585401558913e-03, 2.523115437440294e-02, -1.597868944154913e-02, 1.864036847633745e-02, -3.904431814593451e-02, 4.898694986205708e-02, 1.457199231529497e+00, -2.978807923429595e+01, 1.730454380938592e+01, 1.650887788502902e+01, 4.133277190060901e+00, 1.054565687921697e+01, -1.412324928105151e+00, 4.844474844509790e+00, 3.373384503377020e+00, -1.144210887704626e+00, 4.180441717607263e+00, 1.788793487709671e+00, -3.826208954179232e+00, 1.699762021022610e+00, 2.757411942732256e-01, 5.600411238181331e-02, -1.966979911511615e-01, -2.667333704866252e-02, 2.566153154776991e-01, -2.359369584456769e-01, 3.265002147384220e-01, -2.834526742276015e-01, -2.813406152358814e-01, -7.612642210822602e-02, -1.926114696854702e-01, -9.055182591695811e-02, 2.780698315995721e-01, -1.710209835083941e-02, -6.554370686743125e-03, 8.928541616277436e-02, -5.550333824740152e-01, 9.297490001645387e-02, 1.171349501499494e-01, 3.298998791918254e-02, 6.941709202416896e-02, 8.840256980291894e-02, 9.364705722214889e-02, 2.015123127795370e-02, -2.382673195930749e-02, -1.199864791744666e-02, -2.440139799686548e-02, 7.253077792030258e-03, -3.276383753751774e-02, 1.891606308210810e-04, -3.995333400700381e-02, -2.003163415406003e-01, -1.314128353084056e-01, 8.417724553973145e-02, 1.659513860549100e-01, -3.086987828808486e-02, 7.657134261405130e-03, 1.269210443221913e-02, 4.292439992316455e-02, 1.018105069753343e-02, 1.925980630330901e-02, 4.713294746119458e-03, -2.524231995329757e-02, 4.191498103614606e-02, -2.240689874579040e-01, 5.919891496295508e-02, 2.444409309409714e-01, -1.726647187080257e-01, -7.040736329594476e-03, 1.009869833419167e-01, 1.451916301554327e-01, 6.284890128503925e-02, -5.691925613529228e-02, -1.204730869917746e-03, -4.104831881203259e-02, 3.730483624793240e-03, -5.533456735263773e-03, 7.384107197359321e-03, 1.209673712855870e-01, 4.585347569356168e-02, -3.849588697808798e-02, 2.934096295673244e-02, 1.352192984259489e+00, -1.273723023580049e+01, -1.917470871283637e+01, 1.096863756758112e+01, -7.478504052247401e+00, -6.143592060439489e+00, 9.364912759901495e+00, -3.636169184158127e+00, 2.225051582366377e+00, -4.353031489875724e-01, 2.825601820346733e+00, -3.873016911325935e+00, 1.700411864141266e+00, 5.280501838530655e+00, 2.534512613713076e-01, 6.876691024082285e-02, 4.287537809539932e-01, -2.773693326923672e-01, 3.209561110001132e-01, 1.120187339185233e-01, -9.755891131282327e-02, -9.547271545837199e-02, -1.815812777639489e-01, -3.359953084723087e-03, 1.227076549888490e-01, 2.365190540910694e-01, -1.183092116507349e-01, -1.721235706859502e-01, 3.348498296241894e-03, 2.678267819081619e-02, -2.943962336515176e-01, 5.726251971670198e-03, -6.723879973720336e-02, 6.725541117616173e-02, 2.297962880136820e-02, 4.916767320363059e-02, 1.413230247566941e-02, 3.466184822936117e-02, -2.771929556756980e-02, -1.563020499218057e-02, 8.409589298237565e-03, 2.015549446259762e-02, -8.466518720444773e-02, 2.995903704236528e-02, -9.673603620119606e-02, -1.749837244293921e-01, -5.692218524306000e-02, 1.915571555036780e-01, 8.052602964544862e-02, -2.519102180657361e-02, -3.076420139451991e-02, -1.318655490077758e-02, -1.357920734435742e-02, 3.158874624166922e-03, 1.338527508709685e-02, -2.778626174670810e-02, -7.831022776177181e-02, 2.302505474520590e-02, 1.233929047568626e-01, 6.501095718764917e-02, 2.637047094200859e-01, -3.757532327988129e-01, -3.573497233157378e-02, 1.342903396017174e-02, -7.224093406709690e-02, 8.541890662461615e-03, -3.232135911935131e-02, -1.714856341720552e-02, -1.326874653890021e-02, 3.475429485293691e-02, 6.733310881341902e-03, 3.888923235914523e-03, 4.785567399787883e-02, 1.098344220822589e-01, 3.907600899310725e-02, -7.132700174983372e-02, -1.502504851599490e-02, 1.262760973320507e+00, -5.120062800979062e+00, 5.861786727953872e+00, 9.218020404223209e-01, 1.113243778789005e+00, 5.496195514360990e+00, 6.800829120584405e-01, -1.904071921769334e+00, 5.162441834486491e-01, 1.375259775115566e+00, 1.080696630125032e+00, -4.124711339415735e-01, -2.638631835770459e-01, 1.451583479916489e+00, 2.211091724367564e-01, -1.544162605395771e-02, -3.288277706720947e-01, -9.605273314811101e-02, -4.414319776803104e-02, -7.313820468548228e-02, 2.360666925401620e-01, 5.868718112263695e-03, 4.568079958597079e-03, -2.641099110416496e-02, 4.165207601192562e-02, 8.217761655184186e-02, -3.798398520245188e-02, -1.879130998561259e-02, 1.853995926940773e-02, 1.329325603865749e-02, -1.702338337403834e-02, 5.828939975928215e-02, -9.704716300667120e-02, 2.240853176688211e-02, -3.884832659421469e-02, 3.003035829879373e-03, 3.901240927792742e-03, 8.487075696141202e-03, -2.006996328844188e-02, -2.694581002158703e-02, 3.584067905901652e-04, -1.418167308393132e-02, -7.658560218171313e-03, 1.015413831332477e-03, -8.963266838034294e-02, -1.025499784453884e-01, -8.164961755382538e-02, 5.598074976449503e-03, 3.451282096481196e-02, -6.366314867410124e-02, -9.352081817332496e-04, -1.420202384669514e-02, -3.649979813405970e-03, 5.877305713973350e-03, -6.272109263233263e-03, 1.316014282447341e-02, -1.258535693505813e-02, -2.592542364481420e-04, 1.237212553357033e-01, 6.001545947816565e-02, 5.569049061829177e-02, -3.468117942105452e-01, -8.252150161845602e-02, -9.312279839299926e-02, -1.030677670117716e-01, 2.206998683108949e-02, -4.127876080560774e-02, -1.092922672664052e-02, -1.807277737507697e-02, -7.843235035605032e-03, 2.068566628528023e-03, 1.434871506011783e-03, 4.507642993938901e-02, -1.556148320183237e-02, 7.531924846921269e-02, 1.091681336534143e-02, 3.271767746838134e-03, 1.516413753156555e-02, 7.729992864977131e-01, -8.462695780331943e+00, 1.270002617445165e+00, 7.110708205861126e+00, -1.089654464281467e+01, -9.357788693335273e+00, 1.093918140786073e+00, -1.854429079019030e+00, -8.559397950101080e-01, 9.043521128638322e-01, 3.214539058212810e+00, -8.995506880413330e-01, -4.326215638053482e+00, 1.390755611331382e+00, 7.211372481531504e-02, 1.284311971600063e-01, -1.778171749832775e-01, -1.929280774896442e-01, 3.581296052044610e-01, 1.044819632291773e-01, -1.380942650365220e-01, -8.572662471784397e-02, -8.596982082053342e-02, -2.423184247141739e-02, 3.518671656389159e-02, 1.992784767645325e-01, -8.918209207792198e-03, -5.265590678501687e-02, -2.442990890205476e-02, 1.439335543426813e-02, -1.349325102850188e-01, -2.682424148972370e-02, -9.006716836746304e-02, 9.069600584798161e-02, 2.506431335389705e-02, 3.426934092204989e-02, 2.882447417389005e-02, 4.174284554522490e-03, -1.047025099349964e-02, -2.405707690619903e-02, 4.707516338387016e-03, -2.483919138287633e-03, -3.383588545892204e-02, 1.657465421243602e-02, 8.119315349212536e-02, 5.423034690526454e-02, -5.764136197414924e-02, -5.169559022499753e-04, -2.811615823564888e-02, -4.294041252071653e-02, -1.186594913691111e-02, 1.663139767404207e-02, 1.417205487812340e-03, 2.975855829853630e-03, 9.992095460879902e-04, 2.282903581821548e-03, -4.155161041250625e-02, 8.894443502608960e-03, -5.521228606982739e-02, -7.012842144370536e-02, 2.933444786457198e-01, -2.759805810115214e-01, -1.286457799737449e-01, -1.071066874104293e-01, -4.805240896609668e-02, -6.602735710903460e-03, 1.376318946112670e-02, -1.286110555845603e-03, -2.906708716985422e-03, -2.621235570683675e-04, -7.487635771881052e-03, 3.445449357278663e-03, 4.838246420482605e-02, -3.113658078680183e-02, 5.182190346902298e-03, -2.347775877375501e-02, 4.010053393166315e-02, 1.101105782812218e-02, 3.252181767488602e-03, 3.958891758419755e-01, -6.700797187884749e+00, 4.961789850496628e+00, 2.322247955872029e+00, 3.645160343651280e+00, -9.493334461201774e-01, -2.996184104557740e+00, -1.726973688282365e+00, 1.357317858947501e+00, 8.156163298125636e-01, 7.417169397521980e-01, 4.403309420126235e+00, -8.137937209580934e-01, -6.499171728576322e-01, 1.221816136869632e-03, 2.838277655633309e-02, -3.460697162564348e-01, 2.080588686255848e-01, -1.999933292419446e-02, -1.297020841344712e-01, -2.990321191215930e-02, -9.691154115671147e-02, -1.469044948622405e-01, -2.544359519386045e-02, 4.297810663072045e-02, -3.344295690600637e-02, -3.965618050686946e-02, -1.346065464040948e-03, -1.162924061447846e-02, 1.708554510050226e-03, 4.816468533588036e-02, 8.116933155824608e-03, -2.845655938817412e-02, 1.682649833433152e-02, 1.797589232506675e-02, 9.271598276556688e-03, 1.097445644813149e-02, -6.967250220039637e-04, -1.015801700813407e-02, -5.592553520591107e-03, 6.345097747771901e-03, -4.876688552690800e-03, -1.064415998830287e-02, 1.494092382720913e-03, 4.571471490115406e-02, 4.559385151005815e-02, -3.052535995182049e-02, 2.178608804553326e-02, -7.984775195772746e-03, -4.539284311016355e-03, -1.107072540891900e-02, 2.288118890390441e-04, 2.382960152803976e-03, -4.248193899557612e-03, -1.364013737396148e-03, 6.287811338466283e-03, -5.119458113403253e-03, 7.962566401912473e-03, 3.243132016884941e-02, 3.213186949938536e-03, 1.554185960951370e-01, -1.410436104509766e-01, -9.144145115480218e-02, -7.471416461615854e-02, 4.369033648390172e-02, 4.036494422988576e-02, -4.795779335185078e-03, 1.386142277462924e-02, 1.217746696157299e-03, -1.287414224731846e-02, -4.979949989037545e-03, 1.557398560823046e-03, 1.200505898317694e-03, -3.156994340387608e-02, -7.400726056953604e-04, 1.409492205575311e-02, 4.670898321013607e-03, 6.907845840089679e-03, 1.099391321895710e-02, 1.117368822184567e-03, 3.259452770401592e-01, -5.267414773050152e+00, -4.094249994900938e+00, 5.641011140993671e+00, -3.051917230503581e+00, -1.429780407669865e+00, -1.825230076271717e+00, -2.462102328378899e+00, 2.557782586873377e+00, 2.424629611939248e-01, 7.136333686324463e-01, 2.170798419835419e+00, -4.667178938078567e-01, 1.527965810974201e+00, 4.828025249053507e-02, 3.623297081465157e-03, 4.146794627978009e-02, -1.965732896631965e-02, 8.646644189579990e-02, -5.695485529751304e-02, -1.490671501435355e-02, 1.520150211521180e-03, -1.842872583670041e-01, -1.707640705220753e-02, -1.226115994266807e-02, -3.144809498146165e-02, 3.460084673410341e-03, -4.611099253398106e-02, -3.423382667803609e-03, 6.325856261735690e-03, -5.395681003843240e-02, 7.537530406342406e-02, 7.519121576597684e-03, 1.667131636239394e-02, -1.109395242053061e-02, 2.069741872464133e-03, 2.498061414370927e-02, 8.491134687213334e-03, -5.069135891683707e-03, 3.919585232507911e-03, 1.533856240202657e-03, 9.728856231791467e-03, -2.551358377958614e-02, 4.661618406635717e-03, 3.657733272669704e-02, 7.639720561765424e-02, 2.299898769549873e-02, 8.299891530392717e-05, -2.475697870891234e-02, -4.541989181915020e-03, -1.074524966840138e-02, 1.638862626174051e-02, -7.969949464976672e-03, -1.264764416513603e-02, -1.535643986199708e-03, -5.450386121266324e-03, -3.121111632959710e-02, 8.966661935126834e-03, 1.549748372991441e-01, -3.891992231527829e-02, 5.588643164564470e-02, -5.723220416209315e-02, -7.503407202121637e-02, -7.538622808557172e-02, -5.463919652130395e-03, -3.989012698246845e-02, 2.168886923442820e-03, -6.831456170050054e-03, -1.105303223578948e-02, 9.061860561783951e-03, -1.162633532682213e-02, 3.242761855999167e-03, -2.523830098128055e-04, -6.758485824730906e-02, -2.810905013907853e-02, 1.756841292909169e-02, 3.107946914583057e-02, 1.427459419551933e-02, 1.105570528588479e-02, 1.388455184673409e-03, 3.551969040849300e-03, 1.448547837760855e-01, -3.758384255023227e+00, 6.894765967876048e+00, 7.896060197617129e+00, 1.992747442905933e+00, 3.881699199681416e+00, 2.845455667562704e+00, 4.797581140295600e-01, 6.113966881483450e-01, -1.110565501771239e+00, 2.060371442398356e+00, -1.285173092057025e-01, -2.678201190391564e-01, 9.111188248473398e-02, -2.823049526254889e-03, 7.791039141266252e-02, 5.808963635781558e-02, 6.766213363289664e-02, 6.510115955839693e-02, -1.459697902390369e-01, -5.412918738008186e-02, -2.838959961627126e-02, 4.195813878924089e-03, 4.399696915744584e-02, -2.600037447752765e-02, -3.027689594013858e-02, 8.174361515880245e-03, 3.446617872212944e-02, -2.023413052691201e-02, 3.525199642478431e-03, 3.644540355940697e-02, -3.004217755661437e-04, 1.623955928182148e-02, 1.940764773557367e-03, 1.169609047300352e-02, 1.051523775726635e-02, -2.570900768358717e-04, -7.651195162284432e-03, -8.708105925856200e-03, -1.364134115658848e-03, 1.314057315597302e-02, -2.790390298698859e-03, -7.774226323893745e-04, 1.137566804695982e-03, 2.470980526703012e-02, -4.183934011162026e-02, 1.193517740572348e-02, 1.106091501357895e-02, -1.948965066565989e-03, -1.616509827490324e-03, 6.876718967847299e-03, 6.796542884308730e-03, 6.792145602638023e-03, -1.277681973808424e-02, 5.789415927711531e-03, 4.371934069478567e-03, 1.636066618527653e-03, 1.486368927333444e-04, 5.921133093330083e-03, 3.686316520114086e-02, -5.476030631773987e-02, 1.829653906202569e-02, 1.215195519160205e-02, -7.908172887866934e-03, 3.375737346491596e-03, -2.160441247476511e-02, -1.106704526473040e-02, 7.317399385584313e-03, -5.218979466045688e-03, -6.607162876067073e-03, -3.644308973598268e-03, -5.511216367923474e-04, -5.283813879201155e-02, -8.677263432055330e-03, -1.174444683898472e-02, 1.315944486565654e-02, 8.571783261195284e-03, 4.484434102072606e-03, 1.878672829752765e-03, 4.174449945948573e-03, 1.335757334010768e-03, 3.097141195130556e-03, -3.258212055817909e-01, 4.524353293193977e+00, -7.199524979821038e+00, -6.856400705109801e+00, -9.064999670156865e-01, -1.228854517900473e+00, -4.535852524061749e-01, 6.413998934418706e-02, -6.619140280548479e-01, -3.354099528991868e-01, 8.817430925365951e-01, -1.526291835374239e+00, 2.231158190504541e+00, 3.316450800159180e-01, 1.852686865983547e-02, -6.751126907688569e-02, -1.227426112077760e-02, 9.601410576510688e-02, -4.695555392942632e-02, 8.888506254858873e-02, 3.443090467163940e-02, -2.388816441660457e-02, 5.762499338662086e-03, 7.999373897351315e-03, -5.609730423876658e-02, 7.204713105741305e-02, -8.307905257813059e-02, -4.810710011392137e-02, 7.633279927347127e-03, -2.123091282366987e-03, 1.041027727108418e-02, 7.509181625906696e-03, -2.769958290380179e-02, -7.559210626682960e-03, 6.579478124198295e-03, -6.972907606521295e-03, 2.796781862983092e-03, -1.350565092976281e-03, 7.732762858033203e-03, -3.315944449698979e-03, 1.518183804985647e-02, 1.122835026661526e-02, 1.773955707969712e-02, -2.720938665469378e-03, -1.637334224042838e-02, 5.309821854680897e-02, 6.785705196933749e-03, -7.900353933724144e-03, -6.775096125925018e-03, -6.202615604981258e-03, -1.344248604425022e-02, -1.455873905388423e-02, -1.139276377795033e-02, 9.313683893515038e-03, -4.692422583159467e-03, -2.094658048300645e-03, -8.327785434853794e-03, 5.507757906265311e-03, -3.832264276326855e-02, 6.204331313263127e-02, 1.526978843921976e-02, 3.050318573562667e-02, -1.537647976404916e-02, 4.114491901016544e-02, -2.689729326721262e-03, 1.277266551300196e-02, 1.290663445937171e-02, -1.168810158107706e-02, -2.379888896407538e-03, -2.237513734754032e-03, 3.863224366689395e-04, 2.616447704162296e-04, 3.337633328008255e-02, -2.235874891352088e-03, 1.460374910993554e-02, -1.074523556406044e-02, -8.400731642296322e-03, 5.758921492611302e-03, 1.351439247136014e-03, 3.812278549532607e-03, 3.018349557538657e-04, -6.568480475990333e-03, -1.945143120338108e-03, -1.502401249294457e-01, -1.797962772054063e+00, -2.577850414839311e+00, -5.674418669007487e+00, -2.014527193642912e+00, -7.975217700690191e-01, -1.372117216965638e+00, -2.816830633947091e+00, 1.684732619962409e+00, -1.405980176762776e+00, -1.068482316673940e+00, -8.587940030280974e-01, 1.795011132131692e+00, -2.895383389281617e-01, -2.189746097471188e-03, -2.574944231422932e-02, -1.446848347705479e-01, 2.480433524784223e-02, -1.744505134734239e-02, 4.841475004419610e-02, 3.523794326470013e-02, 1.360397780051717e-02, -7.477588690937920e-02, 2.114406825563849e-03, 4.740438182861378e-03, 2.402730406872773e-02, -1.821120252773901e-02, -1.876173071909613e-02, 5.847650517230099e-03, 2.660517713071740e-03, 7.414464401713568e-02, 2.100643911002556e-02, -1.311697701707980e-02, 2.293243055162218e-03, -6.088199564577586e-03, -3.849281909553746e-03, 2.450669904294343e-03, -1.266975958828019e-03, 4.587203351841846e-03, 3.034145359808350e-03, 1.769109755402964e-03, 3.439797497592525e-03, 2.202533781969049e-03, -2.652890331681735e-04, -8.515575366256502e-03, -1.846572922335619e-02, 2.374826128271144e-02, -1.929434769745100e-03, 1.366603963979540e-02, 6.486597392582338e-03, -4.178025654684684e-03, -8.470267995039752e-05, -1.845651202855528e-03, -2.148673790754930e-03, 3.920846878072663e-03, 9.093352962921954e-05, -4.063741603881232e-03, 3.213289815802328e-03, 4.005339157231728e-02, 6.961397600634843e-02, -1.923481974022478e-03, 2.752140186830471e-02, -1.207326201266908e-02, -1.326712924747626e-02, -1.889409262190275e-02, -1.801157275797683e-02, 1.133497372026208e-02, 9.464390470882204e-03, -9.688533307666987e-03, -6.038405253238929e-03, 8.553671192403619e-04, 4.753055159781731e-04, -1.317288711894951e-03, 2.433980963874422e-03, -1.197949355879151e-03, -2.925358597621951e-03, 4.941738310315662e-03, 1.416321636595850e-03, 2.914774947875767e-03, -8.328102460518852e-06, -1.646374387622428e-04, -9.495890651314211e-04, -3.129458643994878e-03, -1.382699614245542e-04]
