elements:      [Ir]
cutoff:        7.0
pair_type:     gaussian
feature_type:  gtinv
model_type:    4
max_p:         2
max_l:         12

gtinv_order:   4
gtinv_maxl:    [12, 8, 2]
gtinv_sym:     [0, 0, 0]
gtinv_version: 1

electrostatic: 0
mass:          [192.2]

n_pair_params: 6
pair_params:
- [0.5, 0.0]
- [0.5, 1.25]
- [0.5, 2.5]
- [0.5, 3.75]
- [0.5, 5.0]
- [0.0, 0.0]

n_type_pairs: 1
type_pairs:
- atom_type_pair:      [0, 0]
  pair_params_indices: [0, 1, 2, 3, 4, 5]

type_full:    1
type_indices: [0]

n_coeffs: 4062
coeffs: [-9.849863292741063e+00, -3.916167222833421e+01, 3.091496320702012e+02, -7.220935567475880e+01, -3.008815985230802e+02, -1.279739613400540e+02, 6.837351123043791e+01, 4.992939730580198e+01, 3.455655241282818e+01, 8.760912153446998e+01, -9.260296056197680e+01, 2.166673305694712e+01, -4.532293427991469e+01, 1.266056040764331e+01, -3.362412342985457e+02, 1.776597518430001e+03, -1.648072099789407e+02, -4.420496038819651e+02, 5.224033167605262e+02, 1.199887094717622e+02, 1.370619051270063e+02, 1.807261345434879e+02, -4.879518024140772e+01, -9.056051934765269e+02, 2.278235337656254e+03, -1.094770631678319e+03, -1.011559149032735e+03, 6.066287089732984e+03, -3.195185243524977e+03, 7.045014252795181e+02, -4.720997652655038e+02, -1.115039187761555e+03, 2.958256265015706e+03, 7.471545090525947e+02, 2.842457328639008e+03, -3.069392153551074e+03, 5.614232119842918e+03, -3.099373470012688e+03, -4.985766988966314e+03, -1.863889228814294e+03, 3.764208689316070e+03, 3.386142608606095e+03, 2.826861074019549e+03, -2.675030543962143e+02, 1.625369409568556e+03, -2.187429230702765e+03, -1.315870637858295e+03, -9.331047582479628e+02, 1.993509411376858e+03, 2.255968828236180e+03, 5.382351429297428e+02, -1.305369606410863e+03, -1.482963926221566e+03, -1.583226471946600e+02, 7.257228989551165e+02, 8.370069410161108e+02, -1.016561171185052e+01, -6.937466651104637e+02, 7.098555183895318e+02, -2.503201306185134e+02, 8.537887473862969e+01, 1.846274671954965e+02, -1.330094170994749e+03, 1.105739726983904e+02, 2.166887266789116e+02, 2.562217678187773e+02, -8.399247288622540e+02, 3.795817472089683e+02, 1.381584791197568e+02, -7.727660485494001e+02, -1.271223914897955e+04, -9.431188258618313e+02, 4.262673697974385e+04, -8.550123178097023e+03, 4.576390647670193e+03, 3.724122769067506e+05, -3.770792969694392e+04, -6.661939746262638e+04, -2.566162269163777e+03, -2.841122200552319e+03, 5.448647536313327e+03, -1.944609762850725e+03, -9.041513361183182e-01, -4.001832172244396e-01, 8.733515538370121e+00, 1.625024296288132e+01, -2.430786717178400e+01, -1.367129176703815e+01, -3.041073331163144e+00, 1.653566979731640e+00, 8.545178958327543e+00, -1.678273911162716e+00, -2.044338400248568e-01, 1.881236319237661e+00, -1.679346907823502e+00, 7.020175507136440e-01, 2.511815706836716e-01, 9.482784039943587e+00, 6.450285737567512e+00, 1.194388589838177e+01, 1.253376793434419e+01, 4.280707350500835e+00, 5.206389351410021e-01, 2.462080822350297e+00, -2.893513335400695e+00, 2.324321748906510e+01, 1.573935242795988e+02, -7.304195174154215e+00, -5.940352182659197e+01, 4.758472442646047e+00, -2.422764455178240e+01, 9.286377569746501e+00, -3.135990451420949e+01, 2.436915367232639e+01, -1.738883557936270e+01, 8.994001696227879e+01, -5.796112972754496e+01, -6.627211072680080e+01, -3.692343073513173e+01, 8.001638651740594e+00, 1.961006676489646e+01, 6.948939898973162e+00, -1.070735427122372e+01, -1.006990552462808e+01, 2.099910005746300e+01, 3.316843592191783e+01, 7.092687424133051e+01, -1.685361912572370e+01, 1.616633579137804e+01, 6.915600252474690e+00, -1.033952931561721e+01, -6.755937614498303e+00, -1.919584970394369e+01, -2.569353004170548e+01, 5.096772496645562e+00, -3.188321069830534e+01, 5.853601498025438e+00, 1.032729896724826e+01, 3.135387005574012e-01, -1.780006878005050e-01, -1.063924244614539e-01, 1.531658085348843e+01, 1.829848403806521e+00, -6.402171437300963e+00, 2.883424916974211e+00, 2.124373855175130e+00, -1.682747065828349e+00, -1.685223070669294e-01, 1.370169223495845e+00, -1.017248751042993e+00, -7.448366992050409e-01, -9.525963616611645e-02, 5.001052883773063e+01, -2.072676317863185e+01, 1.786677977388623e+02, 8.027613761581776e+00, 1.796827220626577e+01, 1.462203191884543e+03, -1.634133534735200e+01, -1.447744162573277e+01, -8.725361136364199e+00, -9.660261871700788e+00, 1.852624864792093e+01, -6.611989667715542e+00, -2.740179098487689e-01, -4.133194729063994e-02, -7.506819953721005e+00, -3.210904821144778e+00, -3.305312564706374e+00, -2.719358512065500e+00, -2.773508685940605e-01, -2.852013742340722e-01, 2.225365519721627e-01, 3.296974568439306e-01, 3.223342748655273e-01, 7.550974125734024e-02, -2.500412815822792e-01, -2.077359528699912e-01, -1.551379640198620e-02, 9.123441520809059e-01, 8.445216228884438e-01, 5.034362537579480e-01, 3.270294197346686e-01, 4.666962368656673e-01, -1.390817095755910e-02, 2.011883884028544e-01, 5.069872343155903e-02, 4.552692832269236e+00, 6.552614181913051e+00, 1.911072281715085e+00, -1.312881301261958e+00, -4.507597520177813e-01, -4.424937387492668e-01, 4.240634504510216e-01, -3.408553636746078e-02, -1.052491958958708e+00, -2.822568139829528e+00, -1.703136094962737e+00, 3.137378171430750e-01, -1.457636786495791e-01, 3.118651517315908e-01, -7.145830233974945e-02, -6.116089136071056e-01, -1.434434650988755e-01, 5.466485414466653e-01, 2.006906142578512e-01, -1.282400853575939e+00, -1.457787081412300e+00, -1.074410310101675e+00, 9.932531474919136e-01, -9.506822657192138e-01, 4.046733097452115e-01, -7.285037448368417e-01, -4.314268208682359e-01, 9.069882049642636e-02, 1.574840827247516e-01, -1.098492144506393e-01, 3.869397886136906e-01, -3.010614808139550e-01, -3.971228221929251e-01, 7.877641284985014e-02, 2.093852734319904e-01, -1.563617874197361e-02, -6.886908480231908e-01, 1.041820215007853e-01, 9.401531869769182e-01, -4.047992660210480e-01, -1.808035755278809e-01, 2.500824879047492e-01, -3.218022903881402e-01, -1.085483931503947e-01, -1.217289499486844e-01, 2.000367657311523e-02, 1.238772704887625e-02, -2.480138155320311e-01, -7.912504990427340e-01, 4.287533779425577e-01, -4.573278749745753e-01, -4.320638205976824e-01, -3.516000060879313e+01, -1.200191335183671e+00, -7.176376580643608e-01, -2.448849668443185e-01, -2.711264399732797e-01, 5.199551576681487e-01, -1.855733156346946e-01, -3.736999298907216e-02, -2.496627406602365e-02, 1.305052966943514e+00, -2.259072257460611e+00, 4.129669175327645e-01, 6.575615089817967e-01, 1.782224642161875e-01, -1.497471101794103e-02, -8.630961560782625e-01, -3.789657804026332e-01, -2.965183026523436e-01, -2.483754349584504e-01, 2.691068884410414e-01, 1.602848457201081e-01, 4.219158953382963e-03, -1.250842012609277e+00, -8.224424599251382e-01, 7.624847224089000e-02, 2.819061035791355e-01, 3.479531195495581e-02, -7.323958545650200e-02, -1.165289335494232e-01, 4.669827979576718e-02, -1.501657827298977e+00, 1.858642765338252e+00, 1.281569650496222e+00, 1.509837789456586e-01, 3.548954574466572e-01, -1.793935352806814e-01, 9.798736531326607e-02, 9.149050713032745e-01, -5.008004189016094e-01, -3.939099789534036e-01, 3.381360672205312e-01, 1.644411946822828e-01, -7.739995637747664e-01, -1.859150367196698e-01, -4.043921970145456e-01, 8.770244656368907e-02, -4.362366809054068e-01, -4.093968417837868e-03, -1.063543799895762e-01, 2.679868578076782e-01, -1.088966726091025e-01, 8.491407020875049e-01, 1.029979286598382e-01, 2.846720194822167e-01, 2.510969906320133e-01, 2.939187645582137e-02, 6.649417313535241e-02, -8.910464331038233e-02, -3.091133023511616e-01, 2.332173669263268e-02, -1.822907472543013e-01, 1.015754729419007e-01, 3.834938470958343e-02, 7.043166685970522e-03, -3.117342183020058e-02, 4.341897044163676e-02, 4.019950243304159e-02, 2.843468348425334e-02, 1.177033163932004e-01, -7.889978858588219e-02, -2.516388610677289e-02, 5.003812662643976e-02, -1.108961258370910e-01, 3.107367484623901e-03, -6.179041337060822e-02, -4.951361684416206e-03, 9.128634709192934e-03, 6.636960395480170e-02, 2.282966967068795e-02, 7.584403408620561e-01, -4.569364018719594e-01, -1.567642838816606e-01, -1.275691559811466e+01, -3.786420261774866e-01, -4.097025809925238e-01, -1.712850334111316e-01, -1.896378732020841e-01, 3.636842065837724e-01, -1.297980490965039e-01, -3.871659251531899e-02, -4.483525873522475e-02, 8.415553740627011e+00, 5.596194501630023e+00, 1.353182045488496e+00, 3.619726234175121e-01, 1.690757091802042e+00, 3.536289934217620e-01, -5.178846396754470e-01, 1.626436901730828e-01, 2.697847634222552e-01, -1.808119144929635e-01, 4.531942637710754e-02, 1.597405134517008e-01, 2.318756491403418e-02, -3.401889576010096e+00, 1.857068164555828e+00, -1.447731310483250e+00, -2.175725431607219e-01, -8.708125168833044e-01, 1.047968590077827e+00, -2.139459052419075e-01, 1.512333136274487e-01, 8.601940706167847e-01, 4.187383824800654e+00, 2.608583683066251e+00, 2.324316799118725e+00, 7.453922641913885e-01, -5.150186985278733e-01, 4.446583566312498e-01, -2.834321757683561e-01, -1.273843707215295e+00, -1.081512180036610e+00, -2.125349107197148e+00, 9.224099397110562e-01, 7.546811743641136e-01, 9.368297811664392e-01, 4.499225331824196e-01, -7.938717850268970e-01, 4.765005638189539e-01, 4.291405067544481e-01, 7.174318097234313e-02, -7.385404272253135e-01, 2.051684817477897e-01, -6.979651993415367e-01, -1.009816055167133e+00, -1.066202923534977e-01, -2.625670339463826e-01, -1.499035416367161e-01, -1.073897408890790e-01, 7.211396743858293e-02, 1.249277452131420e-01, 2.459436551907341e-01, 6.198566362350661e-02, 3.688296945362852e-03, 1.899453550303699e-01, 2.311473549056456e-01, 8.767181658804851e-02, -4.084817486064415e-02, 1.742347716497495e-01, -2.071494289145539e-02, -3.759863264884958e-01, -2.081762607847132e-01, 1.014675748629571e-01, 6.408353589267106e-02, 1.080240827737620e-01, -1.969328762720428e-02, -5.289053464441289e-02, 1.649638702082213e-02, 6.311643169593917e-03, 1.670778021106934e-01, -8.389483699864084e-01, 9.210276479977455e-01, 2.717156455960205e-02, -2.139148909815631e-01, -1.740795735928041e+01, 1.167843325454740e+00, -4.412100119903100e+00, -4.414764750007846e-01, -4.887828683907330e-01, 9.373749370221801e-01, -3.345491738834843e-01, -4.995650077743012e-02, -6.085988392743649e-03, -3.297691535017488e+00, -8.097708504871792e-01, -4.988633611053055e-01, -6.586829133627027e-01, -5.038627507270158e-01, -8.678607511142976e-02, 6.034798604379838e-02, 1.872152424640216e-01, 4.967143157805826e-02, 8.440386585812763e-02, -5.614627673173978e-02, -7.486368221964068e-02, 1.007239343290244e-04, 2.259815979321996e-01, -2.485549337190921e-01, 1.000022324170051e-01, -3.079771923788197e-01, -7.839166239554536e-02, -2.343682638838352e-02, -8.392542845962780e-02, -1.469326506833329e-02, 1.029944582298244e+00, 2.374854512292524e-01, -2.176879867779358e-02, 3.576640079654705e-02, -3.050059167470962e-01, 2.983021709160185e-01, -8.292980907051115e-02, -6.732778908413788e-01, -1.134043561879104e-01, 4.000481889787368e-02, -2.297864348377298e-01, -3.077630259815766e-02, 3.329174073455718e-01, -9.106711356159121e-02, 2.008952619383928e-02, 1.550132839710315e-01, 1.686031148597140e-01, -1.100970201378382e-01, 3.524812369764662e-02, -2.263154833366222e-01, 1.142716874993940e-01, -1.434867151245653e-01, -2.094957809320937e-01, 1.104598568283323e-02, -1.696074744244781e-01, 3.747827358210572e-02, -8.160303058232308e-05, 2.039873741193211e-02, 5.279811462963247e-02, 8.686032110502612e-03, -2.312217109335619e-02, 7.178943742561299e-03, -2.348182384530161e-02, 3.359294124630013e-02, 3.783292690775570e-03, -1.423059863091800e-02, 4.134396371058584e-02, 2.018827846042679e-03, -7.812785147921179e-02, 4.051543600871166e-02, -8.680870257611092e-03, 1.521315211947532e-02, 2.288277567507300e-02, -7.044787215459365e-03, 1.258177515348488e-03, -1.291536727270076e-03, 5.665825550092648e-04, -1.903844234171912e-01, 5.851672598807176e-03, -2.047810201244143e-01, 1.545224224651261e-01, -2.173091721345908e-01, -1.768393731248659e+01, 2.336755512895113e-01, 7.013270508808916e-01, -4.555186794722085e-02, -5.043266441453346e-02, 9.671879384504609e-02, -3.451871394487224e-02, -3.916165276364132e+01, -3.362435420245506e+02, -7.727658005378604e+02, 1.776597974318997e+03, -1.271223821032244e+04, -6.082365215660926e+03, 1.648077050237669e+02, 9.431199423558260e+02, -5.018426090499094e+03, -1.654258121280650e+03, -4.420495276066959e+02, 2.857318312180045e+03, 2.441826960114733e+03, 1.150567228952416e+03, 1.816636219817609e+03, 5.224030138078901e+02, 3.981770869820647e+03, 2.643296619202787e+03, 1.298098446268275e+03, -2.787772766121863e+03, 8.429926724123525e+02, 1.199882354083950e+02, 2.233020656745296e+03, 6.301919310255071e+02, 3.518190434824836e+03, 3.177078682079744e+02, -1.238240956904092e+03, 3.199259688036790e+02, -1.370621707942081e+02, -2.690608703996789e+03, 3.742702180722675e+03, 1.386289220033882e+03, -1.984869342281519e+03, -2.522679726022440e+03, -2.167591302018376e+03, 1.802247813859144e+03, -1.807265693669921e+02, 1.977364139392481e+03, -2.813431985015803e+03, -4.252464487598825e+03, -2.150310072662536e+03, 5.264744540377033e+02, 2.338133751413348e+03, 1.207285105046095e+03, 1.410141072417091e+03, 4.879491706553131e+01, 1.319424793456408e+03, 2.536060628679146e+03, 1.526149930551100e+03, -8.559180964087195e+02, 2.205865394525023e+03, -1.206733364157141e+03, -1.496841343665516e+03, 1.315781609784811e+03, 1.316469135601179e+03, 1.507267245421104e+02, -4.703254398207312e+02, 3.670410202871308e+03, 1.219580217544717e+03, -1.511089936876894e+03, -2.207757868343543e+03, -8.608092900619246e+02, -1.630088895805667e+02, 5.411090162382384e+01, -4.701655420429558e+02, 3.609175505940476e+02, 9.557996891815925e+01, -2.053824529684674e+03, 4.360106599589370e+03, 7.520470171503871e+02, -1.059430762569935e+03, -3.612192621686949e+02, -1.019440483904010e+03, 4.675898022002968e+02, 9.424690959845063e+02, -1.846076579950391e+02, -1.168976882313949e+03, 3.436394735651829e+02, -1.614600650120313e+02, -5.743855978004874e+02, -1.545673131069144e+03, -2.033635615637363e+03, 9.888305512176229e+02, 4.000909592283536e+02, 9.071196629287942e+01, 1.209940430813656e+03, -8.341177750819195e+02, 8.158957646069981e+02, 8.656818094653125e+02, -5.760849062358731e+02, -2.506908040749138e+02, -5.361531658669040e+01, -1.171484832847519e+03, -2.782071640914891e+03, 7.035711200853287e+02, 1.321049296611465e+03, 5.181908770250629e+02, -1.311856146301260e+02, 3.026660765162905e+02, -1.019917321938877e+03, -5.826168393853468e+02, -1.084573010771820e+01, 6.423568069039911e+01, -4.041064074672437e+02, 4.639119789203663e+02, -3.603407399347376e+00, -3.301701562110691e+01, 7.407436764042743e+02, -4.627058517758770e+01, -7.009095139255052e+01, 1.640543357352334e+02, 4.900360680013584e+01, -1.077108168083867e+02, -4.004235637291541e+01, 1.543371828365295e+01, 5.017941210259159e+01, -1.220566520911947e+01, 8.407226228683172e+00, -2.895398873888911e+01, -4.001831759500319e-01, 8.614557078349037e-02, -1.243249378022914e+02, 4.930501373111719e+02, -6.180222610482032e+02, -1.793092880200120e+02, 3.004402132161044e+01, 1.733646284071649e+02, 1.366411598078113e+01, 6.414126780726862e+00, 8.467928240898122e+01, 1.314877935205307e+02, -3.534056332312429e+00, -2.299882313907156e+01, -1.088350647286274e+02, 2.511813771337106e-01, -9.525966729750206e-02, 3.715174208786331e+01, -9.462894932498795e+02, 3.895385638147277e+03, 2.750431283588808e+01, -2.058680169064949e+03, 4.990867504415478e+01, 3.831742147166552e+02, -2.346179616124899e+02, -9.031395249930085e+01, -5.304545807152684e+02, -3.810519548949881e+02, 1.128321949623959e+03, -3.272084675870425e+02, -5.474094179050363e+01, 9.482743660095741e+00, 5.001050957563287e+01, -2.388115036777984e+01, 1.157804998410183e+02, 2.482033124525608e+03, 2.117840383005721e+02, -6.359784985295084e+02, -2.164336320080033e+03, -4.712951358017625e+02, 7.796885280082378e+01, -1.671268298595224e+02, 1.633979601607287e+02, -1.790275265029946e+02, -2.667853448901773e+02, -2.887099276661496e+02, -3.002032524417976e+02, -1.984994097158571e+02, -6.450300659800186e+00, 2.072674454291349e+01, -2.596647598880035e+00, -5.624757849670364e+00, 2.046652983512945e+01, 4.403356548481433e+02, 2.436827765264749e+03, 2.698441852311912e+02, -7.378880075991307e+02, 2.876598772203723e+02, -4.675098062959116e+02, -1.758055438875626e+02, -2.459324931820368e+02, 2.182808816840593e+02, 2.118065747499876e+02, 3.947727632177517e+02, -1.145009701696827e+02, 6.524785666978056e+00, 1.194386859975181e+01, -6.873338526402335e+00, -6.900806723261776e+01, 6.618432860017350e+00, 1.089112119675275e+01, 2.589387103744990e+01, -1.003561646383436e+02, -9.984068408465054e+02, 1.338213833967682e+02, 3.587224546657433e+01, -1.538630107198608e+02, 2.674574257869599e+02, 2.490568589868841e+02, -3.450213799392429e+01, -6.992036021617156e+01, 6.366984809676821e+01, 4.856501134501080e+01, 2.496323881265270e+01, -5.474022692875958e+01, 1.253374574035715e+01, -1.084226003318999e+01, 1.029035454107497e+01, -6.547516446727759e+00, -2.132795267868807e+01, 8.114821310637058e+00, 5.576273950577399e+00, 1.681915622224483e+02, -1.227257606971488e+03, -1.715800712401131e+02, 4.855693629674143e+02, -5.328066060382404e+02, 1.757427208508475e+02, -3.713764494601281e+01, 8.363020069565241e+01, 1.500028263403232e+02, -2.460825391373501e+01, -3.722674114164673e-01, -1.331978956609010e+02, -2.688730544601957e+01, 4.280720943568975e+00, 2.018449118938938e-01, 2.268927012189828e+01, 6.155254500147707e-01, 1.438526950814912e+01, 3.531387037765057e+00, -6.821583504591660e+00, 1.895999113841399e+01, 2.554949212251897e+02, -1.586883677451433e+03, -4.415337696686885e+02, 3.129545973245922e+02, -1.698900850987239e+02, -6.882037095833498e+01, 1.530080288998013e+01, 3.358025006894745e+01, -1.610069855119774e+01, -1.716745952187464e+01, -5.084908092948713e+00, 1.506393652085203e+02, 6.611476383029795e+01, -5.206211258067317e-01, -5.129722684630005e-01, 1.584043611178260e+01, -1.034840793272686e+01, -9.814654456254899e-01, -3.962146616135666e+00, 4.832141354411124e+00, -2.580975663804808e+00, 2.398748366880486e+01, 1.152045416715479e+02, -9.271451105789871e+02, 3.406728045067510e+02, 1.301838192404139e+02, 6.085344601648156e+01, -3.095831481263400e+02, 2.737997335346948e+02, 2.247797746412451e+02, -2.669139144656181e+01, -1.248457301443277e+02, -2.425504748567053e+02, -6.302115002611792e+01, -6.149119738655595e+01, -2.462070619285439e+00, 4.093860783829927e+00, 1.421896731260101e+01, -6.970353501669277e+00, 1.009777228764129e+01, -7.625012366422388e+00, 2.577788748671119e+00, -8.163711306336165e+00, -5.684202835662497e+00, 1.417397195874625e+01, -2.519724653958579e+02, -8.776367129905532e+01, -8.196973228925789e+01, 7.743971510605239e+01, -3.387752359077130e+02, 3.704792986745282e+01, 2.012291880033571e+02, 1.536066906897717e+02, 2.694424462780788e+01, -6.748153342190825e+01, 3.593105473653605e+01, 9.546941427552673e+00, -5.933687454433493e+01, 2.893521118069054e+00, 5.474176116528964e-01, 1.145706488312566e+01, 1.504193961884753e+01, -6.875680052564123e-01, -2.953840521881915e+00, -4.571287618395429e+00, -9.607897276432661e+00, -7.016611000014742e+00, -4.665640196156070e+00, 1.109885016990438e+01, -3.805794258793791e+02, -3.534293151916386e+02, 1.417387893106860e+01, 6.282471014305797e+01, -2.232700521297873e+01, -5.294595295019102e+00, 1.098589974828598e+02, 1.649790240987454e+02, 9.292403318430109e+01, -2.130175794787516e+01, -5.857592486711754e+01, 1.413608287980812e+01, -6.020352635722868e-01, 5.088018392691551e+00, -9.338744915737285e-01, 1.864430080308703e+01, 1.822390670480553e+01, -5.905328307579037e+00, -7.525453679407353e+00, 4.165051078573570e+00, -7.297874201008641e+00, -5.164942117145403e+00, -7.150205565683775e+00, -4.881663142113458e+00, 8.715959682894546e+00, -1.331050629580380e+02, -3.423011448384990e+02, 2.153971471730706e+02, -7.943007768992338e+01, 4.066543062988696e+01, 1.684645348424668e+01, 6.316047376474844e+01, 1.018935100393485e+02, 1.108891459505358e+02, -4.825460478659224e+01, -4.348917333093999e+00, 1.289733951357150e+01, 4.515870551585090e+01, -3.257136584451690e-01, -1.641622693814299e+00, -2.208400001666782e+01, 7.862470022900482e+00, -9.124900290008751e+00, -1.302368770057785e+01, 4.079186438796778e-01, -5.740559312684024e+00, -3.079052705618787e+00, -5.578179400976017e+00, -3.741566908196120e+00, -2.716404386932424e+00, 1.129212724558327e+00, 2.373803661216400e+02, -7.489306784163236e+01, -7.910352334336645e+01, -5.250910208742211e+01, -1.708035209939726e+02, -9.157600868244099e+01, -2.734914265253046e+01, 1.257257966834474e+01, 1.127083818337595e+01, -6.503239752700328e+00, -4.555734193789320e+01, 1.295419365250627e+01, -1.624149748293532e+01, -8.535768307585102e-01, -5.680527080092155e-01, 4.153739498236735e+00, 7.127626845148944e+00, 7.832464625783132e+00, 6.788381896245733e+00, 6.545335283138743e-01, -1.611608605313172e+00, 5.754573707176188e+00, 3.362092264491668e+00, 5.156069551107842e+00, 4.624098430166957e+00, -2.080687835080282e+00, -8.858350597502669e+00, 1.260379026778805e+02, 2.259475886642933e+02, -1.790485348115681e+02, 7.302400329543930e+00, 1.526788454163670e+02, 1.454938157074974e+02, 5.162850248463094e+01, 1.027853265747124e+01, 8.296897292402106e+01, -2.709061017535240e+01, -1.147795681647064e+02, 1.164136595922867e+02, 5.868217488880623e+00, -1.884717569357019e+00, 4.574251291316336e+00, -4.704613966567868e+00, 9.638575274398281e+00, 2.701929635585070e+00, -1.161418522923340e+00, -5.522713429981084e+00, 1.845031632124504e+00, 5.726607120637422e+00, 2.449582026689891e+00, 2.461909193159340e+00, 3.020202222683081e+00, -1.836335378380193e+00, 2.785450993493744e-01, -2.932537759399170e-01, 1.045816785637718e+00, 1.771718001285171e+02, 3.138128377658911e+01, -5.852330980111455e+01, 2.547958233694985e+01, -7.181275723212864e+00, -1.783374605905374e+01, -1.278093084838544e+01, 1.402058387806612e+01, 8.161159110314181e-01, -1.307821980474616e+01, 1.019058606500943e+01, 6.404567717480918e+00, -9.544975931275128e-02, 4.080258936161164e-02, 1.411456993546045e+01, -5.413983594042114e-01, -1.056247252858553e+00, 4.946963543692128e+00, -6.098353814079526e-01, -3.049746177932355e-01, -1.030457066669449e+00, 8.181593608777717e-01, 2.177712977920121e-01, 1.765346811482458e-02, -8.738752208543971e-02, -1.659614062284806e-01, -4.133190734269442e-02, 3.895184684276968e-01, -1.362284646280393e+01, 8.929787950867785e+01, 2.862136209904051e+01, -4.407519219351364e+01, -5.602308518225590e+00, 2.232930078552387e+00, 1.926590580960918e+01, -3.013277762203292e+00, -1.934535907774636e+01, 1.053629045751775e+01, 9.989011320064327e+00, -8.958361460714610e+00, 3.002928272456411e+00, -1.294345608258765e-02, 9.864816113378351e-02, -5.419094383499745e+00, -4.041927857109265e+00, 2.225413539127352e+00, 2.163136927861770e-01, 4.523213229135216e-01, -1.213194922624709e-01, -2.233235114879019e-01, -3.375180529901629e-01, -1.113269534801949e-01, 5.747783719148452e-01, -1.085522007060831e-01, -2.434553651605989e-01, -1.551417732162341e-02, 1.238755864135034e-02, 9.200640347532368e+01, 1.012070751963944e+02, -1.572400251646052e+02, -7.417354860876040e+02, -1.836888881607103e+02, 1.990379222496744e+02, -8.319479985793980e+01, 1.814196002583803e+02, 8.858189597691677e+01, -8.353526299996021e+01, -1.512336342143276e+02, -3.035516996865741e+02, 1.220683214881683e+02, -5.847652606139550e+01, 4.689807132345622e+00, -3.618672775888614e+00, 5.137327352228990e-01, 1.939179546417699e+01, 7.117906198306538e+00, 6.084224498867341e+00, 7.735181697515400e+00, 3.555404683029268e+00, 1.634799905203523e+00, 1.779565569383112e+00, -4.467901505777659e-01, 3.475580743198714e+00, 1.162969624865763e+00, 3.231330923518960e+00, 9.123513333569597e-01, -2.480184352199198e-01, 5.742432151401601e-01, 7.196136703462912e+01, -7.139362621364073e+02, -1.062615484305774e+02, -1.762276997135560e+02, -2.997776219666318e+02, 1.532503640419508e+02, 1.289651156648216e+02, -3.608972775536967e+01, -1.431618813605312e+02, -1.954452886437153e+02, -8.181578428233973e+01, 2.333910173896553e+01, 1.316132056937880e+02, -3.334165251125243e+01, 4.124015071977067e+00, -1.462784587919881e+00, -6.046636521610227e+00, 1.149391694598413e+01, 1.050495771474220e+01, -3.037704406126167e+00, -2.681008148837199e+00, 1.288450524108783e+00, 3.531592161815566e+00, 1.344348377058615e+00, -3.099421764954608e+00, -3.061567999332202e+00, -1.193802788028080e+00, 3.136396151352380e-01, -8.445182987368750e-01, 7.912539975157012e-01, -1.543821984346255e-03, -1.578643590128308e-01, 1.487906796477720e+01, -1.171006378825187e+02, -7.889353448551181e+01, -1.588330997572979e+02, 5.720935531150800e+01, -2.266890124249174e+02, -2.037744658951339e+01, 1.089174677537492e+02, 1.474863139718786e+02, 4.320646014196387e+01, -6.605175048005076e+01, -3.514888719710969e+01, 3.078243370073998e+01, -4.033575827117922e+01, 4.367217917249135e+00, -8.217069133450515e+00, 3.998287104992420e+00, 1.264932351836620e+01, 5.462650874850625e+00, 2.721265669407050e+00, -3.455361395863060e+00, -4.872098454530327e+00, -3.614368392405041e+00, -1.651223920026374e+00, 6.100096491376473e-01, 3.796081855932149e-01, -6.512390159571725e-01, 6.067488818091507e-01, 5.034356594267149e-01, 4.899816264428253e-01, -1.073674926190982e+00, -1.696057837142619e+00, 1.883457588713351e-01, -1.528193300912681e+01, 4.118080319911512e+02, 1.709335657355416e+01, -1.245984770151339e+01, 1.872426627333640e+02, 5.717153904218725e+01, 2.896320294729859e+00, 8.411069422179764e+01, 5.415846745891024e+01, 2.042141698113780e+01, -3.073285284372095e+00, -3.515924009075691e+01, -2.391980124665252e+01, 1.508552368156422e+01, -1.584930170442990e+00, 4.131282575908252e+00, 3.201220715111971e+00, -6.914123585127065e+00, -6.763647193917797e+00, 2.787069832515918e+00, 3.495177544722299e+00, 2.965691921305488e+00, 2.926767809507308e+00, 1.937293366316692e+00, 1.917437970818884e+00, 2.226161836511226e+00, -8.172075168735711e-01, -5.919143703406275e-01, 3.270268251726810e-01, -4.143049962632219e-01, -1.001868287554736e+00, 6.662780212428349e-01, -4.959147625562143e-01, -2.733063107498622e-01, -1.301798483038401e+01, 2.508459327044832e+02, 7.389612898695360e+01, 1.916095860431978e+01, -6.774822461758717e+01, 2.808047729355081e+01, 3.299324778566995e+01, 5.742306021416090e+01, 6.318166850557149e+01, -3.879580908779408e+01, -4.142391162928887e+00, -2.248787702832501e+01, 2.847946658174652e+00, 1.103808600341208e+01, 1.053051253880155e-01, -5.949976529534095e-01, -7.106787523623234e-01, -6.624410421236256e+00, -4.254395479218371e+00, 2.304324819257284e+00, 2.581309924342134e+00, 1.106661756405372e+00, 4.277491332752880e-01, 2.576649779741515e+00, 9.669216140467350e-01, 1.120930584393045e+00, -2.677357734926490e-01, 2.461673946454846e-01, 4.666962588791570e-01, -1.397913618637784e-01, -1.302791576735336e+00, 6.228581355567890e-01, -2.552856995298793e-01, -1.791531653666111e-01, 4.533322158738482e-02, -4.521503708212677e+00, 2.659336843529799e+01, 1.285957715257549e+02, -3.411610603647316e+01, 5.089452494157785e+00, -4.055222418345491e+01, -5.077001372655646e+01, 4.841385335701187e+01, 2.549555633204793e+01, 5.725676063295194e+01, -3.595649275195306e+01, -1.379128977555261e+01, -2.800915288644588e+01, -3.766778110064252e+01, -1.724855188315669e-01, 2.437709182528235e-01, -6.063003660654631e-01, -2.372049738798760e+00, -1.145474074004043e+00, 2.406285598155584e+00, 1.201774395126994e+00, 1.171060923196010e+00, 1.488134019305555e+00, 1.127255008127621e+00, 2.889957386233981e+00, 1.634266896187552e+00, 3.091511058058421e-02, -5.076982595388817e-02, 1.390825842981382e-02, 2.472099851350006e-04, -3.973110360850385e-01, 2.781863862749058e-01, 1.011403475106057e-01, -3.367595458996765e-01, 1.433896911053630e-01, 7.407869357690402e-03, -3.756942174621226e+00, -3.784253966770085e+00, 1.271013199388828e+01, -1.368044205982622e+02, -2.362390648603532e+01, -1.799789645834110e+01, 1.374276745695687e+01, 1.021048033850690e+01, -2.493722643039791e+01, -9.891625327736357e+00, 1.336303088411240e+01, -2.397817871389043e+01, 1.167718801618023e+01, 1.625432179545982e+01, -5.197629987902156e-01, 4.455341577097539e-01, -9.814565213017818e-01, -2.039993018713179e+00, -1.756306808175373e+00, 2.290517580231430e+00, 1.116266511956151e+00, 6.035329173510821e-01, 1.589520501426760e+00, 7.955678110731926e-01, 9.273776248781007e-01, 1.433042248406196e+00, -9.180164534358123e-01, -6.960401121125166e-01, -2.011870454677255e-01, -8.531336157593669e-02, -2.225159408047890e-01, -3.531091000531296e-01, -1.119338890478242e-01, -2.699808660282474e-01, 3.644668113397852e-02, -7.766331256663460e-03, -1.140126538640374e-01, -5.530730471158164e+00, 8.487913358402055e+01, -1.548919510032986e+02, -4.747011763896303e+01, 3.539993005322898e+01, 1.700836444745403e+01, -5.679939349463767e+01, 1.173221261236911e+01, -2.216552688706300e+01, 3.629896262325160e+01, 7.336934280200173e+00, -3.071086352526673e+01, -2.424236398344472e+01, -1.714349454607628e-02, -8.729747612291128e-02, -6.153030094325044e-01, 1.681415570626621e-01, -3.974393391484959e+00, -1.720776253342996e+00, 1.677728955463962e+00, 1.790293407271166e+00, -1.004875351108525e-01, 4.891030904150215e-01, 6.695777987403315e-02, 8.746379717792445e-01, 8.244745278171749e-01, -6.218236689049381e-02, 1.966334227936034e-02, -5.069830628605741e-02, -4.332863669143308e-02, -5.569372940544042e-01, 2.268393591615228e-01, -7.992925874721356e-02, -7.190698481861303e-02, -1.342681568450184e-01, 1.922084267258390e-01, 3.922211577551934e-02, 5.317377123582974e-02, -1.814692863761418e+00, 7.967941164564306e+01, -4.529778374342838e+01, -1.115501103357164e+02, 1.908411454353122e+01, 6.151235468082795e+01, -2.427264322482186e+01, 3.820223055647825e+01, -2.253212529609212e+01, -1.913003600944826e+01, -1.528420304526538e+01, -3.487379194090406e+01, 3.701134895864981e+00, 1.164170827096138e+01, 2.624311144192970e-01, -7.544030229238144e-01, -1.794171882964922e+00, -1.843217934006582e+00, -1.913951642798309e+00, 7.363980781740790e-01, 7.205386930781403e-01, -8.516296026945368e-01, -7.201950486951960e-03, 6.546283826342753e-01, 1.112874090024202e+00, 7.652029679300315e-01, -3.761998853363391e-01, -2.452085527134689e-01, 9.396163892515738e-02, -1.604815762209750e-01, -3.079637010051439e-01, 4.841934295755039e-01, -5.290267156063910e-02, -4.138406166530708e-02, -1.960277117720490e-02, 5.550039412174851e-03, -7.509803365614318e-02, -8.659319864137714e-02, -9.589938877014637e-02, 2.033823932537917e+00, 6.680331353009340e+01, 2.830773700223918e-01, -1.198755534775021e+02, -4.244060889590986e+01, 5.248338346741195e+01, 2.278592741569982e+00, 1.773840986437251e+01, -1.629783823749860e+01, -2.940443687358770e+01, -2.847696964505110e+01, -3.925922294967467e+01, 1.745103103364441e+01, -1.136367598818939e+01, 1.549421447866010e-01, -8.950819777694357e-01, 1.654816729882837e+00, 1.062567354902529e+00, 7.128751473587374e-01, 1.413312733103732e+00, 1.144652047874105e+00, 1.257593273471779e-02, 6.315660610663449e-01, 7.690081641306934e-01, 2.415073685878315e-01, 6.484709686574938e-01, -1.980570342142097e-01, 2.517778793914254e-01, -2.768877098577704e-02, 1.384853741492380e-02, -3.812733380336022e-01, -1.505039912858229e-01, -1.989449200730029e-01, -1.571608387307384e-01, -8.627375716431296e-02, 6.854238335317725e-03, -1.222472513043598e-01, -2.885784309931195e-02, -1.518292159652098e-02, 3.017912836592484e-03, 1.636027337112111e+00, -6.766868455553569e+01, 1.142609742694199e+02, 5.175363155708234e+01, 4.252651639803346e+01, -2.835742037968842e+01, 2.698600709426843e+01, 5.891544004353834e+00, 1.846415727222594e+01, -1.341977759568793e+01, 1.707686319878774e+01, 2.864319186215112e+01, -1.173206353985026e+01, -1.425248383150812e+01, -3.897495681223486e-01, 1.241634684818457e+00, -6.328901518219670e-01, -1.218222585993945e+00, -7.405536803733184e-01, -9.430082803942683e-02, -4.804326807395027e-01, 7.853300016916560e-01, -7.495493311757933e-01, -3.385824991343943e-02, -7.670696743651118e-01, -5.485728151561372e-01, 5.566082244980094e-01, 2.598139148042420e-01, -1.871393389635002e-02, -4.032199157297300e-02, -2.447965987255606e-01, 3.009508298701827e-01, 1.088643195043908e-01, 5.423707696413840e-02, 4.670832915117429e-02, -1.243105261921443e-01, 1.289042499954887e-01, 1.831384736944757e-02, 7.054548735672457e-02, -2.950107794276340e-02, -2.506178639872583e-02, -2.600252757277895e-01, -1.853336772097311e+01, 4.195950659398050e+01, 7.445444193473494e+01, 3.488976975287859e+01, -3.185751478464801e+01, -7.933847611786301e+00, 1.837272198792762e+01, 1.455580192687502e+01, 4.567896051327544e+00, 1.465043713218328e+01, 1.308429404507861e+01, -1.476711844791846e+01, -4.280517743633876e+00, -9.714457719053386e-02, 5.994884419306186e-01, 1.080797232309395e+00, -9.896291189903624e-01, 1.075659248918494e-01, -1.464525426810501e-01, 2.779913350791093e-01, -4.355839319716505e-01, -6.368515813565310e-01, -3.423563518043685e-02, 1.230787272822867e-01, 1.312043138984535e-01, -7.328479485875460e-02, -1.260035022572770e-01, -4.740124893943500e-02, -2.006912709106201e-02, -4.050175274690743e-01, -2.732150035473112e-02, -7.626069432021887e-02, 1.183619120176464e-01, -3.806938889002840e-03, 1.349386846716590e-02, 7.531025511112863e-02, 7.386177189924448e-03, -1.769094031515304e-02, -8.903919324752109e-02, 1.285729859966769e-02, 6.773259458948037e-03, 2.058469247729137e-01, 9.579646732804466e+00, -1.027357731475594e+02, 4.682730574914800e+01, -3.435020074233062e+01, -4.585689382572406e+01, 4.704925498750146e+00, 2.278384669259821e+01, 1.705491630170602e+01, 1.160403322143742e+01, -1.376769457408968e+01, -1.805214236501489e+01, 3.098875031491454e+00, -3.311600402901572e+00, -3.498505954257089e-03, 7.627264777779146e-02, 8.846914404807990e+00, 6.413234787797061e+00, -1.281056405382345e+00, 2.477324629249772e-01, -4.615458199196145e-01, 6.239030808147336e-01, 7.626417670490264e-01, -6.549638355424822e-01, -5.680240562197093e-01, 1.471154854470613e-01, 4.002653081101968e-01, 4.100386744700136e-01, -2.634125250697067e-02, -7.157553878869370e-03, -6.144374441521989e-01, -8.020036435025582e-01, 1.984525440483714e-01, 8.822972967993326e-01, -2.230630393811152e-01, 5.790487916854268e-02, -1.143199535956311e-01, -2.066110300042129e-02, -1.786063961010448e-01, -1.145514942929666e-02, -8.647699112475685e-02, 3.149153901079627e-02, -2.496627525662187e-02, 7.464990900464881e-01, 1.758526667253612e+01, -5.540901528663979e+01, 4.072503378338104e+01, 6.481911419511923e+00, -1.518212206486008e+00, -9.200064263054632e+00, -2.514760308227129e+00, 1.048596504430702e+01, 3.492582568267290e+00, -6.449695055773328e+00, -8.498765676741719e+00, -9.057843157227707e-01, 1.813537768181243e+00, 2.918708250536479e-02, 2.150835622886608e-01, 1.737088584457399e+00, -4.238037385113453e-01, -7.994616486692417e-02, 1.295972848001685e-01, 2.197537484801478e-02, 2.482656728196585e-02, 1.477053093260901e-01, -5.916623015979539e-02, -1.870889490698882e-01, -3.484427905159353e-01, 1.528292308488750e-01, -8.241441251759238e-02, -3.853912458809239e-04, 9.327652937820556e-03, 1.213341535612481e-01, -2.691156404834662e-01, -1.209374941898828e-01, -4.584734114843846e-03, 3.718209479892121e-02, -1.248919422136917e-02, 2.313535211391504e-02, 7.369230925993641e-03, 5.874858556081812e-02, 3.860458931439112e-03, 2.986210336976420e-02, 1.186363549775248e-02, 4.219161526976079e-03, 9.128622494948129e-03, -1.280746633114909e+01, 9.390230973259729e+01, 1.903539798758087e+02, 4.182850764982807e+02, -1.616081109614500e+01, -3.600913640755969e+00, 3.985709432462188e+01, 7.092807011757134e+01, 2.441880805600076e+02, 7.474856585427359e+01, -1.138591206368368e+02, -2.960793155737665e+01, 3.356733335649908e+01, -5.525334150572053e+01, -1.440889909704779e+01, -1.311563958198090e+00, -6.160776806289213e+00, -1.166189452718118e+01, -5.281463797494284e+00, -2.307492717757108e-02, 2.814816347589527e-01, -5.626404907149590e+00, -9.364380401180068e+00, -4.917145200388199e+00, 3.335056887562761e-01, -2.827564848085300e+00, 1.460045885215909e+00, 1.411217011089579e+00, 1.256647341589129e+00, 8.170112303815977e-01, 2.196290491964529e+00, 1.580688991200630e+00, 2.028446310584154e+00, -1.545736821938835e+00, -1.007884863076801e+00, -2.989813500878423e-01, 1.700243324277793e-01, 3.325634635894953e-02, -1.628012541427324e-01, 3.229160151482962e-01, -8.474677285764030e-02, -1.101168296413666e-01, -1.250841008014486e+00, 6.636976340122790e-02, 2.083505711684848e-01, -1.375309289469201e+01, 1.922109060393929e+02, -4.260937924199135e+02, -1.222722781926542e+02, -5.460052190924512e+01, -1.721453927521459e+02, -2.440614254454537e+02, -8.624034866210177e+01, -8.753009106788957e+01, -2.602154149130904e+01, 1.250146171729121e+02, 8.816546838621565e+01, -3.725064730587177e+01, 1.446071842487912e+00, 5.348778050116913e+00, 7.874448756290269e-01, 1.317879952289443e+01, 4.885871396945476e+00, 6.159507884075985e-01, 1.897537481583664e+00, 2.486528861579785e+00, 2.217162764288003e+00, 3.609344016958809e+00, 4.542789698252341e+00, 3.840034514508112e-01, 2.397094870268386e-01, -2.814682179732327e-01, -1.027709229631028e+00, 1.213476653641469e+00, -1.312971722579139e-01, -3.852592397795794e-01, -1.506405809117745e+00, 2.923085929551335e-01, 3.996065468923694e-02, 3.502556402833276e-01, 2.775256786308482e-01, 1.945071288388099e-02, -1.635848684835110e-01, 3.335900350526698e-01, 3.147053314950030e-01, -1.252046657572952e-01, 9.353128064100776e-02, 8.224428031819444e-01, -2.283002537901426e-02, -4.032479025478624e-02, -1.104177576557105e-01, 3.669662715783531e+00, 1.633842081188298e+02, 1.265902367063921e+02, -1.030206878965147e+01, -8.200254767561636e+01, 1.195996117637886e+02, 1.142848464412989e+02, -1.305680947343560e+01, -8.234752969285218e+00, -3.183366534048412e+01, 4.546811095856972e+01, -6.953515186032098e+01, 2.168636627495333e+01, 3.158297867476152e+01, 2.212320666256696e+00, -3.427611988604187e+00, -4.349070994685202e+00, -5.010127660257278e-01, -1.397945000896163e+00, -1.790810474509262e+00, -5.323180643799542e-01, 2.598420712427263e-01, 2.403377586875172e-01, 9.116316444059084e-01, -8.568753349480299e-01, 1.674186065984402e+00, 2.602395751838741e-01, -8.880494376130141e-01, -6.947988601996766e-01, 1.000284783806917e+00, 4.250838894242405e-01, 7.670415043982667e-01, -1.095002164386973e-02, 3.808582810005717e-01, 3.119346707466655e-01, 2.858989692582668e-01, 2.115447505190310e-01, 1.126807755533061e-01, 1.562215024335420e-01, -1.671674105714569e-01, -1.402217625144317e-01, 1.004217997588245e-01, 7.625085140664188e-02, -1.245149696018798e-01, -2.956212439662890e-01, -1.446570291024659e+00, -7.620783745189219e-01, 6.591347313304533e+00, -8.979380707316311e+01, -2.202663936534427e+02, 1.811844211489920e+02, -1.181805580800590e+02, -4.150787548432302e+01, -5.364416895041794e+01, -1.426898939546904e+02, -9.904129504807284e+01, 1.238770671269512e+01, -2.080353653745033e+01, 1.082134019892772e+02, -2.080769829581581e+01, -3.993266194317134e+01, -4.698980331376041e+00, 3.399655854712624e+00, -4.688145785877874e-01, -8.619609530804425e+00, 3.335461306291937e-01, 4.799791744262799e+00, 1.879112443971948e+00, 2.778597319174836e+00, -3.892066785902921e-01, -2.433612393387439e+00, -1.980807772992065e+00, -3.917400564820657e+00, 9.581984297756226e-01, 1.366191451437651e+00, 2.032492473429774e+00, -4.548344851999979e-01, 1.745847096363795e+00, 4.051018192971680e-01, -1.061325214746663e-01, -3.052172622725694e-01, -6.119035272427182e-03, -1.133606713087476e-01, 3.098100624060985e-01, 3.594345950087158e-01, 4.701889973926769e-01, 4.447897613309538e-01, -1.197361803740097e-01, -2.024874319826930e-01, 2.819049940595379e-01, -2.457738999037931e-01, 1.031956724241306e-01, 7.022882680491489e-01, 3.309660193551510e-01, -1.510883096370917e-01, 2.527971726933954e-01, 2.266948962519940e+02, 1.597466151776585e+02, 3.033064990718755e+02, -6.602812776591961e+01, -6.309748864716347e+01, 6.343401475182223e+01, 4.373603537199015e+01, 1.496630498423475e+01, 4.609881678071417e+01, -2.728587148861043e+01, -2.035915377723650e+01, -5.120288592563963e+01, -7.588136457463570e+01, 7.667231217628417e-01, -3.015152706005748e-01, -3.446685256661048e+00, -5.888437072369146e+00, 3.377494499587304e+00, 4.642856346514987e+00, -3.620398955309482e-01, 4.866651109310727e-01, 2.615367737067485e-01, -9.849847160246165e-01, 5.481345680700388e-01, -4.037260524691216e-01, 6.833606766951112e-01, 6.493473267015261e-01, 1.393905575742453e+00, -2.544492319258716e-01, 8.899749782807602e-01, -1.626521936390855e-01, -6.918238807146693e-01, -4.382653050209874e-01, 1.118998738870926e-01, -7.821378711645914e-02, 5.261812941572910e-02, 2.390687852475220e-01, 1.389061371817221e-01, 3.533453125049938e-01, -1.667152898641254e-01, -7.717821283594160e-02, 3.479588857937768e-02, -1.214895097955790e-01, -3.638697711246932e-01, -2.389239407364917e-01, 2.581890079551364e-01, -2.481023251882974e-01, -4.058287409730431e-01, -4.494407348870278e+00, 1.358040793336530e+02, 2.200627048360881e+01, 1.190153534872503e+02, -1.935738112995680e+02, 3.340845860568163e+01, 1.139710500437390e+02, 1.076188094200190e+01, -8.322886331535203e+01, -3.188950693194397e+01, -4.178983538744941e+01, 1.080573339812814e+01, 1.490364696754257e+01, 1.057896723764514e+01, -9.694958249925333e-01, 1.202741718862700e-01, -2.447956557875693e+00, -3.594564867532206e+00, 3.765450612670091e+00, 1.322650316964896e+00, -1.985826767959602e+00, -2.855074692551450e-01, 1.177930313703948e+00, -2.499450155700958e-01, 3.145382393623156e-01, -7.877039278412241e-02, -7.433478388727716e-01, 2.304198151351097e-01, 7.183927676414168e-01, -4.827183104646118e-02, 5.491691658880986e-01, 3.299467705511098e-01, -4.011394595259791e-01, 1.194694640505342e-01, 1.505764659706099e-01, 1.963697085515380e-02, -5.800396480470727e-02, 8.127642561240853e-02, 5.144721928518220e-02, 6.310999643996744e-02, 9.073862569002050e-02, -6.201470594036757e-02, 7.324314965672697e-02, -3.112565245106181e-02, -7.640093088136096e-01, 6.440949868998887e-02, 9.219032691032137e-04, -2.108508395346445e-02, -1.555833635168057e-01, -2.576595581800270e-02, -1.440400665286341e+00, 1.126849115393839e+02, -8.076312529992919e+01, 4.006161641797019e+01, -1.576093487397516e+02, -2.217172433015411e+01, 7.691983921760870e+01, -5.400465477324025e+00, 3.592726915905394e+00, -4.234310415033142e+01, -2.305690178250623e+01, -4.512765193912096e+01, -4.295831339083102e+00, 1.010788215550067e+01, -3.889214605611904e-01, -1.053532863019914e+00, 6.528636839375476e-01, -2.110990614205713e+00, 3.419779456187215e+00, 1.642128633082553e+00, -2.561177095073821e+00, 2.789431416478990e-01, -6.984018376403586e-01, 4.597809453145588e-01, 9.466112864512803e-01, 5.474024472967398e-01, -2.474778343136966e-01, -6.099023564287473e-03, -5.501527164369738e-02, 1.069416855143512e-01, 3.676670671484908e-01, 8.969311395206019e-02, -8.857390424823122e-02, -1.892533422130521e-01, 3.774916290489765e-02, -3.196012848487357e-01, -6.107042531408213e-02, -1.290952224364881e-01, -1.586701056006137e-01, 3.203472057219655e-02, 1.797346310656415e-02, -3.437972422164082e-02, 1.165283334279928e-01, 2.016030571981289e-02, -7.435625525160671e-01, 5.180154912672074e-01, -7.095067681728416e-02, -2.319679820453865e-01, -4.419411024250596e-01, -8.913161272298338e-02, -1.118157902491559e-01, -6.667188679736685e+00, 5.354008299504814e+01, 1.376579458803933e+02, 8.097191033950251e+01, 4.680768417977912e+00, -5.220146852240854e+01, -7.083969143867612e+00, 6.711569245344259e+01, -4.473779426984470e+00, -3.648568494498990e-02, -8.103371694922400e+00, 8.356357584785867e+00, -3.666219347054100e+01, -3.970588821731938e+01, -5.440035121092095e-01, 8.206187818786134e-01, -6.785684892715561e-01, 3.008494406469210e-01, 1.384133453626862e+00, 9.535191584119261e-01, -5.926447749656821e-01, -7.849552688616711e-01, 6.337662863726604e-01, -6.814589238152827e-02, 6.669326879293545e-01, -1.541458894518141e-01, 2.700894670668091e-01, 2.241927245128972e-01, -1.161274506508752e-01, 5.643401497877965e-02, 7.888192688973587e-02, -9.020525358340444e-02, 1.962951275113318e-01, -1.692562823480958e-01, -8.720295917875701e-02, -1.375240302735601e-01, -1.603662894191253e-01, 1.562618854933611e-02, -3.006700069138353e-02, 7.278796597209419e-02, 2.103927767380254e-04, -8.872067066217631e-03, -4.669689673039655e-02, 2.495600545667475e-02, -3.991432699437530e-01, 4.311502840915192e-01, -3.677352807520262e-03, -3.586121834743687e-01, -2.972406648188033e-01, -1.762584500261121e-01, -1.134350238857734e-01, -8.300047196326120e-02, 1.422946332229066e+00, -2.047106094264507e+01, 5.407792543237659e+01, 6.458445123166723e+01, -4.408022410901668e+01, 7.375945454454298e+00, 4.530204728620291e+01, -2.773345229551799e+00, 1.547842163770202e+01, -3.721545966265268e+01, -2.254797401158547e+01, -1.005686847488115e+01, -2.584135041583554e+01, -9.850384545793334e+00, 5.760437857712739e-01, 5.012979769542475e-01, -1.213537605504184e-01, 5.108870469479792e-01, 1.457266186427569e+00, -8.710521874177950e-02, -1.175841904512652e+00, 4.425540054865214e-01, 4.920686907639191e-02, 1.239920823591669e+00, 8.796448104054232e-01, 9.900511696394640e-02, 3.908886745417136e-01, -4.176841230644467e-02, -2.401839269933649e-01, 9.840541802554267e-02, 2.130281676354500e-01, -1.414951715051667e-01, 3.109072787491238e-01, 8.288054730519613e-03, 4.627143636712055e-02, -3.008934017562562e-02, 4.300646533943962e-03, -1.089891223288384e-01, -5.179446916307795e-02, 3.331288850575900e-03, -4.025725251647673e-02, 1.674897140754151e-02, -1.007951202113277e-01, -1.125319575936829e-02, -4.629221361642615e-01, 5.241505694664418e-02, -2.170476139126389e-01, -2.838339444185878e-01, -2.148569934643411e-01, -5.285490589628498e-02, -4.740658432131274e-05, 1.486253208871814e-02, -1.174123305511012e-02, 2.203163251724452e+00, -6.861303761987635e+00, -1.054584823132196e+01, 4.467860928951454e+01, -3.810221042619699e+01, -5.498439261925177e+00, 1.210613618590992e+01, 2.854000890559987e+01, 1.509794741945813e+01, -3.078352664999404e+00, -1.859695151819393e+01, -3.608940476102409e+01, -1.352683650424447e+01, -2.973823816929659e+00, 7.827886718571826e-01, 1.666024460075756e-01, 5.070242335221110e-01, -4.693199169885547e-01, 5.620411636421222e-01, 2.639094029078624e-01, 1.068285985484956e-01, 1.156944592726449e-01, -7.161020067220521e-02, 2.043398134634522e-01, 3.937026263786047e-01, 4.638954296941126e-01, 4.806741407593512e-01, -2.036873183285143e-03, -5.122081978827975e-02, 3.392995603112153e-03, -2.864288503400900e-01, -8.738586739985291e-02, 3.816400106546321e-02, 1.878011880482239e-01, 3.934061949829554e-02, 9.384720114867789e-02, 8.444704939812182e-02, 1.852997972090198e-02, 2.792336504964375e-02, -2.281091475617754e-02, -1.852110461229739e-02, 2.370400322731123e-02, -9.900357448566090e-02, -2.059111780584254e-02, -3.517629798767332e-01, 1.630964239919429e-01, -3.598478160587694e-02, -2.210547055133150e-01, -1.067776197368805e-01, 5.863068770904742e-02, -4.878946895638204e-02, -4.466298935840384e-02, -1.976306508341691e-03, 4.688941001504193e-02, -1.779860214806487e+00, 2.668521600844712e+01, -4.457147715968507e+01, -4.275743766829734e+01, 3.225071796692469e+01, -8.747191585781222e+00, -6.655708487034333e+00, -2.818580619510350e+00, 2.061177326307470e+01, 3.294403977187212e+01, 7.383719845287927e+00, -1.705997918784945e+01, 2.714611204991658e+01, 6.161979398952449e+00, 1.483692511314990e-01, -8.397215567181833e-02, 5.596840044732273e-01, 2.102824090860420e+00, -5.300687811331929e-01, -4.909680762857381e-01, -6.952195688798189e-01, 1.326959257646559e-01, -2.620891702080074e-03, 4.899879526556891e-02, 4.260565563769606e-01, 8.448944932978549e-01, -8.180020463581710e-01, -1.500687211085639e-01, -2.790830936149752e-02, -3.421383938036308e-02, -2.675031368085527e-03, -1.393763103924178e-01, 7.229094086186852e-02, -9.496111619390463e-02, 9.675459931620788e-02, -1.610984549720440e-02, 3.867558396604724e-02, -5.121856751830330e-03, -2.144928683834894e-03, -5.670205073688429e-02, 6.269300109216835e-02, 1.294317965903710e-02, -1.015927844033128e-02, 4.647263300945733e-03, 1.621550435066113e-01, -2.868247572649889e-02, 2.068605497825080e-01, -4.794623082823211e-02, -2.250844586330753e-02, 6.909162690363062e-02, -2.589897866368363e-02, 1.477736102700254e-02, -2.482206936405655e-03, 2.806853570651157e-02, -2.156608005763681e-02, -4.217736286668980e+00, 3.198320971944182e+01, -5.654093590616467e+01, -2.477373647418430e+01, -1.572820215140877e+01, -6.789013409382037e+00, 6.573211717769672e+00, -3.048586834445772e+01, -1.934865997364913e+01, 2.433638256862506e+01, -2.008959150638636e+01, 6.077630632310223e+00, -7.444731956864474e+00, 3.191654650229848e+00, 2.973309066227237e-02, -3.500161016954904e-01, 8.354919986617400e-01, 9.799888484965162e-02, -1.961654500894564e-01, 9.249682081735942e-02, -5.776220231051304e-01, 2.654331541146686e-01, 2.245185821030528e-01, -4.486772703249626e-01, 4.043769567127548e-01, 9.413603469146541e-02, 1.689605651075381e-01, -1.311273356013313e-01, 4.547796975226791e-03, -2.067754426249377e-02, -4.143311873504434e-02, 8.778907146061946e-02, 5.310601329895507e-02, -8.633087848989193e-02, 7.518419753845486e-02, -3.154753725181397e-02, -2.397662140868173e-02, 2.072647816303843e-02, -4.533875427620991e-02, -3.461903555815970e-02, -2.366703490599089e-02, 1.522410670616797e-02, 1.066446235402514e-02, 1.605038489187942e-03, 2.729371460047695e-01, -1.760521368063891e-01, -3.310996835151025e-02, -4.427077866887172e-03, -3.925156279362615e-02, 5.795701988032266e-02, 1.752579200167770e-02, -1.894102678928544e-02, -2.549854496287889e-02, -2.208087290877692e-02, -1.423315238225997e-02, -1.570818377881810e-02, -6.205467911049718e-01, 3.217345109593464e+00, -2.475533422761703e+01, -3.104483951064492e+00, -3.717164563744351e+01, -8.360806207453519e+00, 2.369425141946135e+01, -6.173855983562128e+00, -1.016332532211083e+01, 5.737000736086674e+01, 2.513384349431516e+01, -4.351463174841690e+01, -1.053169238322099e+01, -1.711223828928629e+01, -7.896379335323186e-02, 2.290156280736783e-01, 1.689665945262372e+00, -6.587995252640845e+00, -2.073249934665305e+00, -1.628745246684576e+00, 1.276675834383797e+00, 2.270762886956268e-01, 4.729477465846856e-01, 2.603916290149336e-02, 1.380395249867302e+00, 4.903183258438693e-01, 9.688034382428281e-01, 1.382263702621127e-01, -8.348836902801991e-02, -1.299493992370154e-02, 3.229129937243811e+00, -1.333834955987112e-01, 2.488776532514822e-01, 8.289164123051587e-01, -3.316204049270896e-01, 1.316361088949449e-02, -8.023676997568439e-02, 9.809402099835807e-02, -2.127995192889538e-01, 1.421121781743967e-01, 2.957368454914673e-01, -7.791619262650462e-02, -6.278303286743314e-02, -1.726571989912732e-03, 6.611150897625746e-01, -1.613661175782257e+00, -4.963408323137466e-01, -1.073658527155076e+00, -1.252077521296260e+00, -2.323117623053745e-02, 4.541199717271314e-02, 9.206687645529430e-03, 1.210715026255798e-01, -9.338094294448786e-02, -7.446372951904498e-02, 4.388926386820689e-02, -4.483527236652228e-02, -3.764890468539162e-01, 8.511737439229725e+00, 3.060145237597136e+01, 5.921317509510203e-01, 2.085773699083817e+01, 1.172012123352649e+01, -2.213910335362568e+01, 2.746027377239694e+00, 9.300736594312332e-01, 5.036092939463405e+00, -6.163793774798282e+00, 1.982229164075658e+00, 2.782754558973546e+00, 8.235014084235026e+00, -2.369829546282244e-02, 2.952274841728657e-02, -9.989325658619235e-01, -2.691187989366866e+00, -1.127627564232249e+00, -5.264921923492483e-01, 9.783651676415985e-01, 3.822053491640116e-01, 1.204783343977800e-01, -1.488845214932231e-01, -7.807313278598449e-02, 3.224305195476153e-01, -4.947700560350152e-01, -3.000741625273161e-02, -7.375886647511954e-03, 7.867721920420229e-03, -1.076729069748243e+00, 2.222499692127884e-01, 1.489322180028457e-01, -1.716182193632685e-01, -1.286750908425474e-01, 3.173918454285439e-02, 2.288578756220343e-02, -5.760889774325641e-03, 4.790747996593916e-02, 2.080883579802048e-02, -6.042829063797123e-02, -1.732124023823101e-02, 1.477224107551860e-03, 8.135032735389779e-03, 2.631893495308394e-01, 7.016219543448935e-01, 8.025882164970537e-01, -6.283138158140757e-02, 4.396748582940730e-01, -2.897168021632128e-02, 6.061131631540698e-02, -2.440532847934838e-02, 2.349393264167478e-02, 1.901312101764027e-02, -7.720019923140661e-02, -2.629904418541207e-02, 2.318751652725088e-02, 6.311864123901824e-03, 3.389961122464430e+02, 6.127221244681500e+01, -3.855730669664187e+02, 1.261751090573268e+02, -1.278309976661316e+00, -1.523889917425973e+00, 1.751984058044775e+01, 4.907072177030925e+01, -3.117280578005638e+01, 9.835222568494133e+01, 1.635705478983495e+02, 1.919104377752024e+01, -5.247116577810240e+01, 5.245901065767126e+01, 8.502144356153773e+00, -3.063065365130417e+00, 1.002260901022365e+01, -1.033956117732506e+01, -4.931334628653677e+00, 1.064363792109740e+01, 1.048405782075170e+01, 1.675790737304472e+01, 1.420249841488089e+01, 1.028480164878686e+01, 1.508448001372377e+00, 6.620616257071424e+00, -4.947524359850918e+00, -1.966931102579281e+00, -6.199189633632820e+00, -8.402420590209375e-01, -4.810789079360251e+00, -2.723193696307261e-01, -3.133557889193772e+00, 1.995834321451253e+00, 1.684133667875802e+00, 7.529337736714065e-01, 3.934501706162120e-01, -6.409819297653628e-01, 5.305911194439489e-01, -5.598038842651621e-01, 4.188613351220480e-01, 1.908104462667544e-01, 5.478566600888374e+00, -4.551464336034045e-01, 1.707983699977602e+00, -8.404451261415731e-01, -8.492790796863116e-01, 6.158856894231300e-01, 1.756715414909772e+00, 1.717374900139823e+00, 1.401376261448453e+00, 7.389581094875721e-01, 4.620498281311542e-02, 4.238186937037612e-01, -8.370852926476792e-01, -3.669750844515122e-01, -3.401887349898246e+00, 1.670948230868365e-01, 2.843133153021926e-01, -3.902168584571136e+01, -6.248105586278210e+02, 7.562580577728971e+01, -4.098996847689005e+02, 4.541322934547779e+02, 2.857365876428170e+01, -1.488265407953684e+02, -3.205889059202988e+02, 1.141783396377464e+02, -1.543459788488103e+02, 1.848506939268930e+02, 9.071176072538529e+00, -5.402882760805505e+01, -4.742889506670221e+00, -9.104362924450877e+00, 5.208775012656295e+00, -9.338573101743158e+00, 4.478291971460929e+00, -1.690667697025599e+01, -1.113852491751697e+00, 3.241470592839093e+00, 2.116257056690873e+00, -7.192357803892238e+00, -2.896876668986917e+00, -1.141157519455487e+01, -5.272849052324750e+00, 4.412420437485649e+00, 2.396904555095021e+00, -1.077558820483802e+00, 1.276997708459029e+00, 5.289349053070744e-01, -7.915724193428626e-01, 1.605219484091755e+00, 3.120745280925016e-01, -5.980052202025543e-01, 1.455689072601940e-01, 3.979705169741345e-01, -1.246156091092676e-01, 9.213742190718075e-01, 4.229896343939370e-01, -5.252410647539193e-01, -1.469394686117438e-01, 1.505778202057942e+00, -1.156322650599490e+00, 1.111662884361443e+00, -1.258712485768862e-01, 5.523417012533698e-01, -3.076698222009270e-01, 1.072533868896876e+00, 3.153602678446835e-01, -5.841740492324222e-01, -5.521986013382649e-01, -8.473464531603803e-01, -1.877153859619983e-01, 1.313862031734723e-01, 2.171924894936389e-01, -1.857057623032730e+00, 8.389400984207108e-01, -1.905531214225752e+00, -2.845961393119085e-01, 1.175016790853658e+01, -3.016505714772379e+02, -2.834965920039825e+02, -1.856337862592239e+02, -7.621747134100920e+01, 1.631459383805881e+02, 1.013027927408572e+02, 1.674224121028966e+02, 1.518170652108222e+02, -4.210073098839748e+01, -2.196505348456575e+02, -1.319456894096806e+02, 2.016364709728324e+02, 2.103411072878952e+02, 1.944598340322774e+00, 1.531360897367670e+01, 1.905653462874453e+01, 6.166776183617146e+00, 4.626448527001695e+00, -4.798025381955670e+00, -3.897286898771215e-01, 5.141389994700241e+00, 3.640069688814058e+00, 6.663307080687272e+00, 7.297701172765879e+00, 2.229546341304784e+00, -4.698171359833944e+00, -4.686771080412362e+00, 7.005917767019426e-01, -1.441807286415799e+00, -4.114799860683864e+00, -1.337059562425721e+00, -1.516514590584220e+00, 1.744232032310687e+00, 1.132975431300054e+00, 2.935161488280530e-01, 3.952653720519053e-01, 8.677216632682189e-04, -1.044862868529024e-01, 3.774906652265094e-01, 1.695906985144024e-01, 2.841515047810526e-01, -1.923856218735018e+00, 4.090220048188500e-01, 2.293027272015560e-01, 1.468653546735331e+00, 9.562109560895439e-01, 1.529557812966524e-01, -1.428262255051145e-01, 4.818316707634185e-01, 2.095682886792087e-01, 1.315967446064412e-01, 3.781564744485494e-01, 2.263049433032394e-01, -3.532659585502717e-01, -2.288743463924591e-01, -1.447736061338399e+00, 7.369402941729808e-01, 2.302875397129930e-01, 9.663486339972873e-01, -1.198032010076278e+00, 1.176514136686217e+01, 7.925754213073984e+01, -2.037841059750113e+02, -1.643603197494405e+02, -3.235875187900593e+02, 1.284683265867476e+02, -1.071268406135890e+02, 1.237026253727425e+02, -8.194382015683001e+01, -2.293060238083063e+02, -1.622730715763229e+02, -7.286235766887837e+01, -1.699752285593057e+02, -3.217403756841032e+01, 1.497937316610599e+00, -9.492423660675009e+00, 8.956641563827947e-01, -8.805736775855469e-02, 5.211752383124311e+00, 2.485809863706232e+00, 3.236095160921534e+00, -5.677369202989391e+00, -2.436634683825164e+00, -1.124707028024285e+00, 1.465441511167942e-01, 1.068293509228027e+00, 2.972527032618412e+00, -3.628011090960070e-01, -1.771860211536706e+00, 1.410159012569974e+00, -3.984924142284184e-01, -1.771302664452417e+00, -8.764303660822087e-01, -4.054713211551206e-01, -6.519413162940397e-01, 3.096682974256122e-01, 1.748063317417138e-01, 5.465516522257359e-01, 6.287822141412623e-04, -9.340310069170230e-02, -2.633510489843158e-01, 4.751810768716912e-02, -7.664100743861774e-03, -1.912236992857933e-01, -1.284321121721825e+00, 9.512286232331125e-01, 3.643169273472545e-01, 5.849411939950195e-01, 1.142629336283595e-01, 3.429628942014896e-01, 2.754891388229615e-01, 5.197449860128361e-02, 8.191922440148393e-02, 8.298908246645754e-02, 1.346284006157747e-02, 1.341055175654066e-01, -2.175723177212079e-01, 2.415148972893243e-02, 1.528037590233132e+00, -1.048355679861905e-01, 2.173238646836147e+00, -1.052116635124293e+00, 7.666506499801669e+01, 1.284642292373889e+01, -9.692002576593056e+01, -1.698247676611617e+02, -1.297076754025385e+02, 2.991506967794717e+02, 2.772085293852671e+02, 2.770999988120093e+02, 4.506513825188556e+01, -6.625693184295403e+01, -1.483222687110170e+02, -1.863940386866250e+02, 1.618251631410140e+02, 1.309557126303525e+02, 1.310376601967547e+01, -7.047501015784980e+00, -8.961431398194586e-01, 4.575464607875798e+00, -2.802004642201754e+00, -3.086548878069084e-02, 9.614140379895071e-01, -8.799349713786879e-01, 1.993282206715689e+00, 2.270817864159744e+00, 3.566777816661314e+00, 3.142109088354891e+00, -1.873820522076114e+00, -1.630813407904749e+00, -2.998003840694370e+00, 3.397827944348078e-01, -8.334347095145767e-01, -2.080054309789212e+00, -4.855903014435298e-01, 1.301737601091005e+00, 4.518147820146864e-01, 7.934144085088167e-01, 3.112260492876178e-01, 2.081878414500745e-01, -2.969696428994187e-01, -2.114987303302621e-01, 5.985538567525232e-02, 6.995747327771475e-02, 2.169837184755754e+00, -2.610174741038626e-01, -1.255184496151478e-01, 1.483943849015403e+00, -8.736966770396304e-01, 2.263159649707471e-01, 5.592644345209562e-01, -2.286515839871105e-01, 2.890384840581997e-01, 1.279995859525646e-01, 1.538651243160031e-01, -1.323418159209786e-01, -4.969287342453355e-03, 3.665931692867438e-02, -8.708067202367256e-01, 1.605470848282100e-01, -5.459304455407552e-01, -3.636139331634459e+00, 1.148001036678348e+00, -9.216314197492144e-01, -1.224220736501269e-01, 1.756009527718378e+01, -1.686765605496425e+02, -3.289271201749236e+02, -1.498152337853123e+02, -4.473505859918613e+01, -1.247755248823228e+02, -3.175262210983984e+01, -1.039661029453212e+02, -6.081257044914607e+01, -1.108235302176880e+02, -6.142103112803093e+01, 4.774208722537630e+01, -9.724965887867549e+01, -9.189112939521216e+01, -1.766011653810780e-01, -3.070234108373302e+00, 1.970828279476734e+00, 3.004009900662576e+00, -2.338292940582616e+00, 5.265183157270982e+00, 6.399379465362942e-01, -1.370831986271419e-01, -1.259005580535606e+00, -5.684840196563220e-01, -4.607894725247402e-01, -2.003513069389613e+00, 3.723471735861117e+00, 1.039384260708232e+00, -4.923374838546254e-01, 4.890926284794071e-03, -2.924632838555463e-01, -5.778769533736020e-01, 2.914190482865319e-01, -2.065806871944040e-01, -2.335929882770284e-01, -1.601099489419455e-01, 8.767240402296274e-02, -4.858631168980901e-02, -3.385081185030232e-02, 8.162236099965538e-02, -3.680046386411739e-01, -8.014102945287617e-02, 1.057304848092407e+00, -2.608860336361373e-01, -2.012020083300796e-01, 9.604949970898837e-01, -1.583664500133910e-01, -1.605516931158163e-01, -6.215105067397046e-01, -1.221945057071487e-01, 1.043457631066784e-01, -1.027594540689428e-01, 2.383596150962853e-01, -1.139880957408395e-01, -4.871559491201373e-02, -8.429284178192259e-02, -1.047969530595157e+00, 1.835842204169904e-01, -2.428288839038573e-01, -6.958267129454483e-01, 5.506371816549480e-01, -1.004167010975074e+00, 7.422281900713561e-01, -3.688104167610633e-02, 2.788164813736382e+01, 1.352767420736983e+02, 2.996991389386746e+02, 2.202706644372119e+02, 1.697504580974057e+02, -9.900195478641217e+01, 3.201458824825777e+01, 1.002794157523200e+02, 1.340277954558109e+02, 7.089089110649731e+01, 6.737423742718725e+01, 1.027906155017023e+02, -1.811150382315698e+01, 1.461177647323312e+01, 1.950391031349161e+00, -2.677927582747291e+00, -5.798493161908382e+00, -1.340494502971452e+00, -4.666559550052699e+00, 3.826618576793809e+00, 1.021483800025173e+00, -1.259461641093340e+00, -1.113154813125187e+00, -1.095836443571837e+00, -8.517515685608398e-02, -1.165846030994555e+00, 2.243628647039465e-01, -2.002750274030839e-01, 2.733553204069268e-01, -1.429547122815343e-01, 2.216114613381510e-01, -5.382485426156359e-01, 9.833303435324463e-02, 2.781610890724537e-01, -6.893785527098761e-02, 3.914876696301166e-02, 2.265519434655280e-02, 1.537928031046563e-01, -3.017333303507327e-02, -3.554567071480734e-02, 9.314663434017013e-02, 6.056054171771005e-02, 4.657484862186206e-01, -4.600911168333962e-02, -5.519798841505253e-01, -5.563057887302780e-02, 2.316012704169043e-01, 1.583854495098342e-01, -2.196420667605412e-01, -2.461100284146269e-01, -2.686000691466982e-02, -1.522247160944791e-01, 6.659648648968634e-03, -1.057167150171904e-01, 8.490088394144847e-02, 7.047842535715156e-02, 2.139429703870230e-01, 3.342726578664028e-02, 8.363243787810501e-01, -2.597156376664825e-01, 3.892828084974645e-01, -1.805168552819970e+00, 1.027951400785165e-01, 1.816082406513368e-01, -2.781859431419518e-02, -2.071327085145726e+01, 1.365221911978480e+02, -2.752822554583449e+01, 1.165291001356989e+02, 1.219007554951169e+02, -5.246103138246126e+01, -2.295180215348774e+01, 1.132106004848638e+00, 3.896093505279728e+01, 2.491230949045961e+01, 6.755729770370701e+01, 2.916812547984143e+01, -6.741823935786850e+01, -1.271548088173220e+01, -2.238126808631570e+00, -1.763060928932279e+00, 2.656759465308548e+00, 1.343825365214659e+00, -1.031091787655055e-01, -1.219164019677653e+00, -2.544788562244908e+00, -2.232977421249908e+00, -2.046839350861946e+00, -4.327942980872813e-01, -5.059220836340177e-01, 4.548919038748747e-01, 4.211935026574525e-01, 2.428646247541649e-01, 3.928369869577899e-01, 3.397479955514224e-02, 3.978877647017774e-02, -1.652660932671256e-01, 4.991277936865332e-01, -2.039950551616497e-01, -3.800451806092132e-01, -2.054136816832334e-01, -5.356111067552580e-02, -1.133478187602962e-01, -1.060663834760728e-01, -1.178916739144857e-01, 1.276906763156835e-02, -3.487795638607382e-02, 6.653711523102573e-01, 5.184340331651206e-03, -4.214660545699904e-01, 6.758532727408761e-02, -3.025414508529756e-01, 4.741176348262333e-01, -1.039302358237130e-01, -3.855729594931875e-05, -9.677218194623785e-02, -4.090698074315732e-02, -1.124124856274931e-01, 1.004567522707623e-02, 5.265700261458913e-02, 3.105043388266046e-02, -1.512336009581126e-01, 1.552246913598160e-01, 1.216632360347378e-02, -3.488280574442533e-01, 5.266476770978328e-01, -7.862060284808429e-01, -3.342403849439323e-01, 2.239955265775293e-02, 2.441635470259007e-01, 1.801752048316491e-01, 2.282594250872517e+01, 2.647326869679870e+01, -6.897442210136736e+00, -1.902575873173917e+02, 2.349431001851968e+01, 1.251528978937833e+02, 6.902311950661334e+01, 7.976810749906613e+01, -1.114126651569548e+00, -8.561064625715065e+01, -7.983057362944146e+01, -1.915259593069473e+01, 4.323230622199707e+01, 1.428789547180807e+01, 1.557768011292764e+00, -1.198545168546699e+00, -2.480204831001166e+00, 4.288378414632732e+00, -3.816392608207732e+00, -4.424145077927270e-01, -5.713870620765074e-02, -1.096008359003899e+00, 3.934322701957962e-01, 1.995201611363216e+00, 1.644324773346407e+00, 6.862066047475588e-01, -2.284563454527737e-01, -4.857702062096912e-01, -8.282178465013466e-02, -1.575662657176116e-01, 5.187392054300408e-01, -4.817111053888319e-01, 4.233614259607132e-01, 1.003636369396296e-01, -3.181004428215608e-01, -1.806677927538605e-02, -1.289040208291350e-01, 1.036178211436331e-02, -6.396798721107962e-02, 8.422404606072359e-02, -6.205770386809403e-02, -3.151936570861226e-02, -4.475287149871945e-01, 1.220448708225571e-01, 1.920480830663219e-01, 5.282811688620150e-01, -1.877501403255309e-01, 1.583848239502249e-01, -1.931161862020175e-01, -3.197538391698121e-01, -2.615121601344115e-01, -1.438309138402575e-01, -1.307127222976333e-01, -9.512607845628654e-02, 1.373963847893331e-01, -5.303630928335617e-02, 3.562759326712433e-02, 7.360724818698793e-02, 8.822153275767772e-01, -5.209696951710308e-01, -6.930701910761819e-02, -2.826406752050806e-01, -5.216814350739309e-01, -2.122636679023028e-01, 9.234218617630943e-02, 2.913260577016497e-01, 2.746823301379997e-02, -1.087907010446292e+01, -1.902335814544611e+01, -2.390968114460702e+01, -1.433694461667235e+02, -1.316355415419999e+02, 9.527357272189568e+01, 4.407053091544883e+01, -2.174602140439535e+01, -1.731268473607117e+01, -4.460688199158724e+01, -1.388172649759325e+02, -1.107116622534755e+01, 5.507602319353816e+01, -2.631233920492686e+01, 4.026958060849830e-01, -1.915704559260062e-01, -1.143162620627955e+00, 3.842406662609873e+00, 9.909193820109630e-01, -2.259020025948987e-01, -3.573236534786793e-01, 9.991106471637669e-02, -7.386140469628061e-01, -6.828592092516965e-02, 1.260187144431545e+00, -4.191423748605840e-01, -5.232194160190586e-01, 7.461962130491019e-01, 8.842679634731562e-02, 1.137318824977849e-03, 3.534895359735538e-01, -5.978828427875098e-01, 2.848250087766067e-01, -8.902060917418803e-02, -1.531199029791435e-01, -1.652734396815339e-01, -2.572700674071850e-02, 7.362377206841934e-02, -1.313182420961812e-03, 1.416251215883766e-01, -3.534512194641674e-02, -1.510840647485174e-01, 3.300657433560476e-01, -6.767305470141265e-02, 8.633759200743277e-02, 1.448394418885527e-01, -1.929260045539975e-01, -3.535347823676021e-02, 6.604938425446323e-02, 2.332373881812286e-02, -5.164552706602991e-02, -3.072231345741205e-02, 1.694591762908858e-02, -7.502699920817255e-02, -2.760936796799510e-02, 1.574325372316254e-02, -3.513016850271729e-01, 8.002284628824624e-02, -2.672729408171523e-01, -4.090687155666933e-01, 4.300882693787292e-03, -3.503401850342805e-01, -4.159882607898641e-01, -1.973829465898845e-01, -5.913829575927044e-02, -1.675283250296557e-01, 5.929567631608875e-02, 3.374616340625069e-02, 3.161502882513706e+00, -9.763247594248343e+00, 6.692880186496390e+01, 8.902065909900460e+01, 9.129741891342955e+01, -9.714703502923253e+01, 1.238519225940764e+01, -3.466545573482826e+01, 5.048049376928393e+01, -9.110713295701983e+00, 6.635584257369368e+01, 4.241671333546419e+01, -1.905064421748868e+01, -1.950318074437973e+01, -5.459980657171801e-01, 1.009355552404402e+00, 1.275874551749725e+00, -2.608116052858905e+00, -4.416834501502417e-01, 1.515552886189555e+00, -4.031243970437051e-01, 1.238954686828440e+00, -5.211810611975933e-01, 1.827635835028968e-01, -9.145655078775908e-01, -4.815073528572940e-01, 3.947399163968539e-01, -8.517501775712046e-02, -1.192720634162596e-01, -1.600314129478032e-01, -4.906176349836790e-01, 2.123881991157672e-01, -2.673502266657750e-01, -4.104952838468400e-02, 2.555650930710933e-01, -1.074866904817482e-01, 7.601867782986611e-02, -5.717026711758761e-02, -5.744259775279027e-02, -9.706107923260067e-02, 1.665152479078883e-02, 6.460931029330577e-02, 4.579191688137469e-01, -4.574287971538880e-02, 1.984108889889934e-01, -9.785893857574310e-02, -4.573922886968875e-02, 3.010318385019853e-01, -1.659953252577813e-01, -1.985645706863406e-02, 4.228593052456982e-02, 1.149924519851313e-01, 4.687586312570168e-02, 2.387370938036026e-02, 2.892237150266759e-02, -5.384874182408822e-02, -4.087045885694804e-01, 2.927256432209659e-02, 1.722703728972187e-01, 1.240665174636618e-01, 2.093286414930465e-01, 8.216304555451759e-02, 3.389452940246007e-01, 7.484575877273081e-02, 1.316728067474948e-01, 4.005212708337720e-02, -3.422570607292411e-03, 2.390208589859954e-02, -6.942258423779255e-02, -5.328824702739736e+00, 1.768294047396515e+01, 1.366076739573451e+02, 1.330011222205486e+02, 1.530186444510894e+01, 1.730194570453927e+01, 5.333296709969039e+01, 5.251895915196098e+01, 4.486041867974304e+01, -2.255176528661178e+01, -1.391898630525887e+01, -1.117046174453610e+01, -4.448913633627032e+00, -3.044428563491085e+00, -4.477797497687037e-01, 4.364898465611842e-01, -1.673897746606959e+00, -3.363783413538001e+00, 3.811409952925320e-01, 4.255022448543458e-01, -7.811357415838602e-01, -6.172314060337524e-01, -6.814069459695159e-01, -1.488051361344479e-01, -3.668008792803817e-02, -2.861421344866255e-01, 4.120469752192868e-01, 2.517868969034663e-01, 1.276882313235859e-02, 6.292511028980052e-02, -1.515080691966430e-01, 1.141620565730364e-01, -3.891223100787802e-01, 2.840286995327984e-02, 2.071127550118204e-01, 7.595338463711945e-02, 1.024600921769580e-01, 5.600454641903330e-02, -3.496345330321900e-02, 1.327264548747670e-02, -4.152430455857654e-02, -3.006077729424541e-02, 3.215437931842874e-02, 2.062466547885186e-03, 2.248638532685746e-01, 1.596767066975800e-01, 1.782099908949685e-01, 1.885696737487506e-01, -1.813886793368963e-01, -3.907614871391316e-02, -1.051159498188208e-02, 7.415733140541116e-03, 1.849413017757401e-02, 1.366399834227606e-02, 5.311724521490252e-02, 3.582163205266284e-02, -2.594535891548556e-02, -2.839402757722327e-02, -2.367594188948370e-01, -1.385553396946299e-01, -1.844720822214544e-01, -7.923083859195908e-02, 2.127161072683558e-01, -4.261786015998873e-02, 8.230043886024048e-02, 2.249809189216418e-02, -6.157021028604290e-02, 2.817766139874114e-03, -3.438772155575253e-02, -8.521398309855915e-03, -9.692231669551904e-02, 1.231349158747864e+00, -2.210291338459842e+01, 3.010992509072900e+01, -2.217626182313064e+01, -8.402188046732839e+00, 5.470760869282057e+00, 2.164592999558660e+00, -1.017538879388655e+00, 1.512333531132176e+01, -3.090939927430850e+00, -9.197074910248380e+00, -4.866424735512895e+00, -3.429414435348385e+00, 2.696106291447006e-03, 4.114045127151590e-02, -4.163185961639377e+00, 5.382169487691462e+00, -1.155411060779350e+00, 6.197493649134531e-02, -7.038104274558325e-02, 1.486072856623867e-01, 2.771634765076980e-01, 1.464081984844826e-01, -1.337864731041691e-01, 3.715001778570287e-01, -1.492847928969589e-01, 1.181950891986535e-01, -1.376742529491323e-02, -4.128409415988143e-03, -1.088657936787100e+00, 1.165614420925301e+00, -2.071325649744026e-02, -1.855212606707455e-01, -5.393996268902128e-02, -1.091635511197588e-02, 1.015805040501451e-02, 1.226851937649142e-02, -1.098462726275806e-01, 4.497154442646962e-03, -2.027749031573571e-02, 1.050366767440291e-02, -1.530739682593358e-02, 1.500923249164549e-04, -9.188066429166120e-01, 4.958248689962081e-01, -4.476509075954851e-01, -8.411586101583741e-02, -2.707994091895631e-01, -2.290209925677419e-01, -2.332061581503884e-02, -2.852802191385431e-02, -7.729241606251221e-02, 5.764677050891669e-02, 7.806624563419141e-02, 3.406247668611363e-02, -2.868132283333905e-02, 1.364174266391580e-03, 8.960535469995657e-03, -1.203550389911591e+00, 2.782004254683171e+00, 1.011804344409367e+00, -3.924642094568975e-01, 5.310028711710540e-01, -4.559808662263211e-01, -2.770046882850620e-01, -1.033854621192492e-01, 4.556805288755014e-02, 2.968810622138969e-02, 4.766169405719201e-02, -6.085983592247639e-03, 1.124643625518998e-01, 1.204355236690537e+00, -7.470865235839849e+00, 5.920398599891821e+00, -3.999203197534327e-01, 4.696174335924558e+00, -1.090054039895145e+00, 3.044057444685389e+00, -9.353445775345253e-01, 2.700842923150935e+00, 1.783437890724824e+00, 1.046257620041078e+00, -4.125846909837249e-01, 1.995586287543854e+00, 8.294054989831148e-03, 6.936774377027425e-03, 7.968418041668066e-02, 6.422366622087838e-01, 5.329931284784349e-01, 2.031734591517555e-01, 8.829799857114738e-02, 2.563860163891044e-02, -1.133238516241290e-01, 1.613530193552024e-02, 8.420330296299570e-02, -1.809083470087792e-02, 1.072477551170826e-01, -3.971557611226712e-04, -4.953539703133564e-04, 1.395228534534252e-03, 3.602275461266639e-01, 3.035033858366739e-02, -4.805629658783507e-03, -2.226855687289275e-02, 2.958368355108376e-02, -5.792867124435974e-03, 6.893903508920052e-03, -6.169384765276177e-04, 3.113217080051169e-03, -3.080652876416854e-02, -5.946450164494544e-03, 5.250656761485669e-03, -2.738839091609354e-04, 2.697899851555165e-03, 1.640906757064544e-01, -1.666002142493301e-01, -1.628145324171919e-01, 1.147841592971403e-01, 3.901682380902500e-02, 5.356748030140610e-02, -4.052391191897344e-02, 1.474562233486498e-02, 1.103793923647386e-02, 2.430007735388251e-02, 1.812205405962238e-02, -5.691876012145687e-03, -3.822704377749132e-05, 2.288971548870432e-03, 5.454703518903410e-01, 2.065340719691029e-01, -1.134387052495016e-01, -1.422199024012935e-01, 2.966073102618526e-02, 6.667930107547047e-02, -1.871042079958970e-02, -5.879950002913997e-02, -1.374782751327861e-02, -1.145642678861691e-02, 2.176145851217794e-02, -8.185820354174386e-03, 1.007220238694959e-04, 5.665919861467942e-04, 2.170353218093982e+00, -3.211794605295363e+01, -1.202729500634043e+01, 1.525167120221238e+02, -1.796891593163950e+01, 1.526317329756357e+02, 1.219255031875111e+02, 3.515765471416003e+01, -6.876621138338830e+01, -2.870357143912605e+01, -5.140154279550897e+01, -6.855861983554638e+01, -6.034441066722584e+01, 4.543103234580744e+01, 1.851207750298644e+00, 1.701768435728595e+00, 4.031990032923521e+00, -1.805920735064096e+00, 1.665340251352631e+00, -5.903637716478618e+00, -2.190695596973587e+00, -7.149281100139167e-02, 2.354497893732784e+00, 1.996991660589658e+00, 1.347311148858253e+00, 2.843234738382501e+00, -6.933569674997436e-03, -8.914278780661485e-01, 1.128422230216877e+00, 8.093980804960033e-02, -2.724473784855409e+00, -9.046142707685441e-01, -1.385000021067483e-01, 5.872178289844713e-01, 3.897095509089935e-01, 2.202853209770037e-01, 4.337315137880123e-03, -7.397922475457336e-02, -3.859794820583696e-02, -3.270219023638760e-01, 8.996526770305775e-02, 1.374884186559613e-01, -1.359912915989140e-01, 2.190752362041889e-01, -1.667719490528708e+00, 1.102164202091152e+00, 2.432495019526760e-01, -1.214772351923546e+00, -2.241361284087367e-01, -2.618587078342538e-02, 1.960768099069884e-01, 2.982750203724414e-01, 8.113590198832996e-02, 1.498791460063456e-01, 2.004641145641332e-02, -9.390027600360557e-02, 1.079642393640783e+00, 2.909071665114074e-01, -9.568233557380504e-01, -1.697494227052896e+00, 1.455766104734327e+00, 4.850331390499509e-01, -1.368215631114777e-01, 3.631076192547155e-01, -1.156527617905241e-01, -3.823959071930551e-01, -2.174973714020403e-01, -2.556125503986491e-01, 1.538967920498900e-01, 9.307649720907889e-02, 2.259822656566581e-01, -1.903835964187514e-01, 2.888202423521163e-01, 9.470440727441357e+00, 1.866515701414971e+00, 9.751668298373975e+00, 1.676253714970023e+01, -6.155858072446954e+00, 1.279680501508695e+02, 6.108619875146356e+01, -4.790653146771872e+00, 3.722324966920328e+01, -8.437048540455672e+01, -4.905067581013194e+01, -1.671541059809640e+01, -1.792474064973100e+01, 2.001360605094074e+01, -7.123013235642761e-02, -1.911223094083005e+00, -2.493988011424001e+00, -3.385582461294334e+00, -4.819840214262700e-02, -7.377914923515867e-01, 8.383835587148053e-01, -1.135463509278770e-01, -1.302867292101784e+00, 6.956648736916067e-01, 7.042020884014085e-01, -1.309614374605902e-01, 7.785833512235319e-01, 1.169411321900580e-01, -5.808574699413501e-01, 1.869676791214722e-01, -1.255940259187102e-01, 1.292749190559470e+00, 3.597858993419934e-01, -5.170491000783698e-01, -5.957177433026205e-01, -2.153932933409280e-01, 1.500495495260326e-01, -1.307926772776169e-02, -5.067049464985735e-02, 2.224290753716159e-01, -1.458967303752787e-01, -8.278243385539837e-02, -8.143705920606265e-01, 1.798696688728328e-01, -4.230612866542947e-01, 2.554741415040874e-01, 2.299704788043603e-01, -3.309670488424512e-01, 1.531501470954411e-01, -2.337788647849754e-01, -1.396131268303918e-01, -9.305676666682215e-02, -2.148193824285206e-02, -1.149102429331320e-01, 4.184484317145696e-03, 2.801634305761478e-02, 1.289044695744942e-01, -1.780369120747012e-01, -9.523240954161719e-01, 6.859503375446515e-01, -1.458272497246586e-01, -5.307706382865470e-01, -1.577429813801087e-01, -3.836570350634494e-01, 2.767760854353480e-04, -1.363167911116181e-01, -1.764998114932625e-02, 1.168359211682890e-01, 1.382655173747442e-01, 4.161111956549924e-03, 2.485544019116316e-01, -5.851604611655136e-03, 1.674675314937314e-01, -2.936469619423163e-02, 8.627027351954405e+00, -3.082305918308830e+01, 1.103685795640439e+02, 6.458622464471986e+01, 7.109750657955392e+01, 2.126836136756932e+01, -2.513964849259201e+01, 1.808652348336258e+01, -2.394889592973145e+01, -1.489275778923772e+01, 4.453072415464540e+01, 4.865302101790132e+01, -4.645849126185949e+01, -6.587288284953155e+00, 1.621981432873784e+00, 3.975236032336768e-01, -4.239477646294732e+00, -5.324251693015895e-01, -1.252668607174497e+00, -7.742068287588509e-01, 8.047870114038950e-01, 1.387956080964221e-01, 1.065999684081328e+00, 4.238532438834853e-01, -6.445670849033248e-01, -8.139340985471867e-01, 8.819587183899535e-01, 4.105480585612947e-01, -6.236864734646258e-02, -1.425131192169539e-01, 1.113730582663802e+00, -5.185688060749943e-02, -7.815731003786971e-02, 4.022368644345592e-01, 2.015510468569207e-01, 7.826147312731555e-02, -8.743271481064809e-02, -1.697659307948616e-02, 1.203783138761536e-02, 3.149687831227243e-02, -9.144828785234942e-02, -4.243198367379157e-02, 1.580112871935355e-01, 1.142111802472897e-01, -1.579474225016532e-01, 3.845072376136082e-01, 3.897603268135121e-01, -1.409546414654185e-01, 6.772266778737511e-02, -1.541907161384826e-01, 1.709058445675257e-02, -5.611429265809906e-02, 3.107159483973303e-02, -2.484970507258528e-02, -3.061501757935061e-02, 4.245910488525018e-02, -4.135583468383544e-01, -7.160657817267996e-02, 1.038227735661907e+00, -2.988377507683193e-01, 3.002056249067945e-01, -1.184705155328799e+00, -1.706999344006739e-01, -2.986391156235422e-01, -4.584805805297846e-01, -3.985846230722975e-01, -3.517857336908093e-01, -2.073043073593068e-01, 4.937213775912978e-02, 4.911488024989813e-02, 1.000022808163590e-01, -2.870391156292021e-02, -3.622534840532936e-01, -1.508996402672272e-01, -9.402279537748152e-02, 7.118188500511534e+00, 1.729154208137430e+01, 8.245244894729629e+01, -8.309567921008460e+01, 5.020293174687441e+01, 1.938952989663382e+01, -4.625147966074487e+00, 3.721325142425444e+01, 2.000719236644563e+01, -2.645128996611946e+01, 1.503016983995194e+01, -4.024649688302583e+00, 6.533334623641471e-01, 9.512880484056238e+00, 1.501760563935932e+00, -8.843686560089427e-01, -2.362917167206937e+00, 1.510513633658794e+00, -1.979448393824698e+00, -8.161878619134529e-01, 5.216165782127260e-01, -1.067129106253732e+00, -6.775720038118920e-01, 1.370111454299084e+00, 7.407356589136923e-01, 9.500433380874477e-01, -3.242003644975936e-01, -3.800660457243697e-01, 4.182620546977166e-01, -3.950463381224582e-01, -5.507365649610489e-01, -2.123122973029227e-01, 1.521116937688909e-01, 2.764753003790673e-01, -1.289694461845570e-01, 1.751678874448223e-01, 1.699503237259143e-02, -1.418415167138307e-01, -8.675557181596476e-02, -6.785605715285076e-02, -1.337351338649426e-02, 4.032565196119028e-02, 5.897878944941735e-01, -1.124873962295204e-01, 1.762935079419983e-01, -1.779635928013130e-01, -1.090598760749930e-01, 1.012830902923106e-01, 3.680489446172477e-01, -2.125260306707311e-01, -6.526584753028106e-02, 1.434969699984779e-01, 6.797080211870454e-02, 7.252187000539040e-02, 1.889518624213854e-02, 6.388399465740956e-05, 6.507152462499766e-01, -1.136982668006353e-01, -1.080017679498838e+00, -1.662388245179500e-01, -4.804880083622233e-01, -2.588637490139273e-01, -5.071528258456053e-01, 1.257775699178163e-01, -2.009103314670546e-01, -5.352226009833570e-02, 1.429600058923158e-01, 1.168231858285101e-01, -1.420119937683901e-01, -7.402418863806570e-02, -3.079796014798453e-01, 1.159135889448400e-01, 6.502704233089954e-01, 3.133984281851536e-01, 9.758901634409703e-02, -1.122236963322223e-01, -5.596693268354355e+00, -9.880877269478018e+00, 5.434653329573228e+01, 3.437726377901938e+01, 1.219608718594900e+02, -2.552941687655188e+01, -1.557723270355890e+01, 5.526575282501827e+00, 3.628866457020817e+00, 4.164389662861042e+01, 2.671393928637086e+01, 3.464058332421570e+01, -1.854230488706780e+01, -3.151870270585650e+00, -1.677177256309549e+00, 6.057092400121522e-03, -2.285821759242517e+00, -1.666492804116918e+00, -3.065148018592550e+00, 1.078130831527776e-02, 6.989245878721516e-02, -6.887835544142782e-01, -7.804098719093426e-01, -1.416243853316739e+00, -8.810746354564647e-01, -6.168533181529620e-01, 4.983870869865588e-01, 2.061533930984133e-01, 1.907236551382618e-01, 2.167991673221521e-02, -6.209335476777405e-02, 2.543718770071606e-01, 2.739403177185727e-01, 2.179703125507210e-01, 1.018692079496563e-01, 1.116529714436591e-01, 1.273716725462636e-01, 1.686779119130585e-01, 5.747201367567158e-02, -3.760548131206427e-02, -1.995977468372036e-02, -3.629798270977424e-03, 6.205800052644785e-01, -1.294562292076587e-01, 4.664595997490028e-03, -1.896280406503649e-01, 2.800924070732412e-02, 2.913714681896043e-02, 2.067291729343976e-01, 4.435667256737694e-02, 1.485450768438449e-01, 1.350248013544621e-01, 1.120115021838238e-01, 7.287229850709005e-02, -2.786883675788219e-02, -1.501695869498590e-02, 8.301106172409343e-01, -1.782883242577749e-01, -1.310514337792594e+00, -7.685953878162133e-02, -1.174655335819305e-01, 2.148273545996307e-01, -3.611644495583418e-01, 3.099338503298091e-02, 8.341427682484058e-02, 2.686064480128438e-01, 1.792971256323095e-01, -7.836285494519868e-03, -4.364216875321988e-02, -4.564987540446274e-03, -7.839216032495884e-02, 3.902363514107199e-02, 1.981281788195401e-01, 7.937107569696088e-02, -7.777770661718141e-02, -4.399380475291161e-02, -3.975423458667347e-02, -4.650842308831214e+00, 1.372241343069673e+01, 1.373981197411941e+01, 1.165932591044298e+01, 4.338721624670212e+01, 2.230843877217447e+01, 1.905188246318589e+01, -5.873687003139656e+00, 2.802950575057232e+01, -1.481083399387781e+01, 4.639045028596010e+00, -1.641052018791006e+01, -8.412267439561260e+00, 2.510803574558201e+00, -2.529591826599471e-01, 3.473516973559455e-01, -6.773283435220959e-01, -8.985634676884782e-01, -1.728207689563595e+00, -3.046759375216860e-01, 1.595466968467955e-01, 4.885237666681067e-01, -6.004060044345392e-01, 2.580053762464469e-01, -3.695201444532016e-01, -1.505073993092403e-01, 4.428288881385034e-01, 8.045345599413542e-02, -4.825844928633881e-03, -7.698575279577401e-02, 4.772391156590960e-02, 2.635977127740255e-02, 3.188785889193028e-02, 3.742301434694418e-02, -2.567986165518928e-02, -1.800716514570447e-02, 5.868476567248899e-02, -4.327300204658141e-02, 3.326896804247338e-02, 4.509726586589972e-02, -5.626169772891133e-02, -1.204065166461596e-03, 1.489325830562521e-01, -1.463565740303515e-02, 9.263412622376543e-02, -1.532856519510125e-01, -9.329965671803855e-02, -1.028480129488638e-02, 9.081989792345817e-02, 6.231480255555744e-02, 8.938515418536257e-02, 8.389692423849250e-02, -1.294927306146314e-02, -7.225053632447034e-02, 5.795116319439845e-03, 8.385212828992976e-03, 4.594778594103045e-02, -2.821294968396346e-02, -1.107846625935174e+00, -4.677634881472222e-01, -3.453667231656652e-01, 1.044410612385840e-01, -3.469577221527042e-02, 8.993696485160142e-02, 1.197375566481459e-01, 7.987674950277794e-02, 1.616749835754708e-01, 8.853148217805487e-02, 2.694617814756807e-03, -1.323522505255201e-04, 2.343683211774708e-02, 8.670178522045548e-03, 3.952658862315001e-03, 1.053374273257296e-01, 1.749469839076062e-01, 1.582644982857773e-02, -1.081763280326440e-02, -3.248348134437184e-02, 4.930105641647220e+00, -3.329139021461335e+00, 6.783209924996314e+00, -7.909067212198300e+00, 3.090693153064577e+01, 3.867458767513128e+01, 6.501623598931006e+00, 4.070201928745627e+01, 6.067075499049789e-03, 8.633689013472964e+00, -2.671054944082834e+01, -7.958068826281301e+00, 1.589365677212434e+01, 2.890992997611311e+00, 1.054953417336264e-01, 1.526760841255040e-01, -3.597282654866275e-01, -5.924265254021898e-01, -8.609253234669945e-01, -2.224192945298396e-01, 6.987656236713452e-01, -1.194844587980303e-01, 3.995980177203712e-01, 1.238790659844842e-01, 2.343215281897525e-01, 4.057360424895121e-02, -9.402075837304963e-02, -2.820561102250674e-02, -1.475074094131584e-01, 7.860999454447971e-03, -5.842899720998503e-03, 2.262327973640994e-01, -4.692990408913517e-03, 8.853707553871376e-02, 6.228314762832370e-02, 1.657091706579918e-01, 4.181551060463515e-02, 2.539499615685731e-02, 4.067319646151142e-02, -2.766090719296565e-04, -2.082216816182374e-02, 1.166891348987517e-02, 1.037169616855325e-01, -4.175331619138137e-02, 1.497353039963903e-01, -1.670281635482265e-01, -8.938260500394633e-02, 6.568853849214248e-02, 1.938067891373671e-01, 4.641468693606966e-02, 5.159177670278080e-02, 2.119424062653652e-02, -2.562173416817671e-02, -1.015456301934026e-02, -4.711505326235661e-03, -8.636436010831500e-03, 3.916467858080623e-02, -3.520319011710384e-02, -6.487511303414580e-01, 5.568634724372433e-02, -1.713060088547069e-01, 5.131808672106133e-02, -1.206561202386496e-01, -8.548789636155819e-02, -3.070634163493190e-02, 2.653934179779131e-02, 1.346787576454860e-01, 3.305895710250204e-02, -3.411855921066061e-02, -8.459433422764369e-03, 8.392522120688649e-02, 5.052926140412275e-03, -1.284230826321902e-01, -1.914272104744954e-02, 8.415547956323137e-02, 6.426640302904935e-02, -7.376208914465214e-02, -5.007934350965378e-02, 6.008991417387417e-03, -2.083833431527370e+00, 5.619482061185824e+00, 2.975264977475775e+01, 4.362795056389459e+01, 3.835862975817165e+01, 2.556914464550623e-01, 6.249371552515989e+00, 1.278357480275361e+01, 1.653000497436995e+01, 4.742325754341184e+00, 2.095724807009491e+01, 1.641197797732845e+00, 5.507737415590144e+00, 6.471698707491398e+00, 1.415252245034846e-01, -1.996115420280371e-01, -3.115315883854125e-01, -6.938254388871570e-01, -6.990793899529115e-01, 7.121792162849663e-02, 2.842172077611395e-01, 9.246931821922662e-02, -8.259123164478824e-02, -7.103395058901414e-02, -7.331368685456611e-01, -2.962570469690747e-02, 2.640810801914296e-01, 6.296687128821010e-02, -1.164738061350559e-03, -3.378659850137863e-02, 2.069405068370333e-01, -1.872316439000839e-02, -1.584084598904015e-01, 2.221300933313313e-02, 7.368300574600083e-02, 3.039743351451300e-02, -3.949514051494650e-02, -3.827258938515271e-02, 1.104648818353908e-02, -5.883371504332825e-02, -2.852300890829448e-02, -2.038449544739659e-02, -9.222681847793644e-03, 5.422529624041597e-03, 9.010205678170263e-02, -1.569276150586848e-01, -1.907006467024517e-01, 1.554109551346302e-01, 1.141045970405657e-01, 1.112965682525738e-01, 9.655313318167531e-02, 1.956228225915721e-02, -1.049349238091911e-02, 1.077657886212475e-02, 2.945389835486566e-02, 9.935004971681623e-03, -1.204126810582873e-02, -1.513446789632601e-02, 1.260364932614148e-01, 2.139176714660811e-01, -1.943171908537955e-02, -3.157871254555762e-02, -2.031330612085938e-02, 8.654712940033486e-02, -1.835627953560787e-02, 4.098514783946136e-02, -2.225873468080219e-02, -5.190713490676495e-02, -3.642270632094528e-02, -2.789638151775457e-02, 1.469320084032035e-02, 1.667573358573161e-03, -1.534868819424884e-01, 2.994437681043456e-02, 1.001013351274111e-01, -4.327665030425093e-02, -8.961882465488032e-02, -4.927120518178256e-02, -9.037465588618572e-04, 6.706735704842436e-03, -3.804114571523652e-01, 4.316812127272061e+00, -2.659282968209283e+01, 3.812816659321502e+01, -1.126321957746346e+01, -3.493108803911912e+01, 2.398921547948192e+00, 2.602435392746068e+00, -3.615346097133425e+00, 2.094123114915680e+01, 9.440219653361269e-01, 6.432603265807900e+00, 6.007016466981435e+00, -3.094910562675225e+00, 7.601786848274038e-02, 9.653951520460283e-02, 8.712043920147376e-01, -1.287956216534332e+00, 5.591361227651870e-01, 5.542517665720420e-01, 1.978453851549399e-01, 2.276751366250523e-01, 3.769734033287331e-01, -5.366158867353407e-01, -9.359312327438955e-02, 7.797553522586176e-03, -1.750379002011438e-01, 1.101219266401404e-01, -2.006913112836161e-02, -1.846011089522568e-02, 2.621149021388863e-02, 6.695946897493253e-02, -2.371878584806043e-01, 2.153280374363082e-02, 3.365634593735520e-02, -1.205459575137009e-03, -2.466177788232993e-02, 6.739893719370013e-02, 2.519209824007691e-02, -2.304591827115768e-03, -2.851344690549055e-03, -1.573463077056719e-02, 7.989887025322158e-02, -1.551496511133245e-03, 3.225979006124846e-02, -1.034742934085055e-01, -1.594983256888570e-02, 4.253934446622400e-02, 7.916088152863626e-02, 6.746742581711720e-02, 3.502619584107013e-02, -2.718175454039960e-02, 1.479709535053258e-02, -2.444003554652905e-02, -5.238484642602075e-03, 1.141675247236311e-02, -1.610099493752792e-02, -4.849529787262895e-02, 5.412104333626584e-02, 2.530079860768405e-01, -1.030018755911252e-01, 6.292013215543370e-02, 1.101933096251195e-01, -9.576958151503505e-02, -6.349347795106883e-02, 4.080216569822634e-02, 3.638873124396886e-02, -4.658226474075176e-02, 6.231884437813537e-03, 2.282083240373045e-02, 3.786667229468688e-02, 9.830323807698544e-03, -3.792360411903176e-02, -1.294771082735490e-02, 5.020627593248603e-02, -6.508152698593721e-02, -6.797876256254483e-02, -2.155106989265720e-02, 6.461242819677722e-03, 1.976772240858413e-02, -1.543624913941743e-03, -4.380092967448636e-02, 3.365803059079922e+00, -1.697968671212224e+01, 1.440364250870513e+01, 1.503336843997772e+01, -7.905533608930546e+00, -6.410638888929584e+00, -1.588392334840635e+01, -2.044155483414211e+01, 3.334516066475561e+00, 1.056322577293444e+01, 2.246348235703566e+01, -5.205787411333717e+00, 2.305806397467538e-02, 2.029050804878187e-01, -1.615259036737787e-01, -3.399072101340899e-01, -1.245922325190325e+00, -4.311765638174331e-01, 2.510940727915645e-02, -2.627006394330295e-01, 1.180328386387945e-01, 2.428033804867598e-01, -2.086864124966266e-01, -4.555149235246813e-02, -1.548754311731398e-01, -1.552763134249165e-01, -8.894135686697158e-02, -1.216145827333991e-01, 3.664742393956649e-02, 2.606967738532771e-01, 2.839003915663715e-01, 2.742810551499854e-02, -4.913058717938069e-02, 3.921974617484064e-02, -2.221672554592986e-02, -4.180332073171293e-02, 1.051805073250115e-02, -3.563216721998293e-02, -9.162420338477048e-03, 1.959790431090337e-02, 1.095749212109368e-02, 3.091635528545747e-02, 1.533537517139290e-02, 2.160406284428465e-03, -1.582403949678609e-01, -4.302640780883538e-02, 6.223598400130943e-02, -6.337626586942376e-02, 1.002888953299962e-03, -1.645433693263535e-03, -1.881764320806819e-02, -2.608807608317653e-03, -4.392468895863284e-02, 2.984175821547078e-04, 1.489095849090683e-02, -1.612503790350300e-02, -9.786537678667094e-03, 9.580676796560970e-02, 4.580896620379474e-02, -1.167090758409921e-01, 2.933202978590479e-02, 1.661655786472171e-01, 4.559744559167474e-02, 9.695609137644501e-02, 2.156388827107593e-02, -2.205808086504115e-02, -1.877365919525487e-02, 2.416629156240905e-02, 5.813217574909805e-03, -4.018998902995212e-02, -5.652296371033987e-03, -3.746862282083496e-02, -5.318902408132589e-02, 4.491189223546369e-02, -4.476739089610601e-02, -1.358151882979718e-02, -8.247528502660528e-03, 1.224677974637362e-02, 1.359082667688819e-02, 2.489270140744239e-02, 1.430623242097226e-02, 4.221718074977737e-01, -8.177520088983330e+00, -2.433812653061966e-02, 7.820542381491746e+00, -5.696298463702297e+00, 6.595637291185537e+00, -1.679969600423347e+01, -3.086684812641307e+00, -3.832404275308595e+00, -3.807593692365645e+00, -7.278219122838354e-01, 1.597591906881072e+01, -8.057458066320123e+00, 7.311558987153149e+00, -1.582235739104903e-01, 5.932525372205760e-02, 1.924825558209374e-01, -1.265321623441568e-02, 3.252425472099225e-01, -1.466512765524619e-01, 5.442937866204633e-01, -2.369209129399238e-01, 1.367331788221783e-01, 9.338647813583012e-02, 2.165402411010551e-02, -4.963208177560554e-01, 1.738712585072358e-01, -9.177984911122676e-02, 4.807414209575114e-02, 9.180735421040398e-03, 2.402491481658650e-03, -2.152303021596380e-03, -8.365990137447601e-02, 4.188168694769742e-02, -7.624774947826932e-02, 2.573118296773519e-02, -4.280823084817689e-02, -2.657362385507922e-02, -9.280967723684560e-03, 5.895108937443216e-02, -1.059411568069228e-02, 1.184595982846010e-03, -2.295924851315828e-02, -7.812416377699110e-03, 7.633474125490414e-03, 2.843358970415953e-03, 3.435147896955803e-02, 2.510434035126988e-02, 8.631286385008620e-02, -6.576437289771761e-02, 1.508879498792264e-02, -9.057833704830241e-03, -1.851579135224946e-03, -2.974168989592797e-02, 1.006343475993370e-02, 1.689195508010371e-02, 3.767611399455343e-02, 3.620599083978372e-02, 2.262891581677707e-01, 5.383218565888400e-02, 1.052653997320841e-01, -6.015699540915290e-02, -6.269595202477021e-02, 5.696936449721452e-02, -9.370312900119891e-02, -3.003668887604919e-02, -4.478060894322042e-02, 4.119581187952302e-02, -1.468147412964648e-02, -2.615683588414131e-02, -1.696396056186358e-02, -7.849410623494696e-03, -5.532836464800888e-02, -2.639385641505746e-04, 2.288403196259073e-02, 4.339041364488792e-03, 3.726024315311926e-04, 2.062154377052167e-02, 1.168665889500428e-02, 2.436661965458201e-03, 3.758335767397382e-03, -5.323965925575894e-03, -1.953978448734978e-03, -3.652210310062260e-01, -1.450668666350262e+01, 6.677122361061457e+00, 6.536277056228038e+00, 1.079327026213050e+01, -1.930148392008103e+01, -9.317567003276876e+00, -1.975394779416820e+00, 1.341811926211552e+01, -1.912850210011467e+00, 9.832955252809345e+00, 9.111214810220797e+00, 2.192812472722014e+00, -9.810217325362466e-01, 1.060294077241660e-01, 2.953849558313975e-02, -3.889688922911059e-01, 1.803048852527642e-02, -1.274046597778123e-01, 4.186023153232267e-01, 6.510422129260236e-02, 1.927816690759457e-03, -2.488082351801138e-01, -5.501709638184505e-02, -3.028381060539089e-01, -3.173523282024042e-01, -7.181118231110405e-02, 7.434410643247975e-02, 9.092180572760372e-03, -7.882212289979148e-03, 6.392358296942126e-02, 1.952647842023893e-02, -5.926680064500292e-03, -4.577025398040274e-02, -1.107119198082124e-02, 7.751289888239793e-03, 8.357849181975166e-03, -5.579252351451100e-03, 2.974758899673603e-02, 4.270312768156902e-02, 1.788683721409159e-02, -5.360046556566937e-03, -6.927774326363770e-03, -1.737361498570379e-03, -7.490197023021083e-02, 2.417720697385882e-02, 2.584029721307469e-02, 1.100874260480967e-02, 2.272307063813503e-03, -9.266673170030305e-03, -5.241316580211992e-03, 3.573747830623527e-03, 2.196991586917519e-03, 5.506867629592405e-03, -9.571190813765795e-03, 1.420060724960111e-02, 9.122884803946811e-03, 4.686810349379711e-03, 6.177342547448717e-02, -1.334877336601110e-01, 8.541218371512593e-02, -5.443334346540367e-02, -1.867153488882755e-02, 8.793711969453429e-02, -6.503469476336238e-02, 1.406071691034405e-02, 5.832579921888675e-02, 3.175686466207756e-02, 1.917757177291369e-02, -1.708824398569688e-02, 9.286613373267520e-03, 4.989892983090567e-04, -3.816666973890455e-02, 6.834522504230812e-03, -1.442974698950298e-02, 4.055381867793658e-03, 1.128161585552163e-02, -1.272546633180928e-02, 5.396216102112781e-03, 6.998915900743013e-03, -5.486083578531813e-03, -1.191437912604398e-02, -4.275882912403822e-03, -2.901360137800119e-03]
