elements:      [La]
cutoff:        6.0
pair_type:     gaussian
feature_type:  gtinv
model_type:    4
max_p:         2
max_l:         12

gtinv_order:   3
gtinv_maxl:    [12, 6]
gtinv_sym:     [0, 0]
gtinv_version: 1

electrostatic: 0
mass:          [138.9]

n_pair_params: 6
pair_params:
- [0.5, 0.0]
- [0.5, 1.0]
- [0.5, 2.0]
- [0.5, 3.0]
- [0.5, 4.0]
- [0.0, 0.0]

n_type_pairs: 1
type_pairs:
- atom_type_pair:      [0, 0]
  pair_params_indices: [0, 1, 2, 3, 4, 5]

type_full:    1
type_indices: [0]

n_coeffs: 3834
coeffs: [-1.085156934017150e+01, -9.876701915307475e+00, 1.796162215893043e+02, -4.093587987572852e+01, 4.911297342729153e+01, -6.855733964612878e+01, -3.694206195367879e+01, 3.307479731275166e+01, -5.310564086820472e+01, -6.432079215970479e+01, 2.001672191976289e+01, -1.120159874133983e+02, -1.128417483535947e+01, 8.570184242285878e+00, -4.060271830877690e+01, -3.005182635832985e+01, 4.268395621325457e+01, 3.842030367077500e+01, -1.910576723019388e+01, -3.950699202628106e+00, -3.601582848802573e+00, 4.071102804342773e+00, -7.166455612347588e+01, 3.350479438982151e+01, 1.965207788771250e+02, -1.904572062274897e+02, 1.588395274728792e+02, 7.691202478088638e+01, 1.431896505769489e+02, 1.183190170812447e+02, 1.975420599894247e+02, 7.578937562523532e+01, 1.515595750845090e+02, 3.486376067969244e+02, -6.841283370581316e+01, -1.452268224819168e+02, -1.826021865619465e+01, 1.204607885115074e+02, -8.103207492114200e+01, 9.169701895590794e+01, -4.005324002829175e+02, -2.906841164061249e+02, -2.438107236325598e+02, 4.281238758861485e+02, -1.881531770619450e+00, -1.091007899813067e+00, 3.903515913356384e+01, -2.212126593654377e+01, 1.658960326668715e+00, 1.574753856874003e+01, -1.618500139606852e+01, 5.067107684525888e+00, -3.849147041175687e-01, -8.837150770413126e+00, -1.165385005796258e+00, 2.841625607429488e+00, -1.713520684808064e+00, 1.424401146653299e+00, 2.899167173207849e+00, 2.788275270525005e+01, 5.924441349845862e+00, -1.131498829220280e+01, -3.771970090980123e-01, 1.689622733143510e+00, 7.309024906492826e-01, -1.475977558870282e+02, 8.806851820562495e+01, 2.869462787436768e+02, 2.471927737240105e+01, 8.379331962086206e+01, 1.434090136712143e+02, -1.047130577548428e+02, 1.405066510876373e+02, -1.804610346957602e+02, -1.770354892423364e+02, 1.901064054859195e+02, 4.760110954604683e+01, -1.079489660172079e+02, -4.430206887957424e+01, -9.852117353606820e+01, 3.328518655332170e+02, 6.520054400656410e+01, 1.273531933392219e+02, -9.549150926483242e+01, -8.025498009446115e+01, 9.057272906218161e+01, 2.592900981486274e+01, 2.474339320716431e+01, -4.843742156250890e-01, -2.616599519540405e-01, -2.412906137234067e+00, -1.074262165562710e+00, -9.182207565285884e-01, 2.779300093093292e+00, -6.059132132711857e-01, 4.375119530492162e-01, 2.781596741564950e-01, 1.568751388296125e+00, 5.178852390810487e-01, 5.917302183850013e-01, 2.547173221652314e-01, -1.710887050148682e-01, 2.191187418468668e-01, -6.873314662561695e+00, 1.898962170289777e+00, -8.845687759998224e-01, -7.323342276326906e-01, 1.153675387482430e+00, -3.012582369465434e-01, -7.632443513498131e+01, -5.163330200256604e+01, -2.646747517101903e+01, 3.804513369704309e+00, 4.005749937204644e-01, 4.166489122993291e+00, -2.224233367346946e+01, -7.803623446152412e+00, -7.417955650836961e+00, 1.561375317543480e+01, 8.734047371693594e+00, -2.399445101941835e-01, 2.693764120367317e-01, 1.459105162870511e+00, -4.247233969898775e+00, -9.646237562093948e+00, -4.158649865843691e+00, -8.806253258796090e-01, 5.487716284309046e+00, 2.342337780525464e+00, -3.962749169136831e+00, -1.387970845075986e+00, -7.547866946025803e-01, -2.536325627185793e-01, -7.546916915549347e-02, -8.526858391552966e-01, -1.877210838805929e+00, -3.145950095053814e-01, 3.443592664065370e-01, 7.005753149497970e-01, 1.077395434364766e-01, -6.382088927995417e-04, -1.278766636236309e-01, -5.955282395159124e-01, -1.059400638711774e-01, -7.097479264480340e-02, -1.757022465452693e-02, -1.314447630439036e-02, -2.336878568449224e+00, 3.665298298826552e-01, -7.628678215381615e-02, -1.311886845136919e-01, 2.306613268593724e-01, 3.086842040224196e-02, -3.967316720596629e+00, -3.242000589998398e+00, 3.774262822716064e+00, 1.393918888651094e+00, 1.049861212616674e+00, -3.025517303839116e-01, -1.638161420236123e-01, -1.219532321134674e+00, -7.685882557935881e-01, 3.431671580957900e-01, 7.675603525349282e-01, 1.159958244380707e+00, -3.264673489863268e-01, -4.365287057850330e+00, -1.546679963467493e-01, -1.256702726693375e+00, -6.090453335396619e-01, 1.627146025097611e+00, 5.056705386223587e-01, 1.655745718505662e-01, 2.867114252282506e-02, -1.558027582777139e-01, -2.167118363454787e-02, -2.966044638092243e-01, -1.245175072318600e-01, 8.696598228602575e+00, -4.049249426660607e+00, -2.747206012529894e+00, 8.982359517253972e-01, 1.210500385296714e+00, 2.507912925581847e-01, -5.683644283421231e-02, -1.845433563282295e-01, -4.185588083054199e-01, -2.153948526432979e-01, 2.016560669006103e-01, 7.049176607804702e-02, -1.183175918429382e-01, -4.305995300511973e+00, 4.765246151704526e-01, -1.500802145464440e+00, 2.781641993738767e-01, 6.927615421339522e-01, -7.305406566913332e-02, -1.402124955625123e+01, -1.086208139985214e+01, -7.293026392237723e+00, 8.134563672438787e-01, 1.964441424393375e-01, -2.478997001719977e+00, 1.631207032280769e+00, -4.214908671794416e+00, -4.115171849255427e-01, 4.011202850274630e+00, 3.543482895729387e-01, 1.307960027241990e+00, -4.517962182820425e-01, 1.611273550318554e+00, -1.286505082065296e-01, -1.147973000114466e+00, -6.613974017577426e-01, -4.097207774783848e-01, 4.401104263473145e-01, 5.376396384195188e-01, -1.070208170746798e-01, -3.741291030178820e-01, -1.061290399053857e-01, -2.101762268289092e-01, -1.221021329050808e-02, -8.375393996747237e+00, -5.526818726162592e+00, -3.067896647121144e-01, 2.643945189588954e-01, 2.515060870192787e-01, 1.973686685715416e-01, 4.646354890988410e-02, 2.321296023549059e-02, 1.084891219991669e-01, -8.545644345412562e-02, -5.793719650644755e-02, -2.912078014603798e-02, 9.796092676022326e-03, -2.471091129541158e+00, -1.956703622065997e+00, -2.077661859388246e-02, -1.550192151833750e-01, -1.149190968133095e-01, -2.347116261745614e-02, 1.104993104514286e+01, 5.461306997991721e+00, 9.551724543226390e-01, -1.864559282997291e+00, -3.118300855729041e-01, 1.190578301629254e+00, 1.073780106913799e-02, 4.657774322085151e+00, 2.016895769376471e+00, -3.247975740621148e+00, -7.953243812138407e-01, -1.272825859260623e+00, 3.982259687171142e-01, 1.780146711584200e+00, 4.334753586184364e-01, 2.406862932404161e+00, 8.115341805281840e-01, -3.306322923706415e-01, -7.611358843847179e-01, -4.255340078179602e-01, 1.662425739421643e-01, 2.594226015822664e-01, 6.976386883283298e-02, -9.876701310905629e+00, -4.060271714438087e+01, -4.909226819330487e+02, -3.005182909156823e+01, -5.319669769371357e+02, -7.206516498613957e+00, -4.268396137922859e+01, -1.224309070382958e+02, 6.148128853374149e+01, -8.849800055911183e+01, 3.842029914350830e+01, 4.923837090492345e+01, 6.056484680216978e+01, 4.930708353007792e+01, 5.424667236953836e+01, -1.910575958083637e+01, 2.283437663863193e+02, -3.919983678222896e+01, -2.614324354668581e+01, -3.611173115618611e+01, 7.097303552514722e+00, -3.950702712029678e+00, 2.257816080590457e+02, 3.616163797261856e+01, 2.547305423698922e+01, -2.078969280653163e+01, -2.228295149885010e+01, -1.345612716871985e+01, 3.601579780926599e+00, -1.825251967597655e+01, -6.570358155702202e+00, 3.719972914170901e+00, -6.081684466717541e+01, -1.675819296341039e+01, 1.287979547666810e+01, 9.849533490178072e+00, 4.454365577695445e+01, 9.223686248232148e+01, -1.228552898975114e+02, -4.338446033972650e+01, -2.191150545080765e+01, 8.486337019091893e+01, -1.486077421899180e+01, 6.356012210351797e+01, 1.758907007143924e+01, 8.412286457967866e+00, 2.137394432500363e+02, 7.254711142879083e+01, 5.345163338675751e+01, -3.774437208442142e+01, -7.182391106394697e+01, -5.286914481940206e-01, -5.062524408638583e+01, 1.694982461329442e+01, -4.099528533477816e+01, -7.696961425661372e+01, 4.943117265145140e+01, 1.634178562599169e+02, 3.390970898032807e+01, 3.673047609374685e+01, 8.731437973730536e+00, -8.410539772470347e+01, -3.096061476537431e+00, -9.887474016158871e+00, -4.920053186892203e+01, -4.556107558861429e+01, 3.850121829341057e+01, 2.566444358125840e+02, -1.256675098421812e+02, 5.258305429958679e+01, -2.996529715759436e+01, -2.700073460362297e+01, -8.891314756734625e-01, -1.373087501734697e+01, 2.485513561066050e+01, -3.522348605747545e+01, -3.037701064880760e+01, -8.973706641583284e+00, 4.796595368864089e+01, 2.033324037882490e+02, 1.000119383924247e+02, 2.171692791703562e+02, 1.077169321000306e+02, -1.127011206255806e+02, -9.154883618172892e+01, -1.108987281072525e+02, -9.163662800944458e+01, -7.183329697946007e+01, -3.253296061421725e+01, -6.991170501630549e+01, 1.727860847426646e+02, -6.880026633787394e+01, -3.355076816889145e+02, -1.513951799026103e+02, -2.492565976954651e+02, -7.345529189516692e+01, 1.580082784158389e+02, 1.342135073056742e+02, 1.022626206191203e+02, 6.956559395657189e+01, 1.168511205827536e+02, 8.970522028176354e+01, 9.923906281665477e+01, -4.608589999431391e+01, -1.383277504634169e+02, -4.101243316938767e+00, -1.954460116597881e+01, -7.017551916444113e+00, -4.491322961834760e+01, 2.897132802574621e+01, -1.055963848365988e+01, -3.911709538170693e+00, 2.377131846112308e+00, 3.191556345446581e+01, 1.691825277964162e+01, -6.065151310416223e+01, -7.455068170224827e+00, 9.454555332813328e+00, -1.593002826005071e+01, -1.091007909132424e+00, -1.300638552407506e+00, -8.799406157147325e+01, -1.187481662374633e+02, -8.453336185214587e+00, 1.148755376603391e+01, 2.426068068469665e+01, 5.473961055372091e+01, -4.764822912761472e+01, 9.551871518678097e+01, 4.860323973649864e+01, -1.079365652975360e+02, 1.258505754129451e+02, 5.459182111437550e+01, -4.418563769158544e+01, 2.899166831223699e+00, -6.278000788771306e+00, 7.834148522496687e+01, -4.620716861436504e+01, -1.469993846652944e+02, 1.021123952956604e+01, 7.655692442731045e+01, -4.754137197339160e+01, -1.167303649140027e+02, 1.072303855485591e+02, -5.291806046507580e+01, -2.228881326211267e+01, -6.032236454792427e+00, -1.829564403083480e+01, 5.700170141305409e+01, -6.441329897226299e+01, 2.788275607158402e+01, -1.903927847506912e+01, 1.603876094692720e+01, -3.708576367210103e+00, 9.370509811898857e+01, 5.168826905054701e+01, -1.959112764584468e+01, 5.182335750957431e+01, -7.287633255616777e+01, -5.193382270471235e+00, -3.866955141089288e+01, 2.148462772755029e+01, -4.708060772078393e+01, -4.156755427401241e+01, 3.616516326246446e+01, 8.799097923256340e+01, -5.244566814323721e+01, -5.924441503517580e+00, 2.025175487917173e+01, 8.266065127256242e+01, 1.716101377259990e+01, -5.561503436140589e+01, -1.022376521132672e+02, -1.181700150646600e+02, -5.360660368577667e+01, -1.613197827131199e+01, 4.200794024288491e+01, 4.763093896705711e+01, 2.111677106581418e+01, 8.305831804155513e+01, -3.979814435216701e+00, -2.060727498178001e+00, 7.631128349422626e+01, 2.559090063517301e+01, -4.229827012492851e+01, -1.131498630189442e+01, -4.064638324520321e+01, -3.000632672539442e+01, -4.910116396076300e+01, -4.624453206282662e+01, -2.535655024086546e+01, -5.305793885122861e+01, 2.783471362460478e+01, -8.961753681928721e+00, -1.670131417637354e+01, 7.768255664480750e+00, 1.123858210397312e+01, -9.669606061100273e+00, -9.397791404489414e+00, -1.485427376749976e+01, 9.912735221229948e+01, -3.323688944996982e+01, -1.767561692196321e+01, 1.006138003079907e+02, -3.771994684318448e-01, -4.285214486388955e+01, -4.320887271569830e+01, -2.136301713423708e+01, 1.224637915309073e+01, 2.069226506623544e+01, 1.715874145446058e+01, 1.510154602469292e+02, -1.274500360887516e+01, 6.229003465090049e+01, -1.509183861352965e+01, -1.979950108772332e+01, 4.671689854324920e+01, -5.661085296469527e+01, -3.975513004817935e+01, 3.451147597927551e+01, 1.150179608482927e+00, -5.914904064937885e+01, -3.668458329560799e+01, 8.204761846032150e+01, 1.689621637950160e+00, 5.957167670139413e+01, -6.921709312369703e+01, -7.948816207243303e+00, 4.456360683027425e+01, 1.194154995813767e+01, -1.318423114365685e+00, 2.922204867569826e+00, -1.526958186739718e+02, -2.266818078031716e+01, -5.029193567832127e+01, -5.626717856608204e+01, 4.441436964514492e+01, 1.268226923375862e+01, 6.714444443224109e+01, 1.955744627864607e+01, -6.568285727744361e+00, 6.468596833903429e+01, 5.278447511616707e-01, -7.874357493930400e+01, 3.328943241710175e+01, -7.309032888913695e-01, -2.699587994344701e+01, 2.861786225282491e+00, -7.428171542912632e+00, 4.232480505465166e+01, 1.126884384387110e+01, -3.078954202378256e+01, 2.047151327278106e+01, -1.887104206850733e+01, 8.321080081753824e+01, -9.934977935573798e+01, 2.326052975830404e+00, -2.367549664199294e+01, 6.840704283271219e+01, 1.234534305618700e+01, 3.383050590006370e+01, -3.188842877464693e+01, 3.088746555530117e+01, 5.499850605701975e+01, -2.414773103940054e+01, -2.253453198392701e+01, -3.331595485535835e+01, -6.113826660978044e+00, 2.133271639113509e+01, -8.683204271225911e+01, 7.376535587960587e+00, 1.169402897406726e+01, 2.913189844881358e+01, 1.487778874273535e+01, -3.766562459509069e-01, -5.620342606109689e-01, 1.104362038564381e+01, 1.418380231750118e+02, 2.128642769022709e+02, 6.325215422179693e+01, 2.638258674459291e+01, -7.397014816175687e+01, -2.244037670994879e+01, -9.331872502260596e+01, -6.502741796348076e+01, -1.282432431668484e+01, 3.250051547485220e+00, -9.798423842187843e+01, -1.366325169653259e+01, 8.293693343781010e+01, 6.277294125609584e-01, 2.328165042063579e+01, 1.592761213679779e+01, -1.282209777512680e+01, 3.046386235842462e+01, 1.589518727336801e+01, -9.822237320186490e+00, -2.729851669595794e+01, 2.712196302209556e+00, 1.727734802012830e+00, -8.194776549620018e+00, -9.957457584078664e+01, 1.275076835954428e+02, 6.547423948751278e+01, -1.714437539212189e+01, 9.382449736318758e+00, -4.270276434257302e+01, -9.686002955003822e+00, -2.727897452741826e+01, -6.768383258510012e+00, 1.990549817227221e+01, -3.344562321562400e+01, 1.341025938064013e+01, 3.173831651325898e+01, -2.259727817244160e+00, -3.121840309711316e+01, 2.537949480461952e+01, -8.908732237453462e+00, -1.937546766936709e+00, 1.637406496973390e+01, -1.710437526460801e+01, 7.802367492260123e+00, 1.707627359701199e+01, 7.401961250684518e+00, 7.438174662400843e+00, 4.180461501870407e+00, 1.443189834911208e+02, -5.696298364221816e+01, 6.280723276257824e+01, 3.603680730184962e+01, -2.346214508594432e-01, -1.460628319850541e+01, -7.749495845403836e+00, -4.147047487197336e+01, -2.408585450107711e+01, 7.063194806229580e+00, -4.369964696586274e+01, -2.615438084846370e+01, 5.994575599802319e+01, -9.299934693681897e-01, 2.815570674591212e+01, -6.890520603310617e+01, 1.169157473734933e+01, 4.316434590266667e+01, 1.543057384025444e+01, -8.894529062433531e+00, -1.495789261999295e+00, -7.541281254757125e-01, -1.509936728747045e+01, 1.199376215608439e+00, -1.393425213587061e+01, 3.612792714647289e+00, -2.788906861435190e+01, 6.822754168685478e+01, 1.631366500218612e+02, 6.966619707796633e+01, -5.773649571779359e+01, -4.600130740895329e+01, -6.804258350089898e+01, -2.317968602895101e+01, -5.826860173108442e+01, -4.475724466969740e+01, -2.484634815130305e+01, 1.231219461357858e+02, -5.251059284646814e+01, -2.878525609306163e-01, 7.803233836090112e+00, 2.800327723557050e+01, 9.040111550484013e+00, -1.688584216815551e+01, -2.573419737442808e+01, 2.377371707342895e+01, -9.077449250332286e+00, -4.524072577048122e+00, 2.780229575706694e+00, 2.610559824140213e+00, 8.859507035860152e-01, 2.926569280055404e+01, -2.549694291958578e+00, -7.078155002938520e+01, -1.705231723201873e+02, -1.574218820414083e+02, -3.031766331314208e+01, 9.383850406761019e+01, 7.472080509710071e+01, 9.057277493327989e+01, 5.371681087782662e+01, 5.059335291054519e+01, -5.980980262396317e+00, 1.085053672561211e+02, -6.810740245964051e+01, -1.038965426645389e+01, 2.014776689156678e+00, -7.627436856979042e+00, -1.087140253958636e+01, 1.922362213106417e+01, -5.116177428846108e+00, 1.436586391279157e+01, 8.951358595061061e+00, 1.743884604373915e+01, -2.408764479557392e+01, -3.840468056751100e-02, -1.882619883886782e+00, 8.595674404667136e+00, -7.926615851221113e+00, 1.878497137127475e+01, -4.928574416561002e+00, -4.393609241224409e+01, 8.743694478077895e+00, -4.890136868951068e+01, 1.904396726137664e+01, -1.080641180222318e-01, 4.422106651864652e+00, 5.552230007743243e+00, 2.023472577338519e+01, 1.865270214868300e+01, -2.761080868981808e+01, -4.078827730346945e+01, -3.526819274535394e+00, 1.182624745660597e+01, -7.768443199259498e-01, 1.084291586133354e+00, -5.878876526268067e+00, -6.555105329660078e+00, -2.065277287252836e+00, 7.414445616480686e+00, -8.587988844168450e-01, -4.245562454821562e-01, -7.999642167254879e-01, -7.992501117919493e-01, -7.659121566457102e-01, 1.096399549417876e+00, -1.436004666297675e+00, 4.023883498815018e-01, -2.616599593155058e-01, -7.643929686020109e-01, -9.955658669732792e+01, -1.029511398715786e+02, -3.683621568459183e+01, -4.037419786064644e+01, 4.749720748249833e+01, 6.820649881313315e+01, -9.283008451337777e+00, 9.347913169915000e+01, 6.224801081179225e+01, -5.327515715359274e+01, 8.558442581084395e+01, 6.037500276323188e+01, 2.406275296427980e+01, 5.783395525451526e-01, 3.622939889415543e-02, -4.656540806612663e+01, 4.805089318240994e+00, -8.206802430363902e+00, -6.653577750988239e+00, 1.804945674929481e+01, -2.960365266678157e-01, 1.184618914571006e-01, 5.112673331986892e+00, 1.766084168145153e+00, 5.208922562785144e+00, 1.044063362710199e+01, -3.483182593344915e-01, 2.191185205297585e-01, 3.424943753961318e-01, -3.737526244728139e+01, -1.051710162191581e+03, -8.285790843935624e+02, -4.356003183338451e+02, -1.034993149312984e+03, 2.619808201164769e+02, -5.093574002509765e+02, 1.184465538794302e+03, 1.443942536298858e+02, 2.460756149389234e+02, 2.612934096947880e+02, 1.868524759050403e+02, -1.097737744414428e+02, -2.465367114082874e+02, -3.757812809435838e+00, -1.836195292697572e+02, 3.082169664791672e+01, -4.750482035527851e+01, -1.368884511859303e+02, 7.081731976959421e+01, -2.564605841010790e+01, -1.666816389456639e+01, 1.062796961454325e+01, 1.807587564725570e+01, 8.853906170766325e+01, 2.805835084286259e+01, -1.674572218735624e+01, 2.394749118977932e+01, -6.873314072060119e+00, -4.461565499114438e+01, 6.212428481256793e+01, -2.375078951110070e+01, 1.459359220211953e+02, 1.314236049159210e+02, -1.543273961631476e+02, 1.398390138809268e+02, -1.108016184934617e+02, 1.748255879091921e+01, -1.792156859892728e+01, 3.222825315928626e+01, -5.981983143647678e+01, -1.104810130578648e+02, 4.531880149130471e+00, 1.022914977326866e+00, 4.191640324370400e+00, -6.967223633215577e+00, 3.242290608582323e+01, 1.457280926995355e+02, -4.406930522277849e+01, -1.528865865083172e+01, 3.764430624372136e+01, -2.324373467916526e+01, 6.854390427298589e+00, 8.981189730201164e+00, -1.733985741529882e-01, -2.541373976460570e+01, -1.149181440701312e+01, -1.103523403599300e+01, 1.756085078877940e+01, -1.898961902372706e+00, -2.194331545837741e+00, 8.935410058647149e+01, -6.688353654143732e+00, -7.312602536081904e-01, -2.467530724688074e+02, -1.746491099577963e+02, 1.942744291658478e+02, 4.178555414805360e+01, 6.642281451007325e+01, -6.942136218582886e+00, -6.525202056837293e+01, 8.341877314094022e+01, 7.827066546198569e+01, -6.666939534917894e+01, -8.308604259165703e+01, 4.650852311765250e+01, -6.638565556178645e+01, -1.095949152120560e+00, 3.784997743974000e+00, 1.707410778298261e+02, 7.341517024031511e+00, -1.308664738062579e+01, -1.596709404488602e+01, -1.645818468423629e+01, 3.331808402862443e+00, -1.079833715949521e+01, 1.347289499006336e+01, -7.260391273532877e+00, -5.095906153027512e+00, -4.450016767671132e+00, -2.962746289496373e+00, -8.845688011448438e-01, 1.293966447684160e+00, 8.942017775778096e+00, -2.346971268982640e+01, -1.293378962613949e+00, -9.862180175778727e+00, -3.037414246130504e+02, 2.496401099676683e+01, 2.261239396693354e+01, 2.439010006996600e+01, -5.298644711613950e+01, 8.870392337454450e+01, -8.668437745584827e+00, -4.717061405703907e+01, -3.764320658366228e+01, 1.843503148799171e+02, 6.984089330095757e+01, 8.708899925397681e+01, 1.349253765830991e+02, -2.078530612929958e+00, -2.998112208817458e+01, -4.460497339549739e+01, 9.137640013720044e-01, 1.192933409746433e+01, -8.560239765678254e+00, 1.974573846660341e+01, 4.704890294171614e+00, 1.273080410536892e+01, 2.391291405962864e+01, -3.331207560259297e-01, 1.203776810761043e+01, -1.808611483017197e+01, -4.951240439411968e-01, -7.323340866298274e-01, -4.759368726499691e+00, -1.506794916211972e+01, 5.114450517779093e+01, -1.569198897860798e+00, -5.019273427589519e+00, 5.516729476519437e+00, 2.133684487965854e+02, -4.616755777987418e+02, 2.316672942278143e+02, -1.192377294576389e+02, 2.750840580787702e+02, 4.180754854613570e+01, -1.082288123876558e+02, 9.444937825285739e+01, 8.564219096757516e+01, 3.410172436869771e+01, -5.542369180173051e+00, -7.081965951841984e+01, -2.239566843422519e+01, 1.340462348194170e+00, 1.957863734007248e+01, -1.251461669947876e+02, 1.239105306701826e+01, 2.908846303458864e+01, 3.097503767882380e+01, -1.191918245537134e+01, -4.387458922262930e+00, 3.206070205962416e+01, -9.448657064699386e+00, -2.373096453729053e+01, -4.491961425518223e+00, 1.588534586884234e+01, -4.661630886783677e+00, 1.153675449908584e+00, 1.447055112738164e+00, -4.597382049379612e+01, -1.062635470041672e+01, -3.085127159851066e+00, 4.339225029791568e+00, 1.892443800103755e-02, 8.546384645256021e+00, -1.574461705796793e+02, 6.230244533553197e+01, -1.180476953113930e+00, -1.056862367793621e+02, -2.007566103519265e+01, 1.545149463894361e+01, 9.001656857439241e+01, -3.351760390199001e+01, -1.079808172512461e+02, 1.561537384637885e+02, 3.815878016753148e+01, -9.704225549879635e+01, 7.496780725973755e+01, 1.119785397833364e+00, -8.521711552982095e+00, -1.303893148219082e+01, 3.388120002912700e+01, 3.279977083237800e+00, -9.237009754612238e+00, -1.613953902520529e+01, 1.732571813846727e+00, 8.802416450681638e-01, -1.239912172455341e+01, 5.564861548901685e+00, -5.079428885778860e+00, 6.758842160936983e-01, 5.901656318515124e-02, 3.012581976185767e-01, 1.522708958823606e+00, -2.946651035578446e+01, -4.062365776904810e+00, 1.252138883807756e-01, 9.276876847694251e-01, -2.975991752315809e+00, -2.289795009654727e+00, -2.827629809878978e+00, 2.413449646699305e+02, 8.138448618221163e+01, 2.547050294970739e+02, -1.577603993972131e+02, 5.681521924795366e+01, -8.683449805983729e+01, 1.737544987213789e+01, -1.015347438331437e+02, -4.162129736647201e+01, 1.156530510168916e+02, 5.125822126497308e+00, 1.488279696162213e+02, -2.375471451233190e+02, -2.675563635792521e-01, 1.714353024194582e+01, -4.821515490606665e+01, 4.306809575389133e+01, -7.965789304812754e+00, 8.042290570089291e+00, 1.210485232983403e+00, -2.538402686699232e-01, -1.158318653721698e+00, -1.032418686339449e+01, 1.387321079148137e+01, 1.140871797996724e+01, 4.271941133662017e+00, -7.782530380488654e+00, 2.874092109174913e-01, 2.108304104164967e-01, 1.113064279669083e+01, 1.899305930353034e+01, -1.224286082058207e+00, 5.077232860709098e+00, 2.837894269586281e+00, 2.277595310155030e-01, -4.508935457660500e-01, -3.634938712632010e+00, 1.813036695769325e+02, 3.149466591561339e+02, 6.953642989541432e+01, 9.023788510523551e+01, -5.615145330518837e+01, -4.271422968206664e+01, -1.891494642872720e+02, -1.056140712105772e+02, -1.339967455163913e+01, 6.777293335394910e+01, -1.107924586817004e+02, 1.071175934594091e+01, 8.563630979375057e+01, -4.408629118660018e-01, 3.567975166801097e+00, -4.177490602316781e+01, -2.459895705698318e+01, 2.287935653461830e+01, 1.600079043513733e+01, -1.026501679347522e+01, -7.590655555928755e+00, 1.029785725023063e+01, 6.419326185788238e+00, -7.261623295474751e-02, 4.776587866653649e+00, 3.433257555260368e+00, -3.167791861943581e+00, 2.196171583459405e-01, -4.570082335785976e-01, -3.314534282126657e+00, -2.865956463140760e-02, 7.927595071047469e-01, 1.634554274773790e+00, -2.558578763059988e+00, 2.820225643764345e-02, 1.200906589858643e+00, 8.709570813283464e-01, 9.849456002188324e+00, -2.756025349334603e+01, -8.647644309518572e+01, 7.807240334985917e+01, -4.943903510752857e+01, -1.345497278801174e+01, 1.381978226632424e+01, -1.446315829827217e+01, -5.176469790155216e+01, 5.390058831012944e+00, 7.575495954764106e+01, 6.492789755705337e+01, 5.267608477801227e+01, 4.061759801125797e+01, 1.462328778845989e+00, -8.839737547980690e+00, -7.411030702182503e+00, -6.149292111711162e+00, 1.942272531155269e+01, -7.041129021133385e+00, -7.589710383124244e+00, -1.830895787406901e+00, -2.515475723240603e+00, -6.451924365898853e-01, -1.332845620316722e+00, 1.350993509139242e+00, 1.937540899306177e+00, 2.587648534500121e+00, 4.566122471093510e-01, 3.791770782915155e-01, -1.838126527214202e+01, -1.299406822389394e+00, 1.534808996079628e+00, -2.636467692350873e-01, -3.576187587205627e+00, -1.234574026154135e+00, -2.020760099695808e-01, -1.406213954958870e+00, 1.224189305501407e+00, -1.781194434749822e-01, 1.076227006939295e+02, -6.241225495154563e+01, 2.330355362934363e+02, 8.966210333903672e+01, -3.272561343036968e+01, -6.466762486759312e+01, -6.604624141523341e+00, -7.026036304017728e+01, -1.438033957488594e+02, 1.286586246069503e+01, -1.785992665158947e+01, 3.625595988012414e+01, 1.028723919410286e+02, -3.517955165180480e-02, 1.126470309200904e+01, -7.823262048884597e+01, 1.511937320448973e+01, 1.279188960397544e+00, 2.455058336821385e-01, -5.252939922997496e-01, -5.906096954474477e-01, 1.303181288367140e+01, -6.884012789236664e+00, -1.544015256161284e+00, -1.856254284624127e+00, -1.873881495250761e+00, -3.218023401873058e+00, 1.554363354160313e-01, -6.968752155605030e-01, -1.026564208888720e+00, -4.022964805689443e+00, -6.404899651228295e-02, -4.929888909526490e-01, -1.053697045875747e+00, -9.293572179978726e-01, 2.835471708320439e+00, -6.457127721893953e-01, 3.656186071206561e-01, 2.185008696440391e-01, -7.490599941173185e-01, -3.360126013425119e+02, -1.289419167236719e+02, 1.495792986449597e+01, -7.677129285703704e+01, 1.781393030759170e+01, 1.141774657051837e+02, 2.934141861492837e+00, 1.197755122517257e+02, 4.977568004266102e+01, -7.996626144899603e+00, 4.274305958737191e+01, 9.487052987279411e+01, -1.014823787569287e+02, -2.564574321023977e-01, 7.635578494000272e+00, 4.053465467328979e+01, -1.448830215808249e+01, -9.553848333237172e+00, -1.113884241451595e+01, 8.373878191741023e+00, -5.234078552820978e+00, -4.032265903750845e+00, 6.925008603914050e+00, -4.623570775316340e+00, 4.572423984374199e+00, 5.532139321417900e+00, 1.105492210242549e+01, -3.680800203561041e-01, 1.091971437180710e+00, 2.876912971392203e+00, 2.070270712169422e+00, -3.873591800502676e-01, -1.368311509331137e+00, -9.810075820353109e-01, 2.177021154951374e+00, -9.720535267225914e-01, 9.035711101433312e-01, 1.211895488702743e+00, 2.892898943128626e-01, -1.879354983352992e+00, -4.689448646230701e+00, 1.631000324313005e+02, -3.171476059148375e+02, -1.094930415151912e+02, 1.044954388475751e+02, -3.837467962654235e+01, -1.405364889628230e+01, 1.270323051060578e+02, 6.820071953963650e+00, -3.662904300442722e+01, -1.144633710553553e+02, 7.647715753386096e+01, -4.174207038919988e+00, 5.864060219735308e+01, -5.294455381863501e-01, -4.605951217547596e+00, -2.465782077636714e+01, 2.122290293105792e+01, -2.134128431033840e+00, -3.162429680937306e+00, 8.777738630520666e+00, 6.120322636407615e+00, -5.964435745220865e+00, -4.789214516535298e+00, 1.464989359827090e+00, -5.089278884733183e+00, 6.745253540956452e+00, -2.847838262170057e+00, -1.861697715577099e-01, -1.285079430616685e+00, 6.967823542434493e-01, -4.441759517397657e+00, -1.170650047544301e+00, -1.581922462775755e+00, 4.320411948455993e-01, -3.126038126781877e-01, 2.289920862193477e+00, 1.217216918332770e+00, 1.397236131630744e-01, -4.542254164462349e-01, -9.302301092788001e-01, 1.275663101947450e+00, -7.135280960224661e+00, -1.351599471146557e+02, 3.661563138191654e+01, -5.750844432296319e+01, -1.321850357004642e+01, 1.292085389458360e+01, 2.215531324405080e+01, 3.667058236774837e+01, 1.727129401492289e+01, 6.182671139244987e+00, 1.586579778823731e+01, -5.544276138540920e+01, -2.334413293346605e+01, 1.391137881258654e+01, -7.875566574306034e-01, -1.490409369415914e+00, -2.264342834995118e+01, -1.370032975221308e+01, 2.874057157295656e-01, 1.274956294325097e+01, -1.249409210384221e+00, 9.405512429067004e-01, 2.710606653666362e+00, -6.029716343341008e-01, -1.688790914242544e+00, 3.913315117923692e+00, -3.704370760968980e+00, -1.233519517319572e+00, -1.491784861539614e-01, 6.949715291496542e-02, -5.402096127606336e+00, -7.800792932534096e-01, -1.051986485263461e+00, -2.038573810167510e-01, 9.473838930737212e-01, -1.750591514554434e-01, 5.604031399708559e-01, 4.777799831017779e-01, 2.161868076266183e-01, 1.231548439495203e-01, -5.929225931923213e-01, -6.041338060873007e-02, -7.546917014961035e-02, -1.451690390786867e+00, -1.455335052371719e+02, -3.961240255150229e+01, -2.041404655132892e+01, -4.410643567002086e+01, 8.892384336872065e+01, 2.691826282021043e+01, 3.797319872859565e+01, 6.451592665050492e+01, 1.902710456541980e+01, 2.044904263100468e+01, 3.313674330607771e+01, 4.931860667142847e+01, 6.261334981765696e+01, 4.550614478804623e-02, -6.801918442788841e-01, -6.134560737643064e+01, 8.751334301672463e+00, 1.561083547504664e+00, 6.080403324608665e+00, 2.652860866161075e+00, 1.763498442299404e-01, -2.906843811940990e-01, 1.509321767214461e+00, 6.812674474688211e-01, 9.801638408244003e-01, 4.551152763170813e+00, 1.008886042847706e+00, 2.026601592029232e-02, 7.215627965376994e-02, -1.354559544481644e+01, 1.688803884742904e+00, -8.135080048980504e-01, -2.045849061986470e+00, 8.918542048090288e-01, 5.334551565657562e-02, 9.436594000215033e-02, 8.789678612329828e-02, 2.965921343903021e-01, -1.191729127974003e+00, 3.018832032968359e-01, 2.269256729361069e-01, -1.314445738258951e-02, 1.635386378960686e-02, -4.803894975203245e+00, -1.226270368598003e+03, 1.818519808336857e+03, 1.564646458753324e+03, -4.575940853684281e+03, -8.232364461115183e+02, -1.090447425507722e+03, 1.380645060102981e+03, -2.174043056800883e+03, 1.418763714759825e+03, 2.422365547338567e+03, -1.381459974030197e+03, 1.077943554741331e+03, 3.825687284757833e+02, -4.573096862540477e+00, -1.084177914167079e+02, 9.623204134866145e+01, -2.822246537519935e+02, 4.730058959807614e+02, 1.762416274984264e+02, -8.491377918309355e+01, -1.205187570402194e+02, 5.236257143554728e+01, -9.090889851236341e+01, -1.319924116203352e+00, 7.805950820461894e+01, -4.398188357498337e+00, -3.011251617863457e+01, -3.720274402544022e+00, -2.787921562232917e+00, -5.422868853319186e+01, 1.004543062512299e+01, -1.533388327891734e+01, -1.825694337750655e+01, -2.167530387527477e+00, 1.909667558177550e+00, -2.297537034978924e+01, -3.926009321742803e+00, 1.126674218217966e+00, -2.624759750086333e+00, -3.693538211791104e+00, 4.980574575276731e-01, -2.336877603115911e+00, -1.793547836921975e+00, 7.325538329565938e+00, -9.285719737955666e-01, 1.213904365892615e+02, 5.078368222366423e+00, -4.545902057272467e+02, 1.250807936812683e+02, -2.350762958597570e+02, 1.624884797540098e+02, 7.404374577179254e+01, 7.248221160687919e+01, -4.710033655534217e+01, -1.033826768421895e+02, 1.104712231809725e+02, -6.573019457755779e+00, 9.063924960904392e+01, 4.311700212213481e+00, 8.675144670947529e+01, -9.968062861274360e+01, -2.143438953939798e+02, 1.065717152831433e+01, 7.843043289593353e+00, -3.824077675619141e+01, 5.612705158561140e+01, -4.902944336448680e+01, 5.431815208242313e+00, 4.075802650235212e+01, -1.828630185321447e+01, 4.386710612805774e+01, 1.425522939437188e+01, 9.043801517758299e-01, 1.187451975853161e+01, -2.398995854957658e+01, -1.633098682459260e+01, -4.066823254854009e+01, -2.434651950954999e+01, -3.653398571891134e+00, -2.814325614395437e+01, -1.126701596877412e+01, -1.255191531967035e+01, -2.536959020016281e+00, 1.797515842589987e+00, -3.569141920973133e+00, 1.467524256310034e+00, -3.665302032381014e-01, -9.671687611682738e-01, 1.450202048443229e+01, 1.413611789864910e+00, 1.300918106912022e+01, -5.114575996103939e+02, -1.780418084913700e+03, 4.921304517306971e+02, -2.575674859084568e+02, 6.570177744752154e+02, 1.286671009737116e+02, -1.089123445009323e+02, 3.917034587041970e+02, 4.274283890029699e+02, 3.454133777212090e+02, -2.464889743153504e+02, -2.963062228884003e+02, -4.890384507265014e+02, 1.714212664065879e+00, 2.249473022440262e+01, 2.094100759404806e+02, 1.995556569699454e+01, -1.521683918892364e+01, -1.799088566426724e+01, -2.666300404984636e+01, -7.494839704695762e+00, -8.827048623980314e+00, 6.546075246650456e+00, 3.115162099989684e+00, 8.321375763456494e+00, -3.247342884997964e+00, -5.926087588552552e+00, 3.040002780503471e-01, 3.693741232950392e+00, -3.680148308676909e-01, -3.692357392053483e+00, -6.222889965783354e-01, -4.197714463814098e+00, -6.052438112088949e+00, -1.741046120915810e+00, -1.781983592418359e+00, -2.786968621859728e+00, 6.433848132896043e-02, 1.878894405171769e+00, 1.766303912685089e+00, 9.167714059294922e-01, -7.628678645733786e-02, 3.771750852920563e-01, -9.737988140287973e+00, 1.774963830139165e+01, -3.467764834554806e-01, 2.295737110554212e+01, -7.124632025120922e+02, -9.569799343553732e+02, -5.821753863738893e+01, -1.382265157315414e+02, 8.736040621604596e+01, 1.714838573426897e+02, 2.158701780612572e+02, 2.780009676153746e+02, -3.579626924550294e+01, 2.620717975987624e+02, 4.703327904441484e+02, 1.465849300457815e+02, -3.989843220358093e+01, 1.588914239602800e+00, -1.019019744213613e+01, -1.924224965375530e+01, -5.548762196953616e+01, 2.180113409167931e+01, -3.461418541976438e+01, -2.348203300379312e+00, 2.583799406360281e-01, 4.919323485806936e+00, 1.563347554853295e+01, 5.107520092152035e+00, -5.465460034197365e-02, 6.259752321671089e-01, -5.099602263524011e+00, -1.438407496303555e-02, -9.639665541207062e-01, -1.687197758190384e+01, 2.888433125897270e+01, 2.828742817217185e+00, -2.454324213691320e+00, -4.796188223902757e+00, -1.676013183627430e+00, 1.710934997973780e+00, -1.280293293680539e+00, -1.117103033870924e+00, 2.099617087845253e-01, -2.168067533166972e-01, 2.419795079911526e-01, -1.311886854540412e-01, -5.253437043474802e-01, -5.261118840201744e-01, -5.219991083010473e+00, -1.584639279090643e+00, -2.772664375175019e-01, -6.867127968583795e+00, 1.814263577792215e+02, -5.217525835182601e+02, 7.077533388557582e+02, -1.061623308786390e+02, 6.799542717611168e+02, -1.806999669044614e+01, 3.306856469823762e+01, 1.001381379925154e+02, 7.141872055624096e+01, -3.030197590183444e+02, 9.230980313269248e+01, -3.558290164251090e+02, -4.689151466383877e+02, -3.055823229510903e-01, -9.811263116093766e+00, 4.285362044227819e+01, 5.886187610060184e+01, -1.686932852733906e+01, 4.110246067580499e+00, 3.614949328616948e+01, 1.512838178661375e+01, -9.235534634573628e-01, -2.192145261859593e+00, -3.020045214856937e+00, -9.431250930849117e+00, 7.441052628371419e+00, 1.163678903008390e-01, 2.601825579630791e-01, -2.218975718554282e+00, -1.649288388788799e+00, -6.268728889815169e+00, 4.561200548241779e+00, 4.799092027465840e+00, 3.009529733793155e+00, 2.893365687893859e+00, -8.320013852683297e-01, -1.841825515354220e-01, 1.042652713951421e-01, -2.128789320266158e-01, 3.694841444470222e-01, 1.831114890591251e-01, 2.306615186614576e-01, -2.482092911656926e-01, -1.018072498228209e+01, -1.883133163814750e+00, -6.183057731736401e-01, 5.861206544011204e-01, -6.696597670407777e-01, 6.164328707883789e+00, 1.625471586189808e+02, 2.263088686403667e+02, -7.320896081183497e+01, -1.821731133635276e+02, -1.347267814438908e+02, 7.798757926563196e+01, 3.272310630550158e+00, -3.998191623007266e+01, -1.484914250639595e+02, 1.342823959960841e+02, 1.094842217977803e+02, -1.087047440865363e+02, 1.347059470102683e+01, 6.681621220540631e-01, -4.721004940778001e+00, 1.152918630889490e+00, 5.398497229354155e+01, -2.197413944038836e+01, -2.159116128420706e+01, 2.125894694212033e-01, 2.579306013296391e+00, 2.842819769855623e+00, 2.856684882208347e+00, 1.714617721850310e+00, -2.511477653336441e+00, -1.642446911406009e+00, -7.380018904928232e+00, 6.476811247820242e-02, 2.369571303330124e-01, -1.160467151561823e+01, -1.018002012041627e+01, 3.553503592859114e-01, 2.312401081356498e+00, -2.125917794394116e+00, -1.209753158029534e+00, -8.533410992702973e-01, -2.360455249413130e-01, -3.242749777443839e-01, 6.873575978606209e-01, 5.158674468406269e-01, 2.763724069703914e-01, -3.086838710340502e-02, -9.290786979205347e-02, -4.558929324200275e+00, 3.637340790509715e+00, -1.001833830605109e+00, -5.141510912302218e-02, -5.202129073647125e-01, -9.860708249764594e-02, 1.146998911145007e+01, 6.102926066490800e+02, 1.734825600359541e+02, 4.487688113421995e+02, -1.594008784860424e+02, -1.028072143915982e+02, -2.100711393759522e+02, -6.273837301171760e+01, -1.020106905571524e+02, -1.074290845127146e+02, -6.819454683037438e+01, 1.491980851726475e+02, 1.844463059019859e+02, -2.663790321356193e+02, 1.677601645848629e+00, 2.357480391240470e+01, -1.886982071885285e+00, -1.767284601054082e+01, -1.500796704456863e+01, -4.472667014759185e+01, 6.862062926179393e+00, -5.586030772929612e+00, -1.125761904373737e-02, -3.016696764639203e+00, 9.923904261282887e+00, 3.988152017438363e+00, 1.229136844473912e+01, -4.021821701214709e+00, 5.277475939833013e-01, 7.082611719701839e-01, -1.047961815997293e+01, -1.004510453687904e+01, 2.366402406186353e-01, 8.595454319352271e-01, -1.737407636865053e+00, -1.367397914465996e-01, -3.082769370030457e-01, 8.100787686889300e-01, -6.541347602610930e-01, -2.579868758781655e-01, -1.963896714812529e+00, -4.306526624833248e-01, 2.483400084288306e-01, 1.571229962710927e-01, -7.684839106680473e-01, 4.092621660502307e+00, -1.456468270896534e+00, -8.945012732481318e-01, 8.423635132344189e-01, -2.060229296319828e-01, -1.753765922124678e-02, 1.372743715666928e+00, 3.273084942380555e+02, 7.352988853605798e+01, 6.640733539040349e+01, 1.070447366638545e+02, -1.700076881797701e+02, -4.211817182185706e+00, -2.410487156005126e+02, -9.159997256017833e+01, 7.934785377405379e+01, -1.658030351718294e+02, 7.669693044882280e+01, 1.022561386978546e+02, -3.323290688584012e+01, 1.330133399627326e-02, 1.654549306754941e-02, -1.506997168564448e+01, -2.343486664765016e+01, 9.833533823437515e+00, -5.443362518739850e+00, 1.069019378061560e+01, 6.802941820485641e+00, -2.026666158982459e+00, 1.180755179837461e+00, -1.297162735411957e+00, 8.290224928186365e-01, 1.648136565134398e+00, -3.741389802484016e-01, -1.139943668645693e-01, 4.400921584148019e-01, 6.619615677964934e+00, -4.527588724859934e+00, 2.066626901721526e+00, 7.140177412463999e-01, 7.421994967511171e-01, -6.715791522143857e-01, -9.025656368285802e-01, -5.603015480648751e-01, -2.361441857968606e-01, 7.711681292233892e-02, 1.630764442852701e-01, 4.008610414882751e-02, -1.462885968591607e-01, 9.982029207450116e-02, -6.484007785707457e+00, 4.610512179124854e+00, -7.460960562344112e-01, 2.298309929840260e-01, 7.789676722719087e-02, -6.216324854224661e-02, -3.662711279780423e-01, -1.589370118693963e-01, 1.837803431290358e+00, 5.257201799665647e+02, -2.114495951601868e+02, 3.025671464040864e+02, -1.804718249721125e+02, -1.805614319633678e+02, -1.382426707615369e+02, 9.535171580735260e+01, -1.397405191255903e+02, -2.339824056224558e+02, -6.327896436365396e+00, 2.816486545071002e+02, 1.041783188695435e+02, -7.262861971433315e+01, 3.656762460942561e-01, -1.304341620556638e+01, 1.387876180171825e+01, 5.751092416229853e+00, 6.919416696091458e+00, -8.549143471325666e+00, 1.292837054116632e+01, 1.250909055210181e+00, -1.913135110924464e+00, 7.856611280922275e-01, -1.075629837639940e+00, 3.091414427458964e+00, -1.214560703995999e+01, -5.346874094813204e+00, 1.415560698860324e-01, -8.689384735610722e-01, 5.378222888159639e+00, -7.753268092579537e-01, -1.370689759779371e-01, 5.648296406893971e-01, -1.362301487786577e+00, -1.543155518014107e+00, 1.586387395599796e+00, 6.669088769326146e-01, -4.078737326437757e-02, 1.479079627923943e-01, 9.429145197012918e-01, 2.227156121467326e-01, 1.429248808308777e-01, 1.087589469932681e-01, -4.081931463366288e+00, 1.704499421521690e+00, -3.435786137766871e-01, 4.162323650272429e-01, 2.539518098138885e-01, 3.446696186788107e-01, -3.379368888816243e-01, -1.915418095712632e-01, -6.937666496931691e-02, 3.303818909877689e+00, -2.788311086489301e+02, -2.559784419619099e+02, 1.939030941036904e+02, 3.300115446402884e+01, 4.135776905999485e+01, 5.478908195338512e+00, 1.080211929450684e+02, 8.149132681583147e+01, -1.613688430532786e+02, -4.032899400869328e+00, 2.100532032892783e+02, 6.037881185599923e+01, 1.026600244956486e+02, 7.642771486910032e-01, 7.034144669427631e+00, 5.920843399026678e+01, 2.248714381937987e+00, -1.149606355506096e+01, -9.778895928054339e-01, 4.738185121273109e+00, -3.851760488372434e-03, -1.772137738742058e+00, 1.324587077500674e+01, -3.220943557373368e+00, 3.832956705414615e+00, -7.679752985974051e-01, 3.269963493634586e+00, 2.322506849796100e-01, 7.022241774296381e-01, -1.053136743237592e+00, -1.825032421088577e-01, 5.481299005148821e-01, 1.345666905867012e+00, 2.942291314403100e-01, -6.734235278712249e-01, -1.085765194912185e+00, -8.679509537027895e-01, 9.586203302185012e-01, -3.564242605069824e-01, 4.133840682156290e-01, -1.480799478608356e-01, 1.274335797652913e-01, 7.591698880655064e-02, -1.698667377550628e+00, 6.264012591015640e-01, -4.929506084028561e-01, 1.094212085010644e-01, -1.139975695766968e-01, -9.154303937523096e-02, 3.906130046919627e-01, 2.154744739190680e-02, -6.343237197632852e-01, 3.342209982547345e-02, -3.818905911681222e-01, -2.527950639583018e+02, -1.297822568137271e+02, -2.564225746322996e+02, -2.747899904658578e+02, -2.576168196378447e+02, 1.267001961462971e+02, 2.063445106268162e+02, 6.334624126598717e+01, -7.267067396541782e+01, 2.831724327915832e+02, -4.047308425033965e+01, 1.691620058728118e+02, 7.011300147397858e+01, -2.141298746691631e-01, 7.544834040430599e-01, -1.976204602001655e+01, -2.332927620656758e+00, 8.795521417786244e+00, 1.063155481910857e+01, -2.145565084479782e+01, 2.826292251260290e+00, -9.516420895539628e+00, -2.465651588112122e+00, 1.389214891716627e+00, -3.787626865377118e+00, -6.101686721944512e+00, -1.040756638520442e+00, -2.895590404345020e-01, -5.039380564446490e-02, -2.333930085086696e+00, 1.007651303443513e+00, 4.382474576665398e-01, -7.990886564541093e-01, 1.320747282650415e-02, -9.790295040100716e-01, 1.195593372139460e+00, -2.723989695032832e-01, -2.893452550935868e-01, 2.597255773347959e-01, 4.783024208885089e-01, -3.653425143467392e-01, -1.900306657925016e-01, -5.935254817828275e-02, 2.371668044657163e+00, 1.964300370791478e-02, -8.902889986578394e-01, 5.866351480721714e-01, 4.258666843260584e-01, 1.959143882119564e-02, 4.160568270631541e-03, -3.259896516959082e-01, -3.253564902353267e-01, -3.197441025000897e-01, 1.755982723968675e-01, 4.157798195531833e-01, 4.579953371546784e+02, -4.495110478366367e+02, -4.079695013800329e+02, -1.404441252654768e+01, -5.857824960545634e+01, -4.583576679337150e+00, 1.058592866574986e+02, 1.767857057669284e+02, -1.947083929131810e+01, -1.274640004927503e+02, 7.616320245917358e+01, -3.595392517895737e+01, 2.469757678068810e+01, 4.442174371079096e-01, 2.331199039192980e+00, 7.041524229111003e+01, -1.089512870775189e+00, -3.079259480857479e+00, 6.528312943970358e+00, 1.290011840939517e+01, -1.450098141296382e+00, -9.145106736727321e+00, -3.822404688730715e+00, -1.307375789579396e+00, -2.899250843646466e+00, -4.745017744668784e+00, -1.114492992517089e+01, 4.268974838623735e-02, -2.964511490109030e-01, -7.165288202689665e+00, 9.411603031658805e-01, 1.143367937039282e+00, -2.746649460927473e-01, -2.019668942495358e+00, 1.670063883105369e-01, 1.400444518055688e-01, -2.343270136247693e-02, 3.379056665533077e-01, 6.049407843775059e-01, 3.884405253957486e-01, 2.008666137009572e-01, -1.792816334688279e-03, 1.408250841735335e-01, 2.320289581665052e+00, -2.276891894893104e-01, -1.261308838937089e-02, -1.666364281070131e-01, 3.690444422774071e-01, -1.504087144028370e-02, 6.198304176006064e-02, 7.365130362738530e-02, 1.247636052433193e-02, 2.855435103285188e-02, 8.829908982332239e-02, -4.804117411405524e-02, -2.927901919027180e+00, -2.680289026524891e+02, 1.981266347874657e+02, -6.050293745245840e+01, -3.074451424205258e+01, -1.935507312150119e+01, 1.539594792662149e+01, 6.639685855254632e+01, 1.900358972015438e+00, -2.800290770027367e+01, 3.217900513513902e+01, -1.029643390493955e+02, -3.228440649859998e+01, -1.124038380419212e+01, 8.128028318609334e-02, -5.181514120833325e+00, 2.067092505394401e+01, -2.171747660342330e+01, 2.370105465125701e+00, 1.663613168265654e+01, -8.962510108317565e+00, -2.372936980937000e-01, 4.685686201729185e+00, -2.898818924670966e+00, -7.102778130242230e+00, 4.644946898952060e+00, -3.512078121200088e+00, -1.295349435507847e+00, 5.098264238397186e-03, 1.412724634700156e-01, 8.480353864925593e+00, 2.424008834679942e+00, -1.026495999181039e+00, 1.851034503043805e-01, -4.897816621525645e-01, -1.729767505439074e+00, 3.905179161390994e-01, 8.109536684165567e-01, -2.366796808636815e-01, -7.543156865358421e-01, 6.676151559702109e-03, 4.587337939289572e-01, -7.155560966210057e-02, -2.150959764399069e-02, 2.878034942750837e-02, -6.570311292432920e-01, -6.502286185563377e-02, -1.746177429586399e-01, 1.685980140171061e-01, -1.153091248710272e-01, -3.079800891238086e-02, -2.355016055789276e-01, 1.163412564792163e-01, -1.699915433092556e-01, 3.382417671896171e-02, -1.038927533306673e-02, -1.245175084470948e-01, 7.568660250803252e+00, -3.590103957964355e+02, 2.644914568814604e+02, -2.449867882674656e+01, -5.398147666008357e+01, 4.667499453773467e+01, -1.880899917389571e+01, 1.085455511157957e+02, 3.041756871818169e+01, -4.332566794313344e+01, 2.375041834903996e+01, -5.785280698852180e+01, -1.844592559663446e+01, 2.883357578649703e+01, 1.241369827186386e+00, -3.766134695007645e+00, 2.504561021864968e+01, -1.041437076816643e+01, 9.549858694009869e+00, 1.277437178022420e+01, -1.645982314106530e+01, -7.055226368871698e-01, -1.526222417776578e+00, -3.372316130461430e+00, -1.047914136423651e+01, 2.801566538434119e+00, 5.694631979057199e-01, 7.062666921102516e-01, 1.117057078441276e-01, 2.666034114204165e-01, 1.691085402438908e+01, 4.177154665735006e+00, -1.115110224606229e+00, -1.432351669539521e+00, -1.974622610758819e+00, -1.399075963741661e+00, -9.100935135758293e-01, -2.027323156858764e-01, -6.159918311731442e-01, -1.519160074103573e+00, 4.004579271419957e-01, 2.743235803881102e-01, -5.731020753564372e-02, -1.098549031965614e-02, -1.422366466733631e+00, -3.770671537926648e+00, -4.576406494333873e-01, -3.551659743362149e-01, -6.479544860244053e-01, -9.080573796436721e-02, -3.219497574170986e-02, -3.251806985041296e-01, 2.430094014244703e-01, 2.946232636739949e-01, 2.650903313447002e-01, -9.138584950506133e-02, -1.183176007698908e-01, -1.542847448572144e-01, 1.322364453405718e+01, 1.797913281874540e+03, -3.339891744897707e+03, 1.072672766535600e+03, 1.762460259507817e+03, 4.118132530931179e+02, 1.178077838572781e+03, -2.467759089252037e+03, 7.001516139638406e+01, 1.502682392803162e+03, -1.132169913196850e+03, -7.765751822485376e+01, -9.740863383416422e+02, 8.984749998685390e+02, -7.593211815648021e+00, 1.216206708615142e+02, -3.528612762664444e+01, -6.678495277488992e+01, 9.403844104064628e+01, -3.015904626675272e+01, -2.574587444855503e+02, -7.706502807657999e+01, 1.396672084001778e+02, -3.557875320755355e+01, -3.171230365003706e+01, 2.322701598206319e+01, 9.429751215938406e+00, -7.067530962544883e+01, -6.653689231583263e+00, -1.010895342391124e+01, 4.941623342186793e+01, 1.515941972170518e+01, -3.278085900620271e+01, -4.240715992890397e+01, -7.674865273315981e+00, 7.182698704276222e+00, -1.442876077615428e+01, 1.658092548111724e+01, 1.502175634761036e+01, 7.666242719004528e+00, -6.732293287365082e+00, 3.352446477234392e+00, -5.369726634342551e+00, 1.053542012725711e+01, -1.209453558392452e+01, -1.000503976557300e+01, 1.847428708336340e+00, 1.227249217344892e+01, 4.803904005488103e+00, 1.402155865507025e+00, 2.313593184720069e+00, -2.114212033905654e+00, 8.003778086200393e-01, 2.104998348924807e+00, -1.113416801068535e+00, -2.218545782161952e+00, -4.305996204684169e+00, -1.572553238725108e+01, 1.974939967906714e-02, 2.035399429968268e+01, -1.915482909289688e+03, 4.905917139838893e+02, 4.895935083609918e+02, -6.080510951356339e+02, 1.333095501616658e+01, 1.736857501649395e+02, -3.488358820503481e+02, 6.995458027277548e+02, -1.132996369893625e+01, -7.562276815089037e+02, 9.914100056091723e+02, -4.251702777388261e+02, 5.041020642020061e+02, -6.632746190649855e-01, -1.932140027100206e+02, -9.702851732429822e+01, 9.906292949336928e+01, 1.059389847261199e+02, -2.198349231577436e+01, -1.712920098042658e+02, 3.037511450033043e+01, -6.522301158134457e+01, 4.128724395631810e+01, -4.002337634553550e+01, 2.297986073761155e+01, -3.187723505580928e+01, -6.873661839076712e+01, 9.457501897848303e-01, 3.662001172128911e+00, 6.138180382258262e+01, 1.331629596032068e+01, 2.543186293786441e+01, 6.821937134387958e+00, 8.562390388420939e+00, 1.331735918027289e+01, 8.711324633628815e+00, -4.867865618279565e+00, -3.018572928744251e+00, -3.536574480512701e+00, 1.546239403541873e+00, 5.153691985341523e+00, 2.318097814925626e-01, 8.228992144054020e+00, -1.913691888696738e+01, -5.325850831577915e+00, -2.380796918498002e+01, 9.538830963899489e+00, 5.890135181611219e-01, 3.773232826954951e-01, -5.168518247461104e+00, -1.574910048585318e+00, 2.986351551327105e+00, 2.046396254195931e+00, -3.488349501626302e-01, -1.021445743443965e+00, -4.765244914227775e-01, -6.246342193928305e+00, -5.569578709717382e+00, -9.271595485527966e+00, 2.848456284036769e+01, -3.281090726720613e+03, -2.886307924169514e+03, -3.534158838300380e+01, 1.377088893194267e+03, 1.426204900100370e+03, 4.681184012855695e+02, 1.003016232231537e+03, 5.058705977943453e+02, 3.902934105937084e+02, -5.524451605513132e+02, 5.858409071297431e+02, -6.673431544893933e+01, 3.916249392112170e+02, 3.653693419640986e+00, -8.331011465480539e+01, 4.283454901114573e+01, 4.174658531710281e+01, 4.326568431946452e+01, -1.235538752930765e+01, 2.905341058325281e+00, 3.301634098340548e+01, -4.217718095332284e+00, -1.485644921892361e+01, -1.300329817300126e+01, -1.449369306633318e+01, 7.900830251714455e+00, -5.422860829546901e+00, 6.674554447694692e-01, -2.605245861874264e+00, -6.626801045306157e+00, 2.707632234149209e+01, 5.140869112026658e+00, -1.837183468938821e+00, -1.348935950692193e+01, -3.916271393378814e+00, -2.218991246858521e+00, 5.255416044058528e+00, -1.322937721719653e+00, -2.777795426695039e+00, -5.678800247216406e-01, 2.755805975016754e-01, -1.280280566987669e-01, 2.070751239959130e+00, 1.011613450550061e+01, -1.832949548392012e+01, -5.406006562980699e-02, 9.106132286513358e-01, -2.103683740511997e+00, -2.685168980902934e+00, -2.031458596327276e+00, 2.778996296037823e-01, 1.809693484192008e+00, 1.577862452599179e+00, 3.656091143943149e-01, -1.080869833170647e-01, -1.500801972492406e+00, 1.027438191264291e+00, -5.364394867443515e+00, 2.476358559805940e+01, 4.972315729287328e+00, 2.616040946024376e+01, -4.664208573112158e+02, -1.904053778549266e+03, 1.541373087471312e+03, 3.957484636351822e+02, -1.093720003098552e+02, -6.039088647836369e+02, -5.345042152268131e+01, 3.087473177109595e+02, -1.312109882573718e+02, -6.467344263488419e+02, 5.734582857474403e+02, 2.439333457483084e+01, 3.706530364461669e+02, 1.739388822487237e+00, -2.916355171553888e+01, 1.668435320729995e+01, -3.415830029235273e+01, 4.244923640186566e+01, -9.499753885657934e+01, -5.144129621069467e+01, 2.236160869979965e+01, 1.697142377068626e+01, 7.812856347504072e+01, 4.631714867863710e+01, -2.903527938833055e+01, -4.630498711890574e+00, -2.494398407511431e+00, 3.133066523043018e-01, -1.528438241370611e+00, -3.047823012559852e+01, -8.158749962288796e+00, 8.972535922539501e+00, -2.508639159470250e+00, 7.836767635591614e+00, 9.244740572555470e+00, 6.226213836296438e+00, 1.078715105117086e+00, 1.974827173015809e+00, 5.250239157681521e+00, -1.338543314734930e+00, -2.042239145236589e-01, 2.277024724529018e-01, 2.680323845916412e-01, -2.103601217243568e+00, -5.132847531200670e+00, 7.339330984933530e-01, -1.464087448679507e-01, 3.758720790366782e-01, 5.462331664175829e-01, 7.907320259729259e-01, 4.664401693805463e-01, -1.099378601749555e+00, -6.923283470278955e-01, -9.254246411962908e-02, -3.748663434468764e-01, 2.781641196759199e-01, 5.381960901618823e-01, 9.584976492659525e-01, 7.787614492608664e+00, -3.258207231623774e+00, -2.569414362748678e-01, 1.351665484611371e+01, 1.827950165003764e+03, -1.539873041902944e+03, 6.057507394094523e+02, -8.355154363827474e+01, 4.530924269256968e+02, 1.749505437194871e+02, 3.938266060389525e+01, 2.027598523735512e+02, 2.178054625914169e+02, -4.901300272939233e+02, 2.640965639830762e+02, -3.960670736223370e+02, -5.862309412517567e+02, -9.851609243272180e-02, 7.556531128875501e+01, 2.665358517122625e+02, 1.138327587394146e+02, -2.018540825539278e+02, -9.464155786469330e+01, 1.989407094581173e+01, -3.927603772799035e+00, 2.410641108107925e+01, 4.783786700690184e+01, 3.700430032998536e+01, 3.785113098884941e+01, 1.441568114139287e+01, 8.849481835657468e-01, -2.254493521186225e-01, -1.043373638606022e+00, -1.560154294291111e+00, 1.084787960567149e+01, 2.079197687505450e+01, -9.377471148846933e+00, 3.493183805059672e+00, 1.055796995298270e+01, 2.362865664826793e+00, 6.260563475775458e+00, -5.309920780348419e-02, -1.980789479032403e+00, -1.861048968680847e+00, 1.352696572568512e+00, 2.271640021700574e-01, -3.763643261945646e-01, -5.095003984480046e+00, -6.488186426092112e+00, -3.026417594046228e+00, 1.032904715790533e+00, 1.528089433343900e+00, 2.504633511428527e-01, 3.066991710414704e+00, -1.381752037186523e+00, -1.003632221061607e+00, -1.074039071373697e-01, 3.804440842260105e-01, -4.885419379218688e-01, 6.927615313191102e-01, 9.630744281290625e-03, 3.270826477592628e-01, 5.570482926670742e+00, 1.213476064872694e+00, 3.701745331459404e+00, -9.101270841795941e-02, -3.414059540687245e+00, 1.806329311401055e+03, -7.534717771100055e+01, -1.048378352253585e+03, 3.397821996771586e+02, 5.903692251807148e+02, -2.575776648927226e+02, -7.353384040145578e+02, 5.210231869148165e+02, 6.917930832793113e+02, -5.917232022396059e+02, 6.597541913367464e+02, 3.687826206774688e+02, -3.212856363053108e+02, -1.458112550596951e+00, -5.528668273686804e+01, 2.439146110742622e+01, 1.998555803658616e+02, -1.357138325633950e+02, -1.243034970773257e+02, 5.107462001625176e+01, 1.875260753465427e+01, -2.220762662983648e+00, 2.467527786928535e+01, 1.309124729375098e+01, -1.889994636019773e+01, -1.652425163415540e+01, 1.066450996300130e+01, -2.027453062469886e-01, -2.112273220133391e+00, 6.602805873304847e+00, -1.775584303154455e+01, 2.621107438967804e+00, -7.383302081903730e+00, -1.046693796457050e+00, -5.400345960870814e-01, 1.681755899412941e+00, -1.389501592503576e+00, 4.296519719681218e-03, 4.399683279373744e-01, 1.808674988453268e+00, 1.558563006812040e-03, -7.656071737095391e-03, -1.334869062591056e-01, -1.217483098575876e+01, -2.332466685286998e+00, 2.608047455933889e+00, 9.672615241975482e-01, -7.031573830463779e-01, 5.143073510352447e-02, 7.299434718067090e-01, 3.768364225751685e-01, -1.963453700341672e-02, -1.263095091705431e-01, -2.089500739070946e-01, -5.634410714315993e-02, 7.305406543800003e-02, 1.887454116251147e-02, 2.509921895328964e+00, 3.604809389563570e-01, 1.532642040179495e+00, 8.589209732094663e-01, -6.383311816396191e-02, -5.589073312592535e-02, 1.442872029953934e+01, -1.726855874356118e+02, -4.942111896983400e+01, 6.925832285455043e+02, 4.890390209358689e+01, 7.895813685333738e+02, 2.879529349881401e+02, -6.029813124033254e+02, -1.174950455528647e+02, 3.769591343753648e+02, -1.732603615358959e+01, 1.084854989453113e+02, -7.434974163389068e+02, 8.611223725838279e+02, 3.350210922384879e+00, -2.975906235420664e+01, 2.432042359611828e+02, 7.710895765731574e+01, -1.142388784638832e+02, -9.722522960228758e+01, 3.037293819562398e+01, -1.807904393017183e+00, 2.881514588893966e+01, 6.308145616397540e+01, -1.499427017782472e+01, 9.586327723271728e+00, 1.772222658811845e+01, -1.632319876102268e+01, 6.528653147415726e-01, -9.100560653656248e-01, -2.346383646596962e+01, 6.416422131462971e+00, 7.350884431764372e+00, 3.551160950777215e+00, -1.289938003560240e+00, 3.215892595777584e+00, -1.267274276712195e+00, -4.731655857974859e+00, 1.736622019214661e+00, -8.536314453325400e-01, -9.284066161736225e-01, 8.506013887002319e-01, 1.521843332685558e-01, 4.044012209214401e-01, 1.548759550084845e+00, -6.650543938334930e+00, 2.508995527997337e-01, 4.101926951862208e-01, 5.572367244266249e-01, -2.310788193325007e-01, -2.128524662893579e-02, 1.389725051700139e-01, 2.399712409751562e-01, 9.482359554105142e-02, 4.850019040464461e-01, -6.643759614779476e-03, -7.913991388852921e-02, 3.298398535580371e-01, -6.161476809844820e+00, 4.575381204598230e+00, 1.562375082404180e+00, 1.317662167728154e+00, 1.931481061566645e-01, 5.437601943425114e-01, 2.796516306924388e-01, 1.474875838458695e+01, 3.473137089132418e+02, -8.048471004925372e+02, -1.794198694329785e+02, -2.633589426848691e+02, -7.366016613118002e+01, 8.278434568867837e+01, -4.527432415850113e+02, 4.030366470617544e+02, 5.715890273747539e+02, -5.344166270737470e+02, 6.947951846520410e+02, 2.590273004757963e+02, -2.653044925080111e+02, 8.054407849507946e-01, -5.630030161889067e+00, 4.424775685499044e+01, 1.779504443721802e+02, -6.378631745094550e+01, -2.628633665521441e+01, 3.662826629391983e+00, 1.168077167887504e+01, 2.258277747770082e+00, 3.195484349024484e+00, 1.357181690647541e+01, -1.464886372541852e+01, -1.527649200224391e+01, 1.985667662713159e+00, -3.412705991764451e-02, 1.363189335541867e+00, -5.311075538591354e+00, -1.036584320828872e+01, 1.263393656931489e+00, 3.428033284438944e-02, -4.106178314644581e+00, -1.733579440698717e+00, 5.100729018113742e-01, -6.074588467780315e-01, -1.281344660506790e+00, 5.204766682832423e-01, 3.502850108022259e-01, 1.956436905141384e-02, -8.005461201140554e-02, 1.519757266108132e-01, -3.462249168386303e+00, -1.253391025350273e+00, 1.623631418948755e+00, 2.306936474012440e-01, 1.090237097697300e+00, -3.324147492524743e-02, -3.180479500946771e-01, -3.567811576612908e-02, 1.534433742761581e-01, -1.275335263215025e-01, -8.720967728856156e-02, 3.529118307170859e-02, -1.493815712050378e-01, -9.098703888896420e-02, 2.812053367481637e-01, -6.899522440596694e-01, -1.650039150198573e+00, -4.498059620731582e-01, 1.419568363423477e+00, 1.227395857427707e-01, -1.474669892936480e-03, -1.163921653720316e-01, 1.521644614522419e+01, 1.294584057312734e+03, -1.006177812178796e+03, 4.794205581546999e+02, -6.348764330111443e+02, -6.111080508750309e+02, -5.084960016658612e+02, 6.117784880557186e+02, 1.985247927933931e+02, -4.678472563043370e+02, -1.258017530453979e+02, 5.513696283394091e+02, 3.482992239632013e+02, 3.721519082842036e+01, 2.513391091808872e+00, -2.373852525719151e+01, -1.860173842052988e+01, 9.736777168362353e+01, -1.463439333066498e+01, -2.134068407274727e+01, 2.273505455054894e+01, 1.249789805463992e+01, 3.585551537636520e+01, 2.340304991385033e+01, 6.428592762364216e+00, -1.456316415939330e+01, -6.924370599360919e+00, 1.347853657576890e+01, 3.249508141772034e-01, 5.309734339245484e-01, -3.597365463063079e+00, -9.101202956005084e+00, 2.721358367436821e+00, 3.191276420247651e+00, -3.752279807343265e+00, -1.404112185449831e+00, -2.817635809184920e+00, -1.892554570727542e+00, -2.414256261819101e-01, 5.966456277927804e-01, 6.872238548940389e-01, -8.318166251386077e-01, -1.996882438760394e-02, -1.808992766298286e-01, -1.092333924074073e+00, -1.318343104087207e+00, -3.852726667770183e-01, -9.007186543128649e-01, 9.529942023508648e-01, -2.947742359266593e-02, -3.014052262461192e-01, -2.574324824252920e-02, 3.726305066750837e-01, 1.307035986246708e-01, -2.224566572820801e-01, 1.823959070570432e-01, -1.403436774552811e-01, 2.647436568344411e-01, 9.297853545083083e-01, -9.959353557229126e-01, -3.170667925659929e-02, 2.555811606842611e-01, 1.579679848198375e-01, 3.030351813706103e-01, -1.540383932028656e-02, 2.163273987708396e-01, 1.401498201260039e-01, 6.593838142699866e+00, -5.140110841124258e+02, -2.436623035825949e+02, 4.810100205791583e+02, 2.271598322940650e+02, -2.935957262602777e+02, -2.760816773400720e+02, 1.787112835197117e+02, 5.527057445233512e+00, -2.546878494536126e+02, -4.977918413284998e+00, 2.337007305390258e+02, 4.012487183613394e+02, -2.861785721263664e+02, 2.304432167880561e+00, -1.072902589927741e+01, -4.295316689525854e+01, 6.020972422799721e+01, -1.126668278735798e+01, -2.706272979189350e+01, 8.367265655645641e+00, 5.651579312081210e+00, 2.240282130424852e+01, 2.205250966216088e+01, 7.831491762688912e+00, 6.203486824018460e+00, -9.909414428982164e-01, 9.344795906281513e+00, 2.241577839825430e-01, 6.960274545407271e-01, 4.629331871224979e+00, -1.769891226867197e+00, 3.559918517327783e+00, 2.090077203871086e+00, -1.294997468211592e+00, 1.186976275017362e-01, 6.129375239026179e-01, -5.559817026327021e-01, -4.039846252382830e-01, -1.014959809061870e+00, 5.125729052610123e-03, -9.619118499680476e-01, -4.981466161632220e-02, 1.846208257773714e-01, -1.114765570559294e+00, -2.185610669954427e+00, -4.040625397469303e-01, -4.382347541321094e-01, 5.831382074160882e-01, -2.419656606717035e-01, -3.341879117096039e-01, -4.771074451410229e-02, 3.005819385719999e-01, 1.538302835862241e-01, -3.906943772966202e-02, 1.894557552557971e-01, -2.095248332037265e-01, 6.004880768824278e-02, 3.437602840734885e-01, -6.930372221056494e-01, -1.470336346786296e+00, 1.237169275445853e+00, 6.624384320813164e-01, 1.774599837910031e-01, 6.985938994114048e-02, 3.477825081607660e-01, 1.118638541203740e-02, -2.468697876027043e-01, -1.347758276611398e+01, 1.037820942825002e+03, -4.717642080954374e+02, -8.458198286859306e+02, -4.418544293492068e+02, -6.347805966500032e+02, 3.495103966344204e+02, 1.360240798007752e+02, 3.968905460735830e+02, -1.569918936551623e+02, -1.944333558840121e+02, 2.514856326011879e+02, 1.505231752167204e+02, 3.685378281237315e+02, -2.766439291096193e-01, -1.391846735782447e+00, 4.839128381367697e+01, 6.200929760203538e+00, 1.107968426331709e+01, 3.802570785719510e+01, 8.433145515848535e+00, 5.943372300411177e+00, -2.265148495621474e+01, -1.128465211018530e+01, -1.212114045757956e+01, -4.384906937937598e+00, 8.816847784880952e-01, -1.290042528820051e+01, -3.525409165817478e-02, 9.261408012076279e-01, -4.542814674924090e+00, -4.101028481176950e+00, -4.833520676257855e+00, -6.768314351232444e-01, 2.011666224274977e+00, 5.649755780281950e-01, 8.406075538362371e-01, 3.676786854300714e-01, -6.777513175105662e-01, -1.839261993501048e+00, 2.124967950899389e-01, 1.700353763498643e+00, -1.349235683434272e-01, -1.842286375334056e-01, 1.166450916040974e+00, 2.808912210947617e+00, 1.809692790354269e+00, -1.127288070027732e-01, -3.966320938024078e-01, 1.989873416809773e-01, -9.906549662042681e-02, 2.969757678743432e-01, 4.255681725387118e-01, 7.621490577582493e-01, -2.653824140754244e-01, -3.656742837703919e-01, -2.194704328551436e-01, -2.237164004708779e-01, -1.080078382774059e+00, -1.373587693271575e-01, 1.656435860999332e-01, -5.314515376082297e-01, -1.129203717810383e-01, -1.157481292493259e-01, -3.069446047763640e-01, -5.741796219168802e-01, -4.793866402458008e-01, -2.753601126403869e-01, -2.677572504742263e-02, -9.573318846507449e+00, 1.303129785586600e+02, -2.766787193777977e+01, -6.792602159261560e+02, -1.587543086145150e+02, -2.948118482543992e+02, -3.593722163422497e+02, 4.142233549492666e+02, 1.891704110891048e+02, -1.122479239729724e+02, -2.243108112186864e+01, -9.681962359156566e+01, 6.407303919601516e+01, 2.054966889283784e+02, -6.981322220209659e-01, 1.452976336932835e+00, -1.779382071287633e+01, -8.547733778599760e+00, -5.673809585549326e+00, 7.579310901949237e+00, 1.697012379164823e+01, -9.126153264712128e-01, -3.344153133684549e+00, -1.168095812688785e+00, -8.918306474912832e+00, -6.552917385712685e+00, 5.912213205679933e+00, 9.233392243780321e+00, -7.399643582862291e-02, 1.898724380598284e-01, 2.430899244575369e+00, 2.688948616256326e-01, -7.733253146279579e-01, -2.833124512610068e-03, -4.667990212311177e-01, 3.188270955745685e-01, 5.402860046398276e-01, 1.272810105181521e-01, 3.821342844636466e-01, 1.541859170759210e-02, -3.403397644135864e-01, -1.360008169682663e-01, -7.667844726799979e-03, -1.572582638666562e-02, -3.260887258257592e-01, 1.184253542697578e+00, 2.860087191660177e-01, -3.515986250217490e-02, 7.661830397459553e-02, 3.806056883324267e-02, -1.246987034310589e-01, 1.647546474438462e-01, -5.788193592252072e-02, 5.884304058137446e-02, -1.081308903799837e-01, -1.117120710731307e-02, 1.161143229990162e-02, -4.779112555880042e-02, 8.204994490391283e-01, 3.984585344406779e-02, 2.946059101570101e-01, -1.821539888614666e-01, 1.602009936126819e-01, -1.306936219452401e-02, 3.449354257268789e-02, -1.373596425794201e-01, -7.674659827523903e-02, -8.362238829788046e-02, 6.751096619692168e-02, -7.966075319444885e-03, -2.199559399594431e+00, -7.373481830440602e+01, 8.330777980094884e+01, -1.650725270808982e+01, 2.115616449145420e+01, -2.913468844676241e+01, 4.364960104587929e+00, 1.287705440623245e+01, -1.221068521873209e+01, -1.938901750249720e+01, 2.978820792705354e+00, -5.704800523067800e+01, 4.774305371845801e+00, 1.283092379955933e+00, -1.522029970936975e-01, -3.026771072764663e+00, 1.164876807787102e+01, -6.697949166080470e+00, 1.868965544006012e+00, 6.088919944920842e+00, -2.570332417533738e+00, 1.043567977089536e+00, 1.243934788077079e-01, -3.172038420516067e+00, -2.105411100902382e+00, 1.215725241973476e+00, 7.970229806975339e-01, -1.423141184845863e+00, -3.071722973171363e-04, -8.589295574546621e-02, 2.175597493699947e+00, 1.277590809215585e+00, -2.636847849286715e-01, 3.385532173070673e-01, 1.983290394628574e-01, -3.083353187206143e-01, -1.997597998850157e-01, 4.695841305103844e-01, 2.526570119748599e-01, -3.155689028881218e-01, 4.283349267279064e-01, -2.363025187920604e-01, -2.794507778140039e-02, -3.744461131486480e-03, -2.949667732367297e+00, 2.281311221346331e-01, 2.160546144377527e-01, 6.222330539217476e-02, -2.115520319977603e-02, -4.455243238267458e-02, -3.186305735419939e-01, -1.270332247230390e-01, -1.151004302092862e-01, -8.215722189366687e-03, 1.450726477888435e-01, -7.116229883864151e-03, -5.582828194542180e-02, -5.067856156555858e-02, -8.200570146050437e+00, 2.969582391008237e+00, -7.964501084231563e-01, 2.046594731153283e-01, -2.308313578281712e-01, 4.380403619233882e-02, -2.380579974024609e-01, -1.120959420836617e-01, -1.138871889772281e-01, -4.104848090364988e-02, 2.558221916787964e-01, 6.903572677575025e-02, -1.221021459703040e-02, -2.423716104381125e+00, -9.816177916660243e+01, 3.120848479437269e+01, -3.887272609669211e+00, -9.877084984871233e+00, 1.685034150293077e+00, 7.213314548297588e+00, 2.021731668054616e+01, 1.822569487612354e+01, 1.147190871202605e+00, -5.255049796245548e+00, -8.050895437140534e+00, 1.074705893215590e+01, 7.529936017598088e+00, -1.263743001187148e-01, -3.764819063754930e+00, -1.303612275715555e+00, -7.675537950644561e-01, -3.108848022928513e-01, 2.234406012293935e+00, -3.481137447132938e-01, 3.817812453695919e+00, 1.239547924924636e+00, -2.821243592361529e-01, -1.428784674229025e+00, 1.499266529345296e+00, 9.052435578086976e-02, -4.016153092634260e-01, 2.243566745954283e-02, -1.589598469120265e-01, -1.057969360444618e-01, -9.795584057003903e-01, -1.637596280864166e-01, -4.101328760054935e-01, 1.793881996797931e-01, 4.847352272330321e-01, -4.042047181839262e-02, 7.977687678053835e-02, 3.201127132607175e-01, -3.101593296592987e-01, -1.529828964564933e-01, 4.756755079921732e-02, 5.456264803042617e-03, 1.971802766274429e-03, -2.867585208808046e+00, -9.348161483278581e-01, 4.636637380978691e-01, -5.250121434471536e-02, -7.821515608496783e-02, -7.157633030125382e-02, -6.284474296198013e-02, -7.761049396431517e-02, 7.699374860608631e-03, 1.846994917707785e-01, 1.034374279552101e-02, 3.321186892151003e-02, -7.963822136687962e-03, -2.946007265707590e-02, 1.048452686010035e+01, -2.185184014389551e+00, -5.638582036341535e-01, -4.762753165231533e-02, 3.045210417692567e-02, -8.883940009846544e-02, 2.375078522575547e-01, -2.606417653098354e-02, 2.627213237410608e-02, -1.045759353687876e-01, 7.239198302010407e-04, 3.979265941626220e-02, 9.796088165309042e-03, -5.300034458234044e-05, -4.439379786643493e+01, 4.402884673972508e+02, 9.192488540168373e+02, 8.119351904085182e+02, -3.944834615469525e+02, -9.299958724131388e+02, -3.897889564327942e+02, 2.282202543542806e+02, -7.918159287220581e+02, -1.616074235713935e+02, -6.609043832979228e+00, -3.093007949202023e+02, 4.546924494151828e+02, 3.095968879544949e+02, -5.831417787313438e+00, -1.058172411751127e+02, 1.029829449666005e+02, -5.098011452339221e+01, -1.398266289992050e+02, -5.135198835970769e+01, 1.557008601939757e+00, 8.236897923998822e+01, 3.807868893050718e+01, -3.373678298491691e+01, -2.219233808080448e+01, 3.284608764451704e+01, -5.288833235055687e+01, -1.221003293396101e+01, -3.838552990641455e+00, -9.413737834157342e+00, -3.450119651633968e+01, -1.206614551939525e+01, 2.567643631644214e+01, 7.291120171830266e+00, 2.641280299986116e+00, -1.342723003519546e+01, -1.555277455793676e+00, 1.832537933212618e+00, -4.930916154180998e+00, -1.118404655302908e+01, 9.265633565817710e+00, 1.934644240665686e+00, -1.238358780148635e+00, -5.742797537654109e+00, 1.190799439969444e+01, 6.364929678544639e+00, 5.802140412667773e+00, -9.408234762096173e+00, -6.284416617026313e+00, -1.338632209583902e+00, -1.804659169780908e+00, -1.768525869153987e+00, 2.654805869218564e-01, 8.544100825807098e-01, -8.049653136477615e-01, -2.842107882912702e-01, 1.002124985234434e+01, 4.927819435732628e+00, 7.359173847601131e+00, 2.101739172402235e+01, 1.315970040564767e+01, -4.681618675030891e+00, 8.396124464165488e-01, -1.716025587948404e-01, 2.715344724546768e+00, 3.767574030274662e+00, 3.831333588773578e-01, 9.154908035224253e-02, -3.348956107187132e-01, -8.762938929905796e-01, -2.471091403795727e+00, 1.852036441175758e+00, -5.501553030917512e+00, -5.283437129374802e+00, -9.780115298787827e+01, 3.371140955446603e+01, 7.220981592900917e+00, 5.084653019688334e+01, -8.392266361891839e+01, -4.556967475185589e+00, 4.554971530042738e+00, 1.846782037840909e+01, -6.100434161366390e+01, -5.507357345690826e+01, 3.412872963171822e+01, -2.556917283986164e+01, 6.402295853198660e+01, -1.794947802565838e+00, -2.235536824463265e+01, -1.142055888973248e+02, -8.160133089296544e+00, 3.425678674021233e+01, -9.005587409293968e+00, -1.472657499881201e+01, 3.290697296110521e+01, -7.709197385984671e+00, -8.408244934456727e+00, -9.621075461067095e-01, -3.844794705467559e+00, -1.703243602586096e+01, 9.087680531912405e+00, 3.532372783365188e-01, -9.356668658044994e+00, -5.610022781391233e+00, 1.057209313689191e+01, -4.687530987203174e+00, 7.530296048416877e+00, 2.786257790420882e+00, 1.261077316212814e+00, -2.238739291314212e+00, -2.362365903648636e+00, -9.803018528595636e-01, -1.961434632931156e+00, 4.226719223949167e+00, -1.161626361170703e+00, 7.646080087434873e-01, -5.908322346182097e+00, 2.963744856596791e+00, 1.090783032537974e+00, 4.693908891346581e+00, -5.684190841145565e+00, -1.146024775074793e+00, -2.771326497764004e+00, -8.419153779957540e-01, -2.660879876736704e-01, -2.102806788436947e+00, -1.335522059337582e+00, -3.989800853083195e-01, 3.828501673818477e-01, 7.758891846784576e-01, 3.298839347607358e+00, 2.076626321053697e+01, 2.143074871605668e+01, 3.906676966764352e+00, 5.283861398026477e-01, -2.465613387880236e+00, 1.416874552304748e-01, 5.882998522916274e-01, -6.903301287856901e-01, 1.159511531917746e+00, 1.513031838863067e+00, -8.494377963371070e-01, -5.074629198651418e-01, 1.956703429869367e+00, -8.482911383479698e-01, -1.922255023354303e+01, -9.148318975632746e+00, 3.012599665017293e+00, 3.205852643452590e+02, -4.006591683980932e+01, 1.713155193795815e+02, 4.258534589088677e+02, 7.709656227266251e+01, -1.732521326634927e+02, -2.105047254385336e+02, -8.844568196295704e+01, -1.252249777972971e+02, 6.264459767610389e+00, -1.710009926975589e+02, 2.661109348799708e+02, 1.248725465593438e+02, 3.482077206319711e-01, -1.357847128526498e+01, 4.813520369281569e+00, -5.348424029548752e+01, 1.384461195321229e+01, 1.804010113176936e+01, -8.199444836254820e+00, -7.895950004122786e+00, 1.358364654116843e+01, -1.048913943534032e+00, 4.208403926318820e+00, 1.277978684052857e+00, 3.645555897368623e+00, 6.935435962848802e+00, 8.108030325352138e-03, -3.353293566530482e+00, -1.366306446406784e+01, -4.907882779102973e+00, 1.893618114636960e+00, -3.291560367681978e-03, 1.172133973873810e+00, -1.513391033485245e+00, 1.434389559017680e+00, -1.081729843627517e-01, 7.464090320451396e-01, -2.092247946750942e-01, 6.256138910107414e-03, 4.243211653601176e-01, -1.498676779650257e-01, -1.043704427591521e+00, 4.761698927182720e+00, 4.593652304754369e+00, 4.565750051572726e-01, -7.124767007671554e-01, 1.486795631990760e+00, 8.351406386266631e-02, -3.644312156129476e-01, -6.234809697089462e-01, -3.342674219075255e-01, -2.897842623962633e-01, -9.787538235303422e-02, -3.305621353100413e-01, -2.267054542057659e-01, 4.482038814321383e-01, 9.662760175931141e-01, 1.715230178380433e+00, -3.686575983372042e+00, 1.648420348764400e+00, 5.694274888984507e-01, -2.160835077392074e+00, -9.357493737275028e-01, -1.626499730744794e+00, -1.236407342874903e+00, -2.029495304862364e-01, 2.071907603343652e-01, 2.974906493589831e-01, -2.077660172633595e-02, -1.184672595907614e-01, -7.134780225076677e+00, -3.317253449347662e+00, 7.848900423635194e-01, 2.767641262112571e+00, 6.088631658733837e+01, -1.189164986283621e+02, 1.945203404886737e+02, 1.616684610928638e+00, -5.507165164314309e+01, -6.134063043214915e+01, -4.087113681819723e+01, 1.081977743823163e+01, -4.632879553551371e+01, -3.106463739688118e+01, 6.824804722021111e+01, 8.110651706446446e+01, 9.767590640529286e+01, 1.693460564525646e-01, 2.942511301432556e+01, -6.304690469689046e+01, 2.029296750859570e+01, 1.583778011165274e+00, -1.222653244742657e+00, 4.297333940009573e+00, -2.506103439169917e+00, 2.498040416602890e+00, 1.292799801958271e+01, 3.713917669149425e+00, 3.441395823060458e+00, 2.734451184228821e+00, -2.566159499431466e+00, 1.059497431023363e-01, 3.203264070174107e+00, 3.213502028663320e+01, 3.063293077135863e+00, 6.401419883493003e-01, 1.164453415381438e+00, 2.298156148146884e+00, 7.103364396654551e-01, 1.962618297923936e+00, -4.403699827554932e-01, 2.243139956038302e+00, 1.885176711215471e-01, -2.345029044553790e-01, -1.276142066904563e-02, 7.374959789675894e-02, 6.845591514171127e-01, -3.085941892013219e+00, 1.473764587818577e+00, 1.966752830410558e-02, 3.086159056346098e-01, -1.548166164552592e+00, -3.478382411969191e-01, -1.999201880990005e-01, 2.462115942401312e-01, -5.906767833027522e-01, -3.956597856528172e-01, -1.176139388355758e-01, 2.077648307662326e-01, -1.168370635974212e-01, 1.561230665893622e-01, 1.226008638796330e+00, -7.953227826120246e+00, -3.311545181731643e-01, 3.764567140184803e-01, -2.352700555559522e-01, 7.360416780206653e-01, 1.688672288292417e-01, -2.764323785455298e-01, 4.518178057925356e-01, -2.483861477861855e-01, 1.214104037307692e-01, -6.871153369550605e-02, -1.550192388882511e-01, -2.225736558511244e-01, 1.293043617027406e+00, -2.432128720629000e-01, -1.211480048210585e+00, 4.176030627749825e-01, 6.481430486840066e+00, 6.557511292836954e+02, -6.395581092074921e+02, 5.776312443907017e+01, 4.091973017324091e+02, -5.468127151107096e+01, 1.297375964709488e+02, 6.354258230183533e+00, -2.400134815203550e+02, -2.690234382173752e+01, 1.244540428907413e+01, -1.077333245528579e+02, 4.327529342075842e+00, -4.935836907167639e+01, 1.738672251378803e+00, -5.737511911051833e+00, -4.295203066489124e+01, -2.045880508972223e+01, 2.427839123575490e+01, -2.206359006979835e+01, 8.834943987725449e+00, 1.089789953437149e+01, 6.594655666263218e+00, -4.253163472402217e+00, 6.228119572225134e+00, -3.330236064220739e+00, -6.358673311615559e+00, 8.769720713344544e+00, 4.921906985481633e-01, -2.141989139689194e+00, 9.307141820450461e+00, 7.931943827877165e+00, 1.911905896383777e-01, -9.354424685078405e-01, -3.152062017178724e+00, -1.179300416697725e+00, 3.853193009051083e+00, 1.414654057932840e+00, 1.547813177147006e+00, 1.496926364021492e+00, -5.083283666064849e-01, -1.445539646871257e+00, 1.244899265682489e-01, 1.387778276953566e-01, 2.863111614596404e+00, -5.358644408129378e-01, 1.110738392669253e+00, 1.238050236081989e+00, -8.398461793796126e-01, -5.903556006154739e-01, -2.098541062061634e+00, -1.375578234932418e-01, 9.056849638130532e-02, 1.436910817649125e-01, -1.214246434624129e-01, 2.180862658587572e-01, 3.069692471991789e-02, -6.159711420401455e-01, -4.128026956781147e+00, -3.603698851815225e+00, -3.919257566953254e-01, -1.996159577681015e+00, 2.600250669823080e-02, 1.162041032814684e+00, 6.973046293664761e-01, -4.175225241633446e-01, 9.825061438001245e-02, -3.019161011036814e-01, -3.553557068759499e-01, -1.864760270650627e-01, -1.149192260389720e-01, 2.678395152423338e-01, -2.077696178450539e+00, -8.899072052257199e-02, -1.829140185134867e+00, 6.422903690620622e-01, 4.258211582389275e-01, -1.840319331312235e+00, 1.996900418473336e+02, -8.400432387303715e+00, -1.150627622125476e+02, 8.690907313606215e+01, 9.820649673613600e+01, -3.878013102310231e+01, -5.313696589119582e+01, 4.742449116388718e+01, -7.965260855576941e+00, -1.748444092281091e+01, 1.147987696255630e+02, 7.827378561303378e+01, 1.955688058204458e+01, -2.274511763943830e-01, -1.552556997062687e+01, -6.351052193432574e+00, -3.497537353724700e+00, -5.458889506207438e+00, -1.926863825542390e+00, 2.350243694957986e+00, 4.576494810578480e+00, 1.430815536681169e+01, 1.105053631992850e+01, -8.457704619582294e+00, 2.153097873583186e+00, 8.843375809913509e+00, -2.113537001922147e+00, -4.357477383760413e-02, -8.810138488843974e-01, -1.191111430538639e+00, 1.632883760897673e+00, 1.194116974099031e+00, 2.132404389988060e+00, 1.188704092876951e+00, -1.108893062698832e+00, -1.831317371612990e+00, -6.883899611681720e-01, 2.194716773585455e-01, -9.353595830041652e-01, -1.281752252504362e+00, 1.841495367727303e-01, -2.969022138590821e-03, -3.074136458093997e-02, 5.834477440547826e+00, 1.892880164939890e+00, -4.254363716287431e-01, 3.483095189552560e-01, -4.459700171204203e-01, 4.894918828768160e-02, -3.299646717389967e-02, -2.440892151075355e-01, -1.589002260929910e-01, 4.331898285219838e-01, 2.169380624767274e-01, -5.531514707941806e-02, 1.482524453605963e-02, 3.110637325245882e-02, -5.860925242226512e+00, -3.594905550990892e+00, -7.036320203971007e-01, -8.127783517633382e-01, 2.838156278595818e-01, -4.839931590630005e-03, 4.132114235916360e-01, 1.484393828071827e-01, -9.548921764193902e-02, 1.762244118782434e-01, -2.413220515921254e-01, -3.301462217444973e-02, 2.347115350639782e-02, -2.108820279179503e-02, -1.761362056780874e+00, -1.463574868988766e-01, 1.165188631886552e+00, -4.417685607706859e-01, -3.885530170176528e-01, 2.478074494312879e-02, 4.173945325729844e+00, 4.272143407957123e+01, -1.315367412678743e+02, 3.510462008491661e+02, -2.061088521347965e+02, 2.398649142445780e+02, -1.427799313441467e+02, -2.586678530913922e+01, 1.088813180727393e+02, -2.631888812380685e+01, 1.703432409997535e+01, 4.162142955961153e+01, -1.659941398169315e+02, 4.897325410746004e+01, 1.177812213994700e+00, -3.798585349414532e+00, -3.700630687479791e+01, 5.070221308094089e+01, -1.208326110563791e+01, -7.424053223603288e+00, 8.673300046901561e+00, -5.137297468790225e+00, 9.416846062279269e+00, 7.659415904970849e+00, 9.008144174990305e+00, -7.826665636889425e+00, -7.975655220609924e+00, 2.240011979819652e+00, 4.235660825688379e-01, -1.773678807616641e+00, 5.699610440262694e+00, -6.178438761136543e+00, 3.253243065833426e+00, 1.561895630456825e+00, -1.936156372254988e-01, 1.114709918664352e+00, -1.122561077524267e-01, -6.324839391052927e-01, -2.488717895240135e-01, -2.710830062669727e-01, 1.508523968485836e+00, 3.665603131025930e-01, 1.944966970673132e-01, -1.740366730262041e-01, 1.465504568812573e+00, 2.040255823887807e+00, -3.710878916034109e-01, -1.383984865908275e-01, -3.661210363101498e-01, -3.113368862290358e-01, 3.006527811483722e-01, 3.554756123266875e-01, -4.023992922739443e-01, -7.371327086326784e-02, -3.099253418630298e-01, -1.173766079127446e-01, 3.902982372334161e-04, -3.327866117473210e-02, -2.000734709963565e+00, -2.124638218393473e+00, -9.896049777930338e-02, 6.080779007850030e-02, -6.855928589319207e-01, -1.517184386087188e-01, 2.549019687094415e-01, 9.211424776215000e-03, 3.151278613044524e-01, -5.850506461530114e-02, 2.170510510560164e-01, 1.336067677093070e-01, -1.896432214731513e-01, -1.502877843033707e-01, -2.365909052903913e+00, -2.462400308257408e-01, 1.695588368650070e-02, -5.027343888373131e-01, 3.404726953463127e-01, -1.135018974607961e-01, -1.294256475874972e-01, -1.386412622924863e+00, 1.181163067387724e+02, -7.815464270505589e+01, 8.217379118258867e+00, -3.497192200424038e+01, -1.075749087471255e+02, 3.707152393131580e+01, -1.679629375566448e+02, 5.854299661183541e+01, 9.565988903145586e+01, -8.643455684524920e+01, 7.179810342580940e+01, 7.859572576691897e+01, -6.856934832257773e+00, -4.807552636276174e-01, -9.020134238972355e+00, -3.729593827614202e+01, 2.249218730379777e+01, -6.489012348047816e+00, -1.261509440557287e+01, 8.997801826320099e+00, -8.022212235576618e-01, 4.750618079733464e+00, 5.626027426846732e+00, 5.021715239539376e+00, -1.287450496248185e+00, 3.584720399040995e+00, 2.311009527311019e+00, -1.252655686160866e-01, -4.140208583656720e-01, 1.716808206404187e+00, -6.286137319135899e-01, 1.078824162387796e+00, -6.124659352712545e-02, -4.399308317703412e-01, 7.058877196756695e-01, 1.910960221382565e-01, 1.732468217907153e-01, 6.245561079555428e-01, -4.293022120457699e-01, -6.544699243544973e-02, -3.052335149553932e-02, -2.776037987173179e-02, 6.458183591067797e-02, 4.193556322449198e+00, 8.023664368135677e-01, -5.620191409103894e-01, 2.485021140598009e-01, 1.646841638658785e-01, -2.914360354787106e-02, 3.996918449514376e-02, 8.476509673742107e-02, -1.362327815726151e-01, 1.529017409570599e-01, 3.502536795984315e-01, -5.690635922979942e-03, -7.480916920592678e-03, 4.139523559443681e-02, -4.636923418615501e+00, -1.113664439143516e+00, -1.878851411238820e-01, 3.336896434160850e-01, -1.669155015299162e-01, -9.240487768534425e-02, 2.864367402512984e-01, 7.720987248007970e-03, 5.950742839230747e-02, -1.737022153284376e-01, 1.763340309305623e-01, 5.634162825383688e-02, -1.113097713176079e-02, 2.048254228006703e-02, -2.352602937546646e+00, 3.266596149499468e-02, 8.141594384983967e-01, -5.313655914587546e-02, 9.336014577122861e-02, 1.688340414181075e-01, -4.953574098482953e-03, -3.521004131650230e-02, 7.566539849127509e-01, 4.052227494573293e+01, 1.048581556385483e+01, -3.061215338955100e+01, -1.006209074479321e+02, 2.840729130041565e+01, -1.370597340671620e+01, -3.365381380657402e+00, 4.749739023530090e+01, 2.943660341171127e+01, 2.684494295454074e+01, 7.572042111358157e+01, 7.540536859290781e+01, 1.564024307407922e+01, 2.007056290155880e-01, -9.263706255238310e+00, 3.375574503718685e+01, 1.123969783835084e+01, 1.206815477812620e+00, 7.278674907944231e+00, 1.237172239064406e+01, -1.031900795597722e+00, 4.691139675071097e+00, 9.417895370750555e+00, 1.867424216989102e+00, -5.629944974893781e+00, 3.964262747924364e+00, 2.192760651018304e+00, -3.801977038256956e-02, 7.313980848172130e-01, -4.993411102174408e+00, -1.459241786758456e+00, -3.467202895509089e-01, -8.759832869051536e-02, 7.573199631246165e-01, 4.866080970186992e-01, -1.394458573063467e+00, -1.087589632623645e+00, -5.183116207604845e-01, -6.271954109910004e-01, -2.959032012523214e-01, -3.048593684345755e-02, -7.252822518958972e-02, -3.168577743878858e-01, 2.429633715128297e+00, 1.701475295052816e+00, -3.911723305893297e-01, 1.994103426867322e-01, -1.290974386295893e-01, -2.060378471346954e-01, 4.432955319032760e-01, 3.189866249671867e-01, -9.450382677357286e-02, 2.332586939082776e-01, 3.032908426870620e-01, -5.756878624255453e-03, -8.995916918228948e-02, -1.518582683403324e-01, -5.215519105609557e+00, -1.889494136328751e+00, -2.812829797314120e-01, 5.883679506791422e-01, 4.717249567739262e-01, -3.096572335952015e-01, -2.192268063236415e-01, -3.252575701186798e-01, -3.242677430501080e-01, -2.153246881966659e-01, 2.123330459677719e-01, 6.349377134115106e-02, 5.029007368638910e-02, -3.622187490672907e-02, -4.390832627139325e-02, -5.453698405174872e-01, 3.383439024698455e-01, -2.081290902939486e-01, -2.354682415510577e-01, 3.236140536512522e-01, 1.009825737691677e-01, -7.936961610122548e-02, 2.445736069773681e-02, 3.314705224287156e+00, -1.479406770689822e+02, -1.378111567811083e+02, 8.339638698548414e+01, -3.044480476511771e+01, 9.388435772168604e+00, 4.015517452385682e+01, 3.643120232496400e+01, -2.302576308944663e+00, -1.475445014561117e+01, 6.206933152094273e+01, 1.351197450962791e+01, -5.271271008444148e+01, -3.139179572192261e+01, 2.424945725728002e-01, 6.620709772587829e+00, 7.146497103596667e+00, 5.446162094622425e+00, -1.954361402790660e+00, -9.447350350823513e+00, 3.515977700671217e-01, -3.786704155741241e+00, -2.891550781645218e+00, 4.685471827362271e+00, 1.928737598859887e+00, -4.811865945678217e+00, -4.261698344717380e+00, 2.019578551607206e-01, 7.041379769682513e-03, -7.988125198724957e-03, -3.646820735721372e+00, -2.143012765789738e+00, 5.023960117868882e-01, 1.853905409647202e-01, -2.708594632998552e-01, 5.091804689838914e-01, -3.668538211335963e-01, -2.156286594787460e-01, -1.097295010965343e-01, 5.853621805375566e-01, -2.390617112925552e-02, 2.463786295190679e-01, 6.958093433597493e-02, -2.147863038712652e-01, 1.258133966801895e+00, 2.098557342955346e+00, -3.284198851009436e-01, -3.287897782317654e-01, 3.812426555573866e-02, 1.357361976548276e-01, 7.694272577984747e-02, 2.679170719487012e-01, 2.452166755474033e-01, -2.086624348871767e-02, 2.024402347371662e-01, -5.792968975330121e-02, 4.832178870869162e-02, 8.678652441955330e-02, -3.931757022841436e+00, -1.461822305637165e+00, 6.925396399824794e-01, -6.885289691269615e-01, -2.902772515791726e-01, -5.971483262619829e-02, 1.095327525264573e-02, -3.141264815066664e-01, -6.913861244491004e-02, 2.926452088733600e-01, -8.057036381066210e-02, 4.216087422079461e-02, 3.785147344850918e-02, -4.961255614588996e-02, 6.973592510981295e-01, -5.131611078029580e-01, -2.585647986327134e-02, 6.175338779731676e-01, 5.930159198430729e-02, -2.280172960639471e-01, 1.400271985268911e-01, 4.619363573621058e-02, -6.937558503773575e-02, -9.895885152337673e-02, -1.374374385592655e+00, 1.390376504448068e+02, 1.093355705244923e+01, -4.656725498589318e+01, 7.781558530218047e+01, -1.313560640839877e+02, -1.941262095002551e+01, -1.663254754734315e+02, 1.141733339654822e+02, -6.324975623267836e+00, -8.840521876200522e+01, -8.307312918740047e+01, 8.277189635868621e+01, 5.433228971479329e+01, 4.373837234150089e-01, -1.118803416784071e+01, -8.173426340069042e+00, -1.061251303251736e+01, 6.591100496291161e+00, 5.701308066536334e+00, 1.425334609587295e+00, -4.592099742539619e+00, 3.991012180329413e+00, 9.209036171597633e+00, -2.494010358933441e-01, -2.187250565839406e+00, -7.844382375033171e-01, -2.943001853642516e+00, 9.083328151276800e-02, -1.437994259538752e-01, 4.152316796900711e+00, 3.054895790138402e+00, 5.705478895787205e-01, -8.651740529212835e-01, 5.575386860072675e-02, 6.038854305127904e-01, -4.900909481720154e-02, -8.063013903160511e-01, 5.012716405910165e-01, 1.144760885678425e+00, 3.392056190474507e-01, 6.064436531803802e-02, -1.016845471073985e-01, 2.283415241111089e-01, -1.212170442260760e+00, -1.820680246752088e+00, -1.503314993901401e-01, -1.589470641408378e-01, -3.544576496939245e-01, -2.394130105887618e-01, 1.537846591553730e-01, 1.474501897147269e-01, -6.838874045815886e-02, -2.388254741370159e-01, -1.909858478225509e-01, -4.373948053900436e-02, -1.555998419652279e-01, -2.265710212387471e-02, 2.631474407639642e+00, 4.571590197999648e-01, -5.843102150106365e-01, 3.470018647251168e-01, 5.924138301157289e-03, 3.189533127139237e-02, -1.617356264100779e-01, 2.222415164933812e-01, 2.054521513619574e-01, 1.534146264343213e-01, 2.765827810557235e-01, 8.825780534895382e-02, 9.440208719329433e-02, -3.615928852800999e-02, -6.723650110667893e-03, 7.953238631962198e-01, 2.423867868493618e-01, -3.559457041089825e-02, 2.401794772569058e-01, 4.485687966146360e-02, -7.950987496115766e-02, -2.213388523992108e-01, -1.631138936923473e-01, -9.772982444641637e-02, -7.323566165133688e-02, -1.008357574062570e+00, 1.207447158758821e+02, -1.851763273491370e+02, -9.418077218322153e+00, 1.432026906119106e+02, 9.953175633269302e+01, -1.230882756913341e+02, -6.514462052889989e+00, 3.723286718704320e+01, -2.789898614785847e+01, -5.205993545617159e+01, -2.775891152229470e+01, 8.020044705228061e+00, 5.281864577968168e+01, 1.298146337618979e-01, -4.781890558449673e+00, -1.011682429939977e+01, 1.163829231699182e+01, -4.634695395481036e-01, 1.313857240376741e+01, -3.424050534404963e-01, -3.430583952376869e-01, 7.021140089007425e-01, 3.706593642839420e-01, 8.378064143026813e-01, -1.165147160248547e+00, 3.131561942057764e+00, -3.575140011059600e+00, -3.115142105339423e-02, 1.855155078088216e-02, 1.534155666524509e+00, -8.476667484745034e-01, -4.950477250614916e-01, -1.046739483436435e+00, 7.123613824907010e-01, -1.258096713455245e-01, -3.789481055895141e-01, -2.821611041456525e-01, -5.314286445996653e-01, -3.871492242906498e-02, -1.559286140625841e-01, 8.998884788166463e-02, -2.894476240720324e-02, 2.349468667621681e-02, -8.153744103184785e-01, -8.742923556846010e-01, -3.829723451965998e-02, 2.089314423568089e-01, -2.683386715278316e-01, -4.112539853539571e-02, 1.514709945090954e-01, -6.760849669455220e-02, 1.565386789549207e-01, 3.514972433561064e-02, 5.042089714705005e-02, -3.899159642334538e-02, -3.153051652218628e-02, -5.580511698539498e-02, 8.873656336702149e-01, 6.683757489237245e-02, -3.889796395480484e-01, 2.675811455750469e-01, -2.438986819927740e-02, 1.320863579459889e-02, -1.204323690808005e-01, -3.612751660659719e-02, -1.058762404672228e-01, 1.768594452030915e-02, 5.999637420319159e-02, 1.475820661573941e-02, 8.788117176503425e-04, 7.443324913127923e-03, 7.199770622607048e-01, 6.405909089633708e-01, 1.681642445400763e-01, -7.683229200388239e-02, 1.179290006418310e-01, 1.493101225103107e-02, -8.154652448674614e-02, 6.512235952571913e-03, -1.654537348098806e-02, -7.914018612243959e-02, -4.584116696989220e-02, 2.169808575026018e-02]
