elements:      [La]
cutoff:        8.0
pair_type:     gaussian
feature_type:  gtinv
model_type:    4
max_p:         2
max_l:         4

gtinv_order:   2
gtinv_maxl:    [4]
gtinv_sym:     [0]
gtinv_version: 1

electrostatic: 0
mass:          [138.9]

n_pair_params: 14
pair_params:
- [1.0, 0.0]
- [1.0, 0.583333333333333]
- [1.0, 1.166666666666667]
- [1.0, 1.75]
- [1.0, 2.333333333333333]
- [1.0, 2.916666666666667]
- [1.0, 3.5]
- [1.0, 4.083333333333334]
- [1.0, 4.666666666666667]
- [1.0, 5.25]
- [1.0, 5.833333333333334]
- [1.0, 6.416666666666667]
- [1.0, 7.0]
- [0.0, 0.0]

n_type_pairs: 1
type_pairs:
- atom_type_pair:      [0, 0]
  pair_params_indices: [0, 1, 2, 3, 4, 5, 6, 7, 8, 9, 10, 11, 12, 13]

type_full:    1
type_indices: [0]

n_coeffs: 3654
coeffs: [-4.495276254808489e+02, -6.868528947181966e+01, 7.507871137883565e+02, 9.636529094813557e+02, 4.644990939735566e+02, 9.154174150454780e+02, -1.373554078246046e+02, -1.068996770666390e+02, -8.049697398269391e+02, 1.317633384671535e+03, -3.083045114974572e+02, 8.564564093012095e+02, -1.524362223025146e+01, 8.434479804048830e+01, 3.104938689841769e+01, 1.097228609587265e+02, 2.080512839367736e+02, 1.499664489022870e+02, 4.595111974521974e+00, 2.352824622974564e+01, -8.565692287913677e+00, 7.640175999785849e+00, -1.218755078044706e+00, -1.999047719793148e+01, 2.227516166904335e+00, 1.330286493559511e+00, 1.384681610764413e+01, 6.267859164847578e+00, -3.940311858195694e+00, 3.272232918244596e+00, 3.247576465782702e-01, -4.040357284552698e-01, -6.345878301600627e-01, 2.761640877398934e+00, 1.193084485368526e+00, 1.487325278877672e+00, -4.565754253470476e-01, 5.074757055065034e-02, 1.370508329555018e+00, 1.138082563657806e+00, 1.164948119637522e+00, -9.419763505001300e-01, -2.015097707066972e+00, -3.696380154227075e-01, 3.092071950319584e+00, 3.759302935174541e+00, 1.724572692329394e+00, 1.740031631855886e-01, -1.762356851642091e+00, 6.246026813795190e-01, -6.618106270861672e-01, -5.619947858694138e-01, 2.516072070715523e-01, -1.527601710775135e+00, -4.500016037552197e-01, -3.138762756816669e-01, 1.502824851625527e+00, 1.605056387575486e+00, -2.128056324884523e+00, 5.647879964240045e-02, 8.634229442497071e-01, -9.569302574274251e-01, -2.163075361648625e+00, -5.082984895024152e+00, 6.891062772786264e-01, 4.231991245726626e+00, -4.717191449403659e-01, -7.477101490123306e-01, -2.424451885156284e+00, 4.748676548827730e+00, -4.765361230657461e+00, 5.495940472978844e-01, -2.449883077085656e+00, 2.307949702137715e+00, 2.006438663986847e+00, -1.236379406949187e+01, -1.203812603701252e+00, 6.591322104691834e+00, -3.879461185345157e-01, 4.194402699542187e-02, 6.435060629833638e-01, 5.250846486785198e-02, 1.007934850059477e-01, 1.255453970318890e-01, -6.868530076564394e+01, -1.361788412270203e+04, -4.640881065513280e+05, 1.174058062294147e+04, 4.294751469756146e+03, 1.277483829853377e+05, 7.196091299115648e+02, -1.643961851940781e+05, 3.062894171902570e+04, -6.373921003132377e+04, 3.791121593478369e+03, -5.712175808687710e+04, 4.686945578791646e+04, -9.769870009154332e+03, 9.766135585466705e+03, -4.308368292517239e+02, 9.096779961310480e+04, -3.903693385426821e+04, 2.473580770325667e+04, -3.653712229389061e+03, -5.801120530427873e+03, -1.024183624283513e+02, -6.563418894327780e+03, 3.529387521861910e+03, -3.034365604642508e+02, 1.905687749555659e+03, 1.888036454841426e+03, -1.068997752096474e+02, -2.063782719849593e+03, -7.616258851365944e+04, -4.931447550553254e+03, -2.167886600547926e+04, -8.456771633861463e+03, 1.707321936200993e+04, -6.708673393026331e+02, -8.471214320601428e+03, 1.183010432439361e+03, 5.130373251360193e+04, 4.476871735868723e+04, 3.738818385592078e+04, 1.981199462883717e+04, -2.815462287392288e+04, 5.741956286044657e+02, -1.041139985130488e+03, -2.264556869746402e+03, 3.558075656110034e+02, -2.570308697474396e+04, 9.163558965413196e+03, -8.268091086001577e+03, 4.947508876718685e+01, 1.947977972526616e+03, 3.701070481941184e+02, -1.225586378210617e+02, 2.346647987824073e+03, -2.289251062906938e+03, 3.085964059251157e+02, 1.386719425046563e+03, 6.757038141366848e+03, 5.832093655546554e+03, 2.620467066616923e+03, -4.375999993346138e+03, 5.660549909231349e+02, -2.911872857548431e+02, -3.692086264956240e+03, 6.860598291111174e+02, -1.316304110400920e+03, -1.337052927107149e+00, 6.853067951483725e+03, -1.782629631575564e+04, -6.619281472142910e+03, -5.945104944474848e+03, 6.768628648694190e+03, 1.575304949482241e+02, 4.306861339207385e+03, -2.459399321906544e+03, -2.081508169629067e+01, -9.127710308742954e+01, 1.223592030784639e+03, 2.882253683078297e+00, -2.094925186511620e+03, 3.786354401638282e+03, 7.074058887473664e+02, 2.860603234976374e+03, 1.615839749625837e+03, -1.029002210311264e+01, -1.787206961426847e+02, 9.065874759987537e+02, 4.117612839934550e+02, 7.176903147454099e+02, -2.124728392799596e+02, 8.434468702371963e+01, 5.269496911315550e+02, -3.030273226687225e+04, -1.181998694003655e+04, -1.303527438296034e+04, -2.375905546361178e+03, 1.598514507027946e+04, -1.650169394680343e+02, 1.549900593023524e+03, 2.221403979136051e+03, 5.538932080721162e+03, 2.407559221517813e+03, -1.331687741034345e+02, -4.584179004764113e+01, -1.529797196531967e+03, -1.232579541860442e+03, 2.717952494794171e+04, 1.346760825684560e+04, 1.466799932812260e+04, 1.312932589076017e+03, -6.529394994657961e+03, -2.145594495636716e+02, -4.537430756646642e+03, 3.397944137535772e+01, -3.529730737019866e+02, -2.624407741770964e+03, 5.071258813392712e+02, -3.008061334279004e+01, -1.976342621039871e+03, 4.950500990401358e+02, -7.085482805615541e+01, -7.382276286633643e+03, 6.358860827210357e+03, -1.068534283394052e+04, 5.563212624182745e+03, 9.550433182141976e+03, -4.228864709173191e+02, 7.006711490221693e+03, 4.056432371146531e+03, -1.943543831982450e+03, 3.576585069200010e+03, 1.571171960502795e+03, -2.686144525843745e+02, 1.525739628770182e+03, -7.576219805967603e+02, -2.186745812679467e+03, 1.820979581677146e+02, -1.367348894358708e+04, -1.018322937362376e+04, -5.428041777049184e+03, -3.031527612257459e+03, 6.675860637303897e+03, 2.934941974483604e+02, -1.541261233018095e+03, -7.679766394526700e+02, 9.557206545436776e+02, 5.606119517457796e+01, 2.073610881597732e+02, 1.648811803498402e+02, -1.300559694647558e+02, 4.555054696704162e+02, 4.071706104116709e+02, -1.443534297732304e+01, -3.652130854930017e+02, 2.406877573503316e+04, -1.388340715629882e+04, -2.743631150219504e+03, -4.608404920445248e+03, 2.403704638067810e+02, -6.492367786915850e+01, 4.090589666916373e+03, -4.053551969351185e+03, -9.911028569037949e+02, -1.518538352087413e+03, 7.029853177711113e+02, -6.197728993994691e+01, -1.871723024941075e+02, -3.107352995675084e+02, 6.201557762618673e+02, -2.177281731767782e+02, 5.329547805110100e+02, -2.342839345079214e+02, 4.952012796049429e+03, 6.758028118683457e+03, 1.908179846817398e+03, 4.850098611638153e+03, -3.203596965026255e+02, -3.453902451162455e+01, 3.156659224443493e+02, 1.808889058726692e+03, 6.551548541338872e+02, 8.159092907617719e+02, -4.522263806002783e+02, 5.467699845225716e+01, 4.412554851053812e+01, -7.184274674566556e+01, -1.070489208247657e+02, -5.087991039724640e+01, -5.235010251307909e+01, 2.352827886975960e+01, 2.789198883844259e+02, 5.714177220498426e+02, -1.661981642413388e+04, -5.577674854670772e+03, -4.232596972984917e+03, 5.933538895917095e+03, 4.422176155484798e+01, 2.085748296861895e+03, -1.571392671718921e+03, 2.973128160462725e+03, 8.796174307169592e+02, -2.448133577016540e+03, 6.747356833803420e+01, -6.548121663583812e+02, 4.280047469366198e+02, -3.954577157381145e+02, 5.296820404684386e+02, -5.956809260100586e+01, 3.082144594659212e+01, 4.896992557489732e+01, 2.325738287242611e+03, 6.700086768022313e+04, 2.330669165134004e+04, 6.383033587035836e+03, -2.721976134321300e+04, -2.559096730422468e+03, 5.259752282493374e+02, -8.327932640528114e+03, 4.803427021243970e+03, 1.519034024822729e+03, -6.164587231549576e+02, -5.458114916649236e+03, -4.639180197175732e+01, -1.102517151474272e+03, -1.388879160753847e+03, -1.113202758534350e+02, 8.079977813864316e+01, -2.507685271242896e+02, -1.862251588268317e+02, 6.303129821003245e+02, 3.159097624198150e+02, 2.722172866021890e+02, 2.775296565173145e+04, 2.289749623932431e+04, 1.356669955627113e+04, 1.413177962139647e+04, -5.133623701278471e+03, -3.892886540423475e+02, 3.086551517489039e+03, 2.122386671073258e+02, -9.378846569876522e+02, 2.579970686011903e+02, 3.438038031232880e+02, -2.054403113844620e+02, 3.368140224541984e+02, -1.562028467485688e+02, -1.260171229241503e+02, 7.342000638140121e+02, -5.331195453684375e+02, -5.143572765486843e+01, -6.666989384265111e+01, 2.994218577458787e+02, -3.499064946887984e+01, -3.296009283304345e+01, -3.530904467225855e+04, 9.231295909233154e+01, -3.693749724330833e+03, 3.634057611806169e+03, 7.181600969992420e+03, 3.168310273805296e+01, -3.416403885118799e+03, 6.551561993936422e+02, -5.974908508244408e+01, 6.627118341681795e+02, -8.234910818773786e+02, 3.791705284322618e+01, 2.036167537676731e+02, -1.907080265925970e+02, -2.292881121151756e+02, -7.455463797712898e+00, -6.139024515892984e+01, 5.470063792515695e+00, 6.358532412989606e+01, -2.257961653712893e+02, -1.558650848222747e+02, 5.820871961333805e+01, 9.020792783469125e+02, 3.965636381145245e+04, -7.339287952598806e+03, -5.707119793884321e+03, 5.857657328868356e+02, -2.899519277473749e+03, 5.453852335420894e+01, 6.775422130891335e+03, 1.254266262478254e+03, 8.095629806965853e+00, 1.415105768864268e+03, 1.229088109201600e+01, -2.504010657790775e+01, 2.741211472326839e+02, 2.878229202437858e+02, 3.747801221518241e+02, 3.445612453525099e+02, 4.260293016465412e+02, 1.842957843505444e+01, -8.061480790232443e+00, 2.722749190071938e+02, 5.141708582027345e+01, -5.657487003431261e+01, -2.834407508584293e+01, -8.501067768679766e+02, 4.309379816230813e+03, 6.662213455444835e+03, -2.395339245437247e+03, 4.787704111758276e+03, 1.090030432832911e+03, -8.156480063797012e+01, -3.895395718501595e+02, 1.700920489403526e+03, 7.430053115472673e+02, 5.489457062447924e+02, 5.718064191821098e+02, 2.738284240980112e+01, 2.104112396322814e+01, -1.383303887555903e+02, -1.977769601450453e+01, -2.198143441683489e+02, -4.822298340943342e+01, 9.192628207191166e+00, 1.533411111505570e+01, -6.148096357571515e+01, 9.070519881209789e+00, -1.197501523560631e+01, 2.523205641866923e+01, 1.330280782545666e+00, -1.056967311082422e+03, 1.326754507609068e+04, -2.214081812765753e+04, -5.011863169566236e+03, -7.952961428984807e+03, -6.114631285469568e+02, -1.400570905777240e+02, 5.183970965409920e+02, -2.928274555077980e+03, 1.019230810638876e+03, 1.815577094374386e+02, 1.106775220113478e+02, 1.388373598107053e+01, -2.953972736675111e+01, 2.581669782149644e+02, -7.683478180133210e+01, 1.704895076515828e+02, 1.344437941189927e+02, 6.696272922687866e+00, -1.588797221467606e+01, -2.216850117426152e+02, 6.215777267575724e+01, -1.721947416645232e+01, 5.289220395311203e-01, 9.945197441422055e-01, -4.667262031877689e+00, 2.233444575474260e+03, 2.025576139428824e+05, 4.265607819168010e+04, -1.089621189972858e+05, -7.063230389777292e+04, -1.097375423909605e+04, 6.156484530395974e+02, -2.649745276344161e+03, 6.138288587338342e+03, -1.925812922125842e+04, 1.940795962276135e+03, -7.679494475044826e+03, -3.290548698018295e+01, -4.422545196594670e+02, -1.490639851935836e+03, 1.485141259004109e+03, -1.491173770027475e+02, 2.153742408601375e+02, -1.120245798494387e+02, 1.215490864043083e+01, 6.493170951444196e+01, -2.464824697980517e+02, 1.754863037899343e+02, -9.624578062880884e+01, -3.337169885867181e+01, 2.078138799690575e+01, 1.878495062375278e+01, -9.157887535621691e+02, 3.993592495012932e+03, 4.782839032502105e+03, 4.211479189876588e+03, 1.401867571727801e+03, -1.504649765305073e+03, -7.713781461336066e+02, -1.113466415430924e+03, 1.775562951236697e+03, 8.052053920678967e+02, -1.496817662244615e+03, -1.405051792353805e+03, -7.238552126192617e+01, 5.132039941021301e+01, -5.475516857332021e+02, 5.640420754476320e+01, 6.528424229942976e+02, -2.758656068951365e+02, 3.473325500419162e+00, 7.850108579760213e+01, 3.126667049152641e+01, 1.058728316600405e+02, -2.562654973251575e+01, -2.694890670085218e+01, -2.309821714436978e+01, -3.237872019645992e+01, 7.413704633117139e+01, -9.638231107736473e+00, -1.886638282916285e+03, -2.710066525815139e+04, 8.805901104982509e+03, -1.661237385207879e+03, 3.366183562406668e+04, 7.461870302164365e+03, -1.852791609761391e+02, 9.232890563115742e+02, 2.689598869460256e+03, -6.100078872481994e+02, 1.530556956547216e+03, 1.481554810633891e+03, -3.186419633908503e+00, -1.907215933506142e+02, 1.273801942678796e+03, -1.336124833124277e+02, -1.602878325150806e+02, 2.516237025016935e+02, 1.585794206802257e+00, -4.630141653337919e+01, -4.403894021708770e+01, 6.195197190466557e+01, 2.051307836211955e+01, -5.860540947454740e+00, 7.335234912549971e-01, 1.653483628277210e+00, 1.040533565115741e+01, 7.012215103389365e+00, -5.669991867270070e+00, -7.636027744437943e+02, -2.108044990132752e+04, -1.307024399463018e+04, -9.579890563416902e+03, -1.014748474301307e+04, 5.753260579186411e+03, -1.281891017628896e+02, -1.573555328926884e+03, -2.925095154790601e+03, 5.212843944305072e+01, -1.008379989078073e+03, -8.892653864187496e+01, -7.016125899391368e+00, 1.849603128536212e+02, -1.286267309118175e+02, -2.437453233963526e+02, 2.859616057507556e+02, 2.027252266860712e+02, 2.339469912050711e+01, 1.378809229400213e+01, -3.562866013923732e+01, 5.949609811127393e+01, -3.724873476919382e+01, 1.967433325504418e+00, 1.288355505672413e+01, -8.795142192139272e+00, -3.458472789890579e+00, -1.954978498936861e+01, 1.631275162318780e+00, -6.112532289932223e-01, -7.753351738808875e+02, -7.862880135542211e+03, 5.986145003951631e+03, -8.915941633638495e+03, 4.402655291915244e+03, 4.998703209681256e+03, -6.586389861883640e+01, -1.044041306222884e+03, 1.554486156031380e+02, 6.403072719430064e+02, 8.089271657786021e+02, 1.725917159116517e+03, 1.938332433145352e+01, 4.826871321855139e+01, 4.375052034610407e+01, -2.470699905290203e+01, -1.151769590185652e+02, -1.278224698255985e+01, 6.892575776610903e+00, 1.442634836517417e+01, 9.561537730365789e+01, 2.613993343164035e+01, -2.394062724097058e+01, -6.388896794882958e+00, 1.195935516716751e-01, -6.023490438620545e-01, 1.110088138968421e+01, -1.094274213020132e+00, 1.356747520123375e+00, -1.434731597966443e+00, -4.040356780027540e-01, -6.978130186351021e+02, -4.984649180238694e+03, 1.108278025525884e+04, -6.039483986727681e+03, 9.401595317456908e+03, -5.682687508938006e+02, -4.937250733326631e+01, -1.230442283595082e+03, -4.481334049956263e+02, 1.601598946323333e+03, 1.602907707112135e+03, 1.166782868725316e+03, 1.567045571645126e+01, -6.069037825385589e+01, 1.459664649434882e+01, -3.964008129510288e+01, -1.227934664708822e+02, -2.037130773833184e+02, 1.143203422081132e+00, -1.418273832139432e+01, 7.171436118091307e+01, -1.551295518918697e+00, -4.001901378192262e+00, 2.846571931053704e+00, -2.114748871526098e+00, 2.214800870619654e-01, -2.143041206052927e+00, 1.282334130930023e+00, -6.157823346206992e-01, -1.716733269693672e-01, -1.203878344736374e+00, 6.981849649335370e-01, -8.749841109834435e+03, -2.226158299642756e+05, 1.790119529940269e+05, 1.580673914101131e+04, -5.695575124921089e+03, 2.406015523160291e+04, -1.293356650518931e+03, 1.673843688423382e+04, -2.122855196041747e+04, 9.643455604627561e+03, 1.063841523815142e+04, 4.113957346959294e+03, 1.818652071886068e+02, 3.165609515647116e+02, 2.305590541063288e+03, 2.870652933231599e+02, -2.159173983076173e+02, 3.081166009921217e+02, -1.762955127394989e+01, 9.732983609838017e+01, -9.970184599996371e+01, 4.553399617371070e+01, -1.894760381998716e+01, -3.733257604604745e+01, -2.772710151272823e+01, -1.575556655587376e+01, 1.212192727175384e+01, -1.474450280819486e+01, 7.296583086501336e+00, -6.733171137729573e+00, 5.568555025978439e+00, 7.509279631255881e+00, 3.355111887665171e+00, -1.397605479893213e+03, -8.448682087113029e+03, -1.384073229764519e+04, -5.819819395822336e+03, -9.025647908331553e+03, 7.449315976283838e+03, -5.699344864203532e+02, 2.569898990303514e+03, 3.634849069459601e+03, 3.110774926037994e+03, -1.520267433309323e+03, -1.021027071400376e+03, 8.040246869915441e+01, -4.151073594086214e+02, 1.966132193131449e+01, -1.252187365182340e+02, 3.847946902059550e+02, -8.189609098157177e+01, 1.852540011530134e+01, 1.683270820279145e+00, -7.315537955594898e+01, -1.865551219358648e+00, 3.314372715345050e+00, -4.531365670654475e+01, -2.733038981381072e+01, 1.121084952402714e+01, 5.608663870960253e+00, -4.386875458148327e+00, 6.209064678346984e+00, 1.412673927165112e+01, 7.178930858901721e-01, 4.058084704755607e-01, 6.963077290287767e+00, 4.895966444923480e+00, -2.362973651456435e+03, 1.499308073430513e+04, -2.076555675213384e+04, 2.269080111826372e+04, -8.496007735654650e+03, 8.174898921705556e+03, -2.947986516034548e+02, -2.074718752599132e+02, 5.663204981040823e+03, 3.581405610681972e+03, -1.019144304296812e+03, 1.682117220226532e+03, -2.467551005640243e+01, 2.544162705530682e+02, -3.672551128372082e+02, -2.184804177464326e+02, 3.163490816187359e+02, -3.777936659627420e+02, -2.159934130120019e+00, -1.162052518176524e+01, 4.779239751156893e+01, -3.243744704470189e+01, 3.220890384151570e+01, -6.242293357139396e+00, 8.119262516002531e-01, 1.234944567693551e+00, -5.957647310174955e-02, 7.718751547732249e+00, 8.229640247439209e-01, 1.217000641065489e+00, 1.318885822428870e+00, -8.857646140529837e-01, -1.138332214959092e+00, -1.128248232264260e+00, -7.052068576762819e-01, -5.463237046705829e+02, -2.486225934331904e+04, 9.272432185196420e+03, 2.367929220377697e+03, -2.116635687352879e+02, -4.448594270570989e+03, -2.560113335408438e+02, -2.622513516788677e+03, -3.026178490747034e+03, -1.128079031666422e+03, 1.835977776564454e+03, -3.931714389855559e+03, -5.616674174648665e+01, -1.832787353170057e+01, 5.222862957718796e+02, -4.123620674110090e+00, -5.995071054349764e+01, 1.101030077094323e+02, -1.008783496346280e+01, 4.119168737943737e+01, 1.646179242202710e+01, 5.605626177097788e+01, 3.007583909526345e+00, 5.737483582552766e+00, -2.118690322297720e+00, 4.378390508803576e+00, -7.343972116738243e-02, -2.907064400289720e+00, 3.985527542435302e+00, -3.015555751622712e+00, -9.373965310398545e-02, 5.916509265744503e-01, -1.369570468320595e+00, -5.391947213815515e+00, -3.835352698454444e-01, 3.322937097777122e-01, -4.842129119384605e+02, -8.391170870212745e+03, 7.158361802983465e+03, -4.366173943873251e+03, 5.819755806190807e+03, 1.740359841504534e+03, -1.495860977061342e+02, -9.231954643684017e+01, -4.987029917884487e+02, 5.672885361521679e+02, 1.196137779129285e+03, 1.461157498708892e+03, -2.089894298004294e+01, 1.393675885667856e+02, 2.351662097374426e+02, -5.550410830654247e+01, 1.294925636543960e+02, 1.086853029986534e+02, -1.068807558437991e+00, 2.786365850400806e+00, 5.000086413367251e+01, 1.311220669376743e+00, -2.923773182715395e+01, -1.969971979635465e+01, -9.428691284893888e-01, -1.729707584935820e+00, -1.537312157615087e+01, 4.262014723298231e+00, 1.651274439541070e+00, -3.252517660809540e+00, -2.233643188971978e-01, -4.387720463614851e-01, -3.241817645531723e+00, -5.936045318736462e-02, -7.728139100226747e-01, 9.250214577641667e-02, 5.074817723877370e-02, -1.931983046511462e+02, -2.522439528975386e+04, 1.184362561854731e+04, -6.139843836321010e+03, 9.494451296411316e+03, 2.262624570525758e+03, -3.520418740432469e+01, -1.470073545924975e+03, -1.073172219659470e+03, 1.299892446247618e+03, 1.182200698396580e+03, 1.025562259051023e+03, -4.731819724196758e+00, 5.803625069385748e+01, 6.897536123214960e+01, -4.136888359979587e+01, -1.108744063895288e+01, -6.115710811810518e+01, -2.762511498733060e+00, 1.204285985964793e+01, -4.163764435396835e+01, 3.087254819137320e+00, 1.353028336511050e+01, 5.761296731468804e+00, -1.026127433095172e+00, -1.086042661017139e+00, 7.196647909797711e+00, -1.957026757597814e+00, -8.785974919494652e-01, -4.375839306701431e-01, -1.252464308799916e-01, 1.989954850718883e-01, -2.972745436781915e+00, 4.692489953289101e-01, 4.867169319687302e-01, -1.212917470490914e-01, 2.612879835009471e-03, 1.458517303942221e-01, -1.482767869378503e+03, -9.183445935417654e+04, 5.096073848220244e+04, 2.931080255646777e+04, -7.398042426716980e+04, -2.078868602121578e+04, -1.294984253353758e+03, -1.864779922464562e+04, 5.497032808456732e+03, 2.899366964901503e+03, 2.890823192727269e+03, -1.481772649643369e+02, -1.879152043157869e+02, -1.400207055223847e+02, -3.200861756712619e+02, -1.396096991174674e+01, 9.508053825945819e+02, 4.179096564453009e+01, 8.940610526725598e+01, 2.965391670294060e+01, 2.825380782944479e+01, 3.473861904707764e+01, 1.433132184461423e+01, -5.490919906969287e+01, 5.303409674543144e+00, 4.607004553919778e-01, -1.158130311568369e+01, -1.003185321855181e+01, -6.419810544792389e+00, 1.381098623269994e+01, -8.364326602126797e+00, -3.265217799370434e+00, -1.965271063512443e+00, -1.486149519752185e+00, 2.343254102265051e-01, -1.783415240914627e+00, 2.672314019198153e+00, 3.194569613453734e+00, 2.547254810206411e+00, -1.897284158083777e+03, 3.796991730474361e+04, 3.660422701521347e+03, 1.827707412343994e+04, 5.332608822208831e+03, -5.057326045709991e+03, -4.884274133135045e+02, 6.619392751466063e+03, -4.158323549785656e+03, 7.916986569485862e+02, -2.442803921678354e+03, 1.804894093853989e+03, -7.199562984281587e+00, 1.442580620221904e+02, 5.354606475449199e+02, 5.070203572666678e+01, 3.680181877153003e+02, 8.670912145286810e+01, -9.488618838334618e-01, -1.726035287232874e+01, -2.970569263812298e+00, 3.429776604807684e+00, 2.107740437500897e+01, 4.764434126214291e+00, -1.041340833690097e+01, 8.062710561685765e+00, 1.882830400698782e+00, 2.324126817491797e+00, -2.513818616764833e+00, -2.297977179976546e+00, 6.904136362796701e+00, -1.357950052930406e+00, -4.260220669724461e+00, -3.620403659278117e-01, 1.426133346510654e+00, 1.909887942510554e+00, -4.444581029594296e+00, -5.149697589951666e-02, 3.249535802123942e+00, 5.842375704326286e-01, 5.707629460575833e+02, -4.595320467296468e+04, 7.923983263964741e+04, -2.565932920817869e+04, -2.568953826750497e+04, -1.462556031694413e+04, 9.149418212659404e+00, 5.235940884930912e+03, 5.853944413825103e+03, -4.944922541168039e+03, -2.276333618932148e+03, -5.198862561402836e+01, -1.245533374851811e+01, 1.546378007779129e+02, 6.145912836216373e+02, -4.935934828096804e+02, -6.415980451630763e+01, -2.892354374275505e+01, -8.551417602396009e+00, -9.732766423504430e+00, -1.267689945087107e+02, 9.985805298651215e+01, -4.273564991253529e+00, -5.465758840408125e+00, -5.272773797909791e+00, 4.511905555344287e+00, 1.535143131871989e+01, -1.388340259320872e+01, 3.440183702471879e+00, 7.502404887301857e-01, -2.085023890585206e+00, -3.498094493587631e-01, 8.884203037438806e-01, 5.099037705193922e+00, 1.099411133496132e+00, -1.297568469557053e+00, 7.629055960032539e-01, 3.502737917129535e-01, -3.279580158932013e-01, -1.078447336040973e+00, -1.456556023979206e-02, -2.923006213184783e+03, -3.127924680501984e+04, 1.640809940688427e+04, -1.788222994101033e+03, 7.570307457614105e+03, 4.705381831572769e+01, -1.065588263911072e+02, -5.769677674938298e+03, -1.802361897489236e+03, -3.310084762893289e+03, 4.378616164024342e+03, -7.122288510801412e+02, 5.922977637045533e+01, 5.674204029801109e+02, 1.550500323772965e+01, 4.706658174659725e+02, -1.198203030606659e+02, 1.669344021736838e+02, -8.611611251861070e-01, -8.095245432857972e+01, 4.863885377557781e+01, -5.569666320373295e+01, 6.098166092544054e+00, -2.993677171573665e+01, -8.638251173323647e-01, 7.769071845622393e+00, -3.524664191152944e+00, 7.126732662048773e+00, -3.053475350108490e+00, 4.935667763201739e+00, 1.761579427571229e+00, -2.218779901518762e+00, 1.839734698256592e-01, -4.468368184341594e-01, 8.250211770018596e-02, -4.666470435856910e-01, 2.413334297763378e-01, 8.335575274827127e-02, -6.210105109120710e-01, -9.512454854125094e-01, -6.187949890548441e-01, 3.989609990502747e-01, -3.885393383999495e+02, -5.769705713150902e+03, 1.511053553785979e+03, -1.571320781359924e+03, 2.082280304598866e+03, 7.411288616028925e+01, -1.277237847956924e+02, -1.782574582515276e+02, -4.451042714587439e+02, 9.693078918308483e+01, 3.288893263061204e+01, 9.226634994858134e+02, -1.706284328189568e+01, 1.552913538475486e+02, 2.283234494266073e+02, -3.137728869222972e+01, 1.680678266414866e+02, 1.324280991179431e+02, 3.824109946017544e+00, 1.759173299311731e+01, 8.632939220612548e-01, -5.938021504798965e+00, 5.249199745621409e-01, -7.396511087109397e+00, 1.441730798475171e+00, 7.495909881371461e+00, 1.580069117341577e+01, -1.253879707327771e+00, 1.394107873977746e+00, 9.431442688864756e-01, 3.880413227983366e-02, 1.116228748456982e+00, 6.368951236076071e-01, -1.768630673538073e+00, -2.926312492220493e-01, -4.990557564137105e-01, -7.976909573434564e-02, 1.104898343227463e-01, -4.888148098813625e+00, -1.835378381545729e+00, 8.499541779713236e-01, -1.190263720953516e+00, -3.696394469330244e-01, -2.323056606936724e+02, -8.359887952765363e+03, 1.523652556287315e+03, -2.023665079176653e+03, 2.089321845584990e+03, -2.241082780256150e+03, -8.172453308350596e+01, -1.679902874070022e+02, 1.925498232135008e+02, 5.464393148501781e+02, 4.191205426722913e+02, -2.195424441390379e+02, -1.272621361998898e+01, -1.249127869625278e+01, -6.420566446800375e+01, -9.406185429040897e+01, 2.926849179689805e+01, -1.203932075914311e+00, -4.300444263105397e-01, 6.180491665898326e+00, -6.342384392681815e-01, 2.552632704598349e+01, -1.009947490419052e+00, -5.922314908782909e+00, -1.898700652788348e-01, 4.308943990099912e-01, -3.875412088172061e+00, -2.235824312843101e+00, 8.001385718705258e-01, 1.300831295702466e+00, -1.568180429805878e-01, -4.181893667893511e-01, 9.281427306411436e-01, 7.009036669026258e-01, 1.314570340156602e-02, 4.717128754471621e-03, -8.484831841717802e-04, -4.775926381866972e-02, 4.185197306742559e-01, 9.937393667515023e-01, -6.323514560425058e-01, 1.017315561558501e-01, 8.639240410799266e-02, 1.060675278641305e-02, 5.261770175095266e+01, 2.709719548753732e+05, -1.273298484866547e+05, 4.205583513833060e+04, -4.778337611417744e+04, -1.539218642692915e+04, -1.316493843570109e+03, -8.098074723405489e+03, 3.148685717476853e+04, -1.859421663691686e+04, -2.473059271109842e+03, -8.623279451878451e+02, -1.029279562713475e+02, 1.201197111890400e+03, -1.034032164832260e+03, 1.257615873651500e+03, -7.327364610330319e+01, 1.418382684158608e+02, 6.056985678363803e+01, -1.078553078972028e+02, 9.556398235471144e+01, -3.762344728427423e+01, 6.951625600744759e+01, -3.807529845299189e+01, -1.645628603334384e+00, 1.076784596746940e+01, -1.596036263135981e+01, 9.998490573446110e-01, -7.745922078540966e+00, 4.385819169927356e+00, -5.111616403458151e+00, -2.530965362478748e+00, 2.062378314468719e-01, -1.103377901732966e+00, 3.762400310355620e-01, 9.676182766565667e-01, -7.709736308630744e+00, 2.296925990514956e+00, 1.898227149675542e+00, 2.921813852161501e+00, 3.651800979286282e-01, -1.441098906905004e+00, 8.544718463455748e+00, -4.919112521923958e-01, 3.053308961184477e-01, -3.074733626393348e+02, -1.593309001873061e+04, -2.924394810551030e+04, 1.056033025737942e+04, -4.076436338863446e+03, 5.542836108512930e+03, -7.400096735267632e+02, -1.129700166077602e+04, 5.956083729179128e+03, 2.814188837054119e+03, -1.704120260938039e+03, -3.625419646923632e+03, -2.125848650969666e+02, 5.235676144791292e+02, -3.607714209130224e+02, 1.846791481134228e+02, 3.647601916547228e+02, 1.771544086862525e+02, 1.456640484493786e+01, 4.229557532655394e+01, 1.280915749903157e+02, 5.272484566713081e+01, 1.175752275380064e+01, -2.706833981788123e+01, 5.103918426247595e+00, -4.997909354073294e+00, -5.595453938453323e+00, 3.822803531013587e+00, 6.300528425807990e+00, -1.439233751186675e+00, -1.051529185637024e+00, 2.598815652528482e-01, -2.331540493345271e-01, -1.623121445268171e+00, -1.236144923104722e+00, -3.181291786488052e-01, 1.835213507923906e+00, -7.288044014679920e-01, 2.291208129839681e-01, -6.809137649560718e-01, 4.177512345932963e-01, 6.648167268542936e-01, -3.678903852153657e-01, 8.487539034160897e-01, -3.708579876026372e-01, 1.274585535555628e+00, -7.426972317179728e+03, -1.559743662000758e+05, 6.823905219082259e+04, 3.699391666966565e+03, -2.513697930737968e+03, -1.477526485554168e+04, -1.350859421395746e+03, -2.081829458817695e+03, -1.071809061119780e+03, 1.794795654529987e+03, 3.822770729058743e+03, -1.303285842759849e+03, -5.069333054695063e+01, 9.310734145714512e+02, 4.179592937469947e+02, 7.002177379842249e+02, 1.078284497580082e+02, 1.329265256818466e+02, 4.659457235264013e+01, 7.006944737316847e+00, 5.157013298509820e+01, 1.969892408956666e+01, 1.412795490672345e+01, -2.760204793086006e+01, 3.788000712645979e+00, -7.186632281193416e+00, -9.620792335372151e+00, -4.146398320416599e+00, -7.282465765041084e-01, 2.768876704300005e+00, -6.235490438578309e+00, 9.554859722556728e-01, 8.559624889180727e-01, 3.346976727802402e-01, -1.065273451901289e+00, 2.916892210580171e-01, 1.861707971012562e+00, -2.637696939201750e-01, 9.537714257991458e-01, 9.644636468213732e-01, -1.637468144552680e-01, 4.140589345180947e-02, 1.259030029298845e+00, 1.611551690509768e-01, -1.143374167531748e+00, -2.457863146293826e+00, -1.041639687425812e+00, -1.930234016616806e+02, 4.897216068181838e+03, 8.266493061363790e+03, 3.384786766042363e+03, -1.032049527948884e+02, 1.128219260661966e+03, 3.339900193820914e+01, -3.619911255610201e+02, 5.929910688756186e+01, 1.984577900712642e+03, -1.766572319484330e+03, -1.615575331689781e+01, -6.342423534562385e+01, -2.436867695930925e+02, 4.433721670258807e+02, -4.884972137719582e+02, 2.197341879668284e+02, -7.391611938981711e+01, -3.699904679592578e+01, 5.022424141912010e+01, 2.363830125394640e+01, 5.790349431961594e+01, -1.967427126453249e+01, -5.485778519283214e+00, 4.844916951831221e+00, 2.080447095649312e+00, 3.444899305669559e+00, 6.565307942923102e+00, 9.624003389458743e+00, -3.811745880891968e+00, 7.601840877191197e+00, -8.750392055174278e-01, -1.710404735028080e+00, -1.491986146539106e+00, -2.549000987377875e+00, 7.465518428799878e-01, -4.957689630279166e+00, -1.727521754176040e-01, -4.098110780698305e-01, -1.013364165359248e+00, 7.192517017301370e-01, 4.387987717217984e-01, 1.362112985302656e+00, 1.369084142027389e-01, 7.600398713874580e-01, 2.605219889354806e-01, 2.443308299603497e-02, -4.337019053440743e-01, -4.802940111308728e+02, -1.073248947124094e+03, 2.949727058625011e+03, -4.678707272376346e+02, 9.379296330872909e+02, -1.341384821886840e+03, -1.189843374723872e+02, -6.404331229815807e+02, 4.356266051596339e+02, 8.902040740707218e+01, -1.206809636735998e+03, 2.701905586578605e+02, -1.884188452652358e+01, -8.058736852648651e+01, 1.206839732198935e+02, 4.907797899627777e+01, 1.018631611309475e+01, 7.344744035202798e+00, -7.483683868752267e-01, -5.041036995885495e+00, -6.843180051338666e+00, 2.735995087645076e+01, -2.847860333194878e+00, 2.848110789395780e+00, 4.995027999473325e-01, -1.327409521941040e+00, 1.662399213609201e+01, -2.020247052757750e+00, -2.553298812807444e+00, 1.397749139588940e+00, 6.946403197885886e-02, -4.399790230989017e-01, -7.171193203375950e+00, -2.693259557162497e+00, -1.739990912089752e+00, 1.063747416352201e+00, 2.310752767375596e-01, 5.011512737800496e-01, 7.347225263843694e+00, -3.898014140979502e+00, -1.717694194297750e+00, 5.470028730278540e-01, 3.991132620409064e-01, 5.964111422771307e-01, -1.336073474035599e+01, -1.485722519572713e+00, -2.540697129916349e+00, 7.833676651300211e-01, 6.246019289244885e-01, -1.967142509906709e+02, 8.810554177733901e+01, -3.672496442069232e+02, -4.899865929076607e+03, -6.921530460512051e+01, -9.789847158306249e+02, -7.079104144797456e+01, 7.161896064171931e-02, 1.106314457550596e+03, -3.099575346887304e+02, -4.859874343008046e+02, -4.900586381355058e+01, -1.123988496138965e+01, 1.941551848719360e+01, -8.570058305780155e+01, 7.043327380621574e+01, 5.022280593878358e+01, -3.238189691705684e+01, 5.774477886371205e-01, 5.129824563398157e+00, 1.626765531201052e+01, -1.004676694088289e+01, 2.611266613194612e+00, -1.303184375547078e+00, 1.516160802932740e+00, -1.559127125185107e+00, -3.225403398518892e-01, 3.444739658394670e+00, -1.475973510123334e-01, -2.716124693576577e-01, -5.737934377757103e-02, 3.735971637816580e-01, -6.201240216939061e-01, -3.919196053789669e-01, 1.870845270984108e-01, -2.849405794408255e-01, -5.785405004099036e-01, -3.042632940950302e-02, 4.750503286200854e-01, 1.625791348225105e-01, -4.836950324381313e-02, 5.614863668631489e-02, 1.999164450643637e-01, -1.518351717767305e-01, 5.719770071870428e-01, -4.592090272597601e-01, -2.096280938527721e-01, -3.558364413312764e-03, -2.467193624875657e-01, 6.515893179287884e-02, 7.437332442088619e+03, 8.333928082858816e+04, -1.386962890930564e+05, 6.368415018019427e+04, -5.292990000546069e+03, 8.772715366951550e+03, -2.476137221007655e+02, 1.096778693693787e+04, -1.159511624503133e+04, -2.284015420232515e+03, 6.179692534750488e+03, 3.469445112337675e+03, -2.482213160005937e+01, -9.193940107440473e+02, 4.085706493369444e+02, -9.937271815653810e+01, -4.208877616747902e+02, -2.248891080107240e+02, 3.191676448987895e+01, 6.377065680010671e+01, -2.789586774368323e+01, -1.140454386257959e+01, 2.368052978450256e+01, 2.688364478737186e+01, -2.143806378811048e+01, -4.235978031006544e+00, 6.976722028961329e-01, 3.905582941791242e+00, -3.135153854546802e+00, -1.775412809322955e+00, 9.982099601028574e+00, 4.791121868666358e-01, 2.843716011181010e+00, -7.798191241725214e-01, 1.402934918898239e+00, -1.513677268811291e+00, 3.300258538091870e+00, -5.091248248369610e-01, -1.957777038208092e+00, -1.605062325852378e-01, -7.018240998329345e-01, 1.753984996095185e+00, -5.566515688125835e+00, 1.700960123447718e-01, 1.300328671601993e+00, 1.503211046147836e-01, 9.092205495712933e-01, -1.465102255097073e+00, 1.052724315032247e+01, -9.451934919581746e-02, -5.565023064252957e-01, 1.764457298872552e+03, 8.360083679485934e+04, -8.754705073578122e+04, 4.026000159325238e+04, 1.161417162164186e+04, -1.440942336576092e+04, 1.331126933948947e+03, -4.971092960490759e+03, -2.054202173977169e+03, -6.906947506840889e+03, 2.965868147984883e+03, 1.998625797216687e+02, -5.884565759425027e+01, 2.495783416472933e+02, -2.905708942499132e+02, 2.550257044451211e+02, -5.159006288109576e+02, -4.218275067462557e+01, -5.624968919345911e+01, -5.131837698292225e+01, -2.700088706140070e+00, -5.279589912954186e+01, 2.476723536617780e+01, 2.670797752178060e+01, 1.537085592701959e+01, 1.224012303792674e+01, 3.213620834455543e+00, 1.293028111054215e+01, 3.487437743309876e-01, -7.274472860789778e+00, -2.435104026105188e+00, -2.174098896471708e+00, -2.457842039816258e-01, -2.227322521092002e+00, 4.867281157167751e-01, 2.018816330695803e+00, -9.593317185919352e-02, 1.329176572839999e+00, 1.949092244444436e-01, 2.046344741439756e+00, -1.135387670172462e+00, -8.227357514813414e-01, -5.437345445087196e+00, 7.955042831436113e-02, 1.591144581739732e+00, -1.591314074483894e+00, 2.158897242693525e+00, 4.587465833947191e-02, 7.971784117912979e+00, -2.836891116992028e-01, -1.334047563812183e-01, 1.372562216368329e-01, 3.828898296961886e+03, 1.421497098838961e+05, -1.133629205661827e+05, 3.419874673568815e+04, -4.198045576327517e+04, -2.872257653259304e+04, 2.372742313842185e+02, 1.557169253869395e+03, 8.268508135845735e+02, -3.863719857600937e+03, 1.026824670118148e+03, 1.467903194397710e+03, 2.353284504953469e+00, -8.286147219133110e+02, -5.311195860639035e+02, -5.108184107080438e+01, 8.443775133282874e+01, -2.505568282569665e+02, -6.548774639790507e+00, 3.459990771095934e+01, 3.561825665734793e+01, -1.463718299311112e+01, -1.030802217056827e+01, 2.487680569835078e+01, -6.466551303949861e+00, -2.189804543525381e-01, -4.158681560125347e+00, 4.645437910016914e+00, 1.016086502036430e+00, -3.421140397663294e+00, 1.619548151031514e+00, 5.176706818242623e-01, 2.607392197043329e+00, -1.554300914738914e-01, 1.127951073226936e+00, 4.070027651726122e-03, 1.068426890047097e+00, 5.590604135634557e-01, -1.837055528497458e+00, 1.247776358818483e-01, -3.309538643774663e-01, -3.192169198761924e-02, -3.157998884679278e+00, -4.965060132179930e-01, 2.279818750274211e+00, 2.023325996578710e+00, 1.548982527509330e+00, 1.187630024378249e-01, 5.400945576132965e+00, 3.270787860690993e-01, -1.872810113208070e+00, -2.780787302976344e+00, -7.745146497402986e-01, 4.732252528778672e+03, 6.933648477196582e+03, -1.857401831614670e+04, -2.044913261826133e+03, 4.852984571784739e+03, 1.699668371284576e+04, 1.333300181130839e+03, -5.344096047787335e+02, -4.105622930637890e+03, 1.591458712656117e+03, 3.246298233604509e+03, 3.297810154809532e+03, -2.621236134373055e+01, -7.507979977909969e+01, -2.647905615957066e+02, -3.030772166373594e+02, -6.497297461535326e+02, -4.717510682094827e+01, -4.657663546697904e+01, -6.078002061474387e+01, -6.230243391743337e+01, -1.893017738127781e+01, 4.424114049760585e+01, 1.608706181313284e+01, 6.056373023056968e+00, 1.280796451152832e+01, 1.667814975389729e+01, 1.114547907395024e+00, -6.525361517093545e+00, -2.007941022956320e+00, 3.509331040633362e+00, -2.579256148110380e+00, -3.752798906113173e+00, 5.457435089378077e-01, 1.903729571352833e+00, 5.154944581204288e-01, -6.980843125620129e+00, 9.975249389366488e-01, 1.786896221413678e+00, -4.296692623517152e-01, -6.008950183929863e-01, -5.342068633368962e-01, 3.746051182320919e+00, -1.735194706867362e-01, -1.277221840940269e+00, 5.160709519364580e-01, 5.238773756471902e-01, 3.869965640606426e-01, -4.559463633819724e+00, 2.943847358552752e-02, 2.135234882030051e+00, -6.104097152073983e-01, -9.209927573181437e-02, -3.990099791353726e-01, -6.949424387346991e+01, 6.300535278839884e+03, 1.025909576911886e+04, 1.345124795351093e+03, 4.199002248498849e+03, -3.665306878506663e+03, -4.624273870670247e+00, 7.708435871881829e+02, 6.487438918577285e+02, 8.367868247289643e+02, -9.399041929250118e+02, -1.511574849780607e+02, 4.436416246345948e+00, -1.487253343553229e+01, -1.799409727751135e+02, -8.481530143218428e+01, 3.804976895726240e+01, -4.726399322768912e+01, 2.906190626762162e+00, 1.105776894504930e+01, 2.306526073929495e+00, -1.033610784327850e+00, 1.519507919269110e+01, -3.067861640808693e+00, 1.474913565615212e+00, -8.867430762472163e-01, -1.690612741257748e+01, -7.011772774781528e+00, 5.280970055598014e+00, -3.129356248580193e+00, 3.176382709921526e-01, -1.011085512137434e+00, 6.085604792775307e+00, 5.278117097743890e+00, -1.233651002955007e-02, 2.141612615516239e-01, -2.260573414779770e-01, -1.486035542344612e-01, -2.897795879073824e+00, 2.207488946069976e+00, 1.741915701654519e+00, -8.495084735745666e-01, 4.691662094321489e-01, -1.895295359395375e-01, 1.050134555502345e+01, 5.246995111109727e+00, 3.379631047712295e+00, -1.212538776182400e+00, 3.200263919758526e-01, -6.092237317631680e-01, -8.382812587065601e+00, -9.420361391299565e+00, -4.570614390351531e+00, 2.882241629899566e+00, -3.138806667352792e-01, 1.756624938109931e+02, 5.463912041892134e+03, -2.329592384486493e+03, -6.036895631088774e+03, -1.901655388696515e+02, 9.136648591336507e+02, -1.197146186891186e+00, 5.851707677467416e+02, 9.267751044470671e+02, 4.649823711759830e+02, -5.520512084107322e+02, 3.729694763262765e+02, -7.936036730511602e+00, -6.792198901767021e+00, -3.806502838311808e+01, 1.096476406397420e+01, 3.475604630013477e+00, 6.496506244516030e-01, -2.803538891431895e+00, 1.373039050718289e+01, 1.042760012693464e+01, 2.040730727231369e+00, -8.630358153685670e+00, 1.846958020474365e+00, 2.095909068157935e-01, -1.411108460436436e+00, -5.263670970236000e-01, 5.041142956478797e-01, 9.506333665130869e-01, 5.423763854717516e-01, 9.428084606787792e-01, 1.307679809333262e-01, -3.483966400970799e-02, -1.238222594235833e+00, -2.505047797059614e-01, -1.622996377899784e-01, -4.015863024831219e-01, -1.086770686007893e-01, -6.412924931327457e-01, 2.345723057458259e-01, -5.486281679442254e-01, 1.700082145161141e-01, -4.560249724336629e-01, 2.937940230468433e-01, 1.701673983741233e-01, -4.144724579891272e-01, 1.412426026444817e-01, 1.939651749152138e-02, -1.879261048011141e-01, -3.136397828395392e-04, -3.320540827158331e-01, 4.475401746069744e-01, -9.234647879804160e-01, -1.551200216462528e-01, 8.519431474770304e-01, -6.184736955689470e-02, 1.665402145370923e+04, -3.987934620069386e+05, 1.285961800770325e+05, -1.674749345142574e+04, 4.165300297243438e+04, -1.350980497715376e+04, 6.184686164439438e+02, 4.356434240789220e+03, -4.240991339737926e+03, -1.077843052892820e+04, -1.197475911061036e+03, -5.964087372357524e+03, -4.487269523086717e+02, -4.167582395143534e+02, -5.955836347360472e+02, 4.158474774271625e+01, -3.634380249095395e+02, 3.749569994396485e+02, -3.706910446165940e+01, 2.148476246723234e+01, 9.643744689840281e+01, 2.774816653472785e+01, 4.813785696037943e+01, -3.812640243772391e+01, 3.078562859092399e+01, 1.471607876967217e+01, 2.306489790181681e+00, 1.233810550524925e+01, 6.302501667857930e+00, -1.404804125069399e+00, 6.464427491961116e+00, -5.798640111469620e+00, -3.116856263102342e+00, -4.939063286482087e+00, -3.056227957987683e+00, 2.013962952803471e+00, -1.578452541911546e+01, 2.233891021107408e+00, 1.454035095429523e+00, 2.367010676030111e+00, 1.495665428493416e+00, -1.550453821729458e+00, 1.615164518193655e+01, -1.408724145427795e+00, -3.599375314746401e-01, -1.798794137663729e+00, 1.523571509651281e-01, -3.925663449701148e-02, -7.802214947272452e+00, 3.290964630084926e-02, -8.931425289460282e-02, -2.279804658938394e-01, 4.852392783821239e-01, -1.192038866201787e+00, 2.538751198984897e+00, 1.568273336636411e+00, 1.190770352184670e+00, 1.217208400591870e+03, 1.516768718993228e+04, -6.825661521330789e+04, 2.141757555113986e+04, 7.503177321896887e+02, 1.003516727223975e+04, 3.801388843330911e+02, 4.125343601998966e+03, 8.230439187538424e+03, -2.991267723290580e+03, -1.624434905300706e+03, -9.601838935907209e+02, 1.785093289579481e+02, -7.254422679812643e+02, -6.903493943634301e+02, 2.896190744189223e+02, 6.480028721486171e+01, 2.305874762724577e+02, -3.277886982452865e+01, 4.004731529227774e+01, -1.120395333749140e+01, -1.060902507190602e+02, -2.571148234841758e+01, -2.661849278367296e+01, -1.142090449848868e+01, -7.390293562793666e+00, 7.362667813237497e+00, 1.865122632915326e+01, 2.294961496960986e+00, 6.563122360616603e+00, 1.238204018210774e+01, 3.517705640407023e+00, -1.307846853795462e+00, -3.138859524365843e+00, 1.464036237381193e+00, -2.926448012099383e+00, -5.598607243882729e+00, -2.202138172830809e+00, 6.205261736182751e-01, 1.154891782035459e+00, 2.110963186744571e-01, 1.112858299319480e+00, 1.142514385667991e+01, 7.680308318917259e-01, -2.341045934405351e+00, 4.498200750728572e-01, -1.169479902788265e+00, -4.048426157011926e-01, -1.126438050011784e+01, 5.075706290762115e-01, 2.954722867855859e+00, 1.427221609197724e+00, 1.240371888245491e+00, 1.135503471459321e+00, 1.332697266239003e+01, -7.440469921396079e-01, -1.361216537384750e+00, -9.925571669097255e-01, -1.402728903192139e+03, 1.952478567503129e+05, -6.835489892441190e+04, -6.509756565745299e+04, 2.667121353113745e+03, 2.374119744150944e+03, -8.301884527817142e+02, -1.774818819844400e+04, 2.942476442685041e+03, 1.132068409464065e+04, 6.913990897813594e+03, 5.702047392699876e+03, -1.834985661448690e+02, 1.524483951861875e+03, 2.113529443748355e+02, -3.614479783378015e+02, -5.520809454650773e+02, -5.296435913494365e+02, 2.988432544458480e+01, -3.908139269561546e+01, 7.296571664664856e+01, 9.224685260381261e+01, 8.001503246389201e+01, 4.913333493264961e+01, 1.455973225044121e+01, 2.808276022579304e+00, -8.570937489910023e+00, -9.584279904342232e+00, -4.811226997933213e+00, -8.794337289381126e+00, -1.260089176507441e+01, -4.890480908223244e-01, 7.888872831032737e-01, 9.422993443282480e-01, -1.377563085306090e+00, 2.668793479323321e+00, 6.525956815922074e+00, -6.658078450071319e-01, 5.176041973740090e-01, 4.290800647617645e-01, 8.880052501364387e-01, -6.572644373887178e-01, -2.791430572507926e+00, 4.516854725659064e-01, -1.265103164182382e+00, -1.734685518852932e+00, -1.892135828395084e+00, 3.615040531015823e-01, -2.880075222719674e+00, 5.877579708862185e-02, 1.891849639441960e+00, 2.687487372768339e+00, 2.253126693004001e+00, 4.432675549472669e-02, 2.963490844787092e+00, 2.602637580022321e-01, -1.724379410641733e-01, -1.787270801672870e+00, -2.748319166266604e+00, -1.685056416887652e+03, 1.173136013210194e+05, -7.237427358453091e+04, 6.338451999690760e+04, -5.797040633051166e+03, -1.696165592443620e+04, 1.756609900909171e+02, -2.227565788573527e+04, -1.426746866853812e+03, 6.541778784946135e+03, -1.922006231026601e+03, -7.666819085441268e+02, -2.503833852788540e+01, 8.875066648505874e+02, -1.705453927146902e+02, -7.625977992338319e+02, 4.730635948774204e+02, -2.725852434234765e+02, 2.458869636241151e+01, -2.282035254078622e+01, 5.797944916362157e+01, 6.260773306983448e+01, -8.051522183696149e+01, 4.147976723961244e+01, -3.083154166818401e-01, -4.645957676302534e+00, -1.897315849711525e+01, -1.057508369592984e+01, 1.196849073346606e+01, -4.662853143800111e+00, -1.041688324971568e+00, 2.463074666329628e-01, 3.451890383670621e+00, 1.501602284309454e+00, -4.074433255117526e+00, 1.199462876982097e+00, 2.089020870344147e-01, 5.416985971078105e-01, -1.619312705896854e+00, -7.552714803832673e-01, 1.435681887116052e+00, -1.096834880724403e-01, -1.050106654550851e+00, -4.109163148670603e-03, 1.078882959864527e+00, -2.542099066823761e-02, -1.884285568325500e+00, 2.074028228990920e-01, 2.098984088654748e+00, -3.795442249721191e-01, -1.283665848038558e+00, -1.067141945712445e-01, 8.514292483986384e-01, 5.594496019923156e-01, -5.475665701010314e-01, 3.725121658254424e-01, 5.839443285497362e-01, -1.719783328526612e+00, -1.090505046327121e+00, 1.015109525435175e-02, -1.763808729251199e+02, -1.210128361269501e+04, -9.599144692227492e+03, -8.518901616387297e+03, -7.657645592214147e+03, 3.901290641503572e+03, -8.842298480792121e+01, 1.635739218149316e+03, -5.784748878104247e+02, 1.683884714240235e+03, -8.835616537313030e+02, 4.276831359160906e+01, -2.441361728970668e+01, 2.081785465415455e+00, 1.325729008841374e+02, -1.204705514694326e+02, 4.404523288714828e+00, 1.084995702527742e+01, -3.855640806464466e+00, 1.111764211756114e+01, 9.908581735368858e+01, 3.192726506891522e+00, -2.353440883050491e+01, 2.342933394905698e+01, 3.938947598233447e-01, 1.825092602718884e+00, 4.497767131809023e+00, 4.904937014814069e+00, -5.433537895536533e-01, -1.356782691596720e+00, 6.190412959668554e-01, 4.481514601300228e-01, -6.265317137053350e+00, -7.601528729030049e+00, -1.680242923962283e+00, 2.658722574423784e-02, -1.204302612988966e-01, 1.498991027381825e-01, 4.159622085383769e+00, -4.189205575769063e+00, -2.068690837165386e+00, 1.453202616790283e+00, 2.031913026154825e-01, -2.039893408129194e-01, -1.000348331422215e+01, -5.770547231977132e+00, -3.702236789158386e+00, -3.435375813276701e-01, 5.291285947178587e-01, 7.166194555835572e-01, 8.751642765178646e+00, 8.038915174105334e+00, 5.492967681424923e+00, -1.016093938617360e-01, -5.509192144022209e-01, 7.141063198181685e-01, 1.821451401952122e+00, -1.054973714212671e+01, -9.102017676661903e+00, -3.532496078801151e+00, -9.569278290084445e-01, 9.475918269257375e+02, 2.179911848723512e+04, 5.291221999097519e+03, -3.561357750192209e+02, 4.186907945632766e+03, -6.485108702120150e+03, 1.571121909205106e+02, 8.305250218751977e+02, -1.012748284867678e+03, 6.641318752552613e+02, -2.936018552463280e+02, 1.193498092873324e+03, 5.893004495541510e+00, -2.412153160336496e+02, -3.761421014715108e+01, -1.910081271524394e+02, 1.759870467736396e+02, -1.045464943116040e+01, -4.028636302199989e+00, -4.083274578723447e+00, -4.249492556285097e+01, 1.058907656740140e+01, -1.259574888581945e+01, -1.563387096405679e+01, -1.302822678838917e+00, 1.502819709391917e+00, 1.157253824909382e+01, -1.316276226616704e+00, 2.470129929211778e-01, 1.363974446492794e+00, 4.852986821823190e-01, 4.494334945383295e-01, -2.465504637499174e+00, 1.944782518533174e+00, 1.392556870905226e-01, 3.685594546456472e-01, 1.944016350156353e-01, -7.149692387659609e-01, 2.098155721025974e+00, -1.015179730341789e+00, 2.667346528408290e-01, -8.575392020913630e-01, 5.088795680880743e-01, 5.730380444829929e-01, -1.652495032807179e+00, 1.312611782370867e+00, 1.471887052078065e-01, 1.253751619196624e+00, -1.548896438597957e+00, -2.333872305446066e-01, 1.528322893615081e+00, -2.789231864558880e-01, 3.463004332731683e-01, -2.655742002483663e+00, 2.188850723320737e-01, -1.849768340799618e-01, -2.922325809950606e+00, 3.136253145218846e+00, 2.413399063569583e+00, 2.101250028843492e+00, 6.785026148181261e-01, -1.844137293463896e-01, 3.500556910073901e+04, 1.329846773122918e+05, -1.125204034057268e+04, -1.307003930092939e+05, 8.141021783222357e+04, 2.681227498943198e+04, -2.292397918330511e+03, 4.226858358800018e+04, 2.950050087969855e+04, 3.025528494570749e+03, -3.334821900682391e+04, 1.962925971835399e+04, -9.475127454144866e+02, -3.508382898111349e+03, -1.953244722986196e+03, 4.759039654198571e+02, 1.500642122650292e+03, -4.462949267061563e+02, 3.270842428677840e+02, 3.464445156958765e+02, 2.267836667751592e+02, 1.598766732525666e+00, -6.316069259837416e+01, -2.955264354055378e+01, -3.437209566540150e+01, -4.760204544962296e+01, -3.418562350352109e+01, 2.148334822305437e+00, 3.989516862241670e+00, 7.392697087873895e+00, -1.748679136062074e+01, 1.029483284477184e+01, 7.870501626633442e+00, -2.338671488870654e+00, 5.220648194706424e-01, -2.852742097790661e+00, 2.968729829395191e+01, -3.171842532797918e+00, -2.537525483446463e+00, 1.480305645501201e+00, 2.106370862544351e-01, 1.319830440864053e+00, -1.131631794837569e+01, 1.323399985556435e+00, 1.784784826189631e-01, -2.896330601113199e+00, -2.249365438837663e+00, -3.772986000975685e-01, 1.449749523615415e+01, -2.845717172953661e-02, -9.198360028139683e-01, 4.438517114028200e+00, -5.324880747457865e-01, 1.845390846756694e+00, -5.185691998473631e+00, 8.682967512909041e-01, -1.778064421138456e+00, -4.549117759960744e+00, 3.425522534838300e+00, -1.137748531528295e+00, 2.466492164152136e+01, -5.311964193674957e+00, -2.231643752145258e-01, -2.587320687531956e+03, -1.249554602204287e+05, 9.447998640840698e+04, 6.033372778036837e+04, 7.720825225388228e+04, 9.074595330566126e+04, -3.246498588093357e+02, 3.056753627861846e+04, -4.581500892662301e+02, -2.126408285978475e+04, -1.037535498801423e+04, -9.523098595562318e+03, 2.071013647362267e+02, -8.377016208486920e+02, 1.454824799969665e+03, 1.293833849980146e+03, -4.323507290088891e+02, 5.097888238934610e+02, -8.375134174192179e-02, -2.784781913024730e+01, -1.819516301196510e+02, -8.460864783490084e+01, 9.129954620585011e+01, 3.079201882178434e+00, -2.025000688390849e+01, 1.088975796904605e+01, 1.474622380915650e+01, 6.687963604209254e-01, -2.355110485984688e+01, -7.682435818531692e+00, 2.242613195458213e+01, -4.757980745174892e+00, -1.553229043219473e+00, 6.166416242470053e-01, 6.517132381957564e+00, 4.184968631051207e+00, -2.072420652967966e+01, 4.383396200138469e+00, 1.758691209750078e-02, 1.624001562359801e+00, -2.474359367951678e+00, -2.762538971586699e+00, 1.289892775706542e+01, -2.234843208474080e+00, 8.405291591847145e-01, -2.468148926932926e+00, 2.886203449878765e+00, -1.032295719995357e-01, 2.950139772459604e-01, 3.665701831569066e-01, -1.712727839204869e+00, -2.092813395963165e-01, -2.630621744568061e+00, 8.402868243461002e-01, 6.725056662992726e-01, -1.799203497761118e+00, 2.315281705756014e+00, 3.210352026832417e+00, 2.429972680704168e+00, -5.139991539889630e-01, 6.521613439065744e+00, -1.643233233401565e-01, 3.362890657960483e+00, -2.221323689526916e+00, -6.905400351599943e+03, 2.663639190663152e+05, 1.017069344077502e+05, -2.188289190083588e+05, 6.254630393106039e+04, 1.387182158208270e+04, -1.168744583805963e+03, 4.709222659320034e+03, 2.328015392711024e+04, 2.847507640811307e+03, -1.471839514218513e+04, 3.280506057329142e+03, -2.097025048025049e+02, -5.046658389997139e+02, -2.536529124133058e+02, 1.542353466005415e+03, 1.132568517666891e+03, 5.492858827940754e+02, 2.224861378575094e+01, 1.219467182182335e+02, 9.572197603803117e+01, -4.486913968055346e+01, -1.331835441927581e+01, -1.149349846297843e+02, 1.340586986513483e+01, -9.868592077620619e+00, -2.889973888869179e+00, 1.530812217942864e+01, 5.030343459071412e+00, 1.317501944814120e+01, -1.032121255251095e+01, 1.025572422529687e+00, -1.289734047324718e+00, -5.195158076257485e+00, -1.177807714684787e+00, -2.233124275657197e+00, -2.442171581054569e+00, 2.197225879234172e+00, 1.531781161076451e+00, 2.324665922350334e+00, 1.246749171494173e+00, 1.149966867250216e-01, -8.154928711129701e+00, -4.496044554796028e-01, 1.913642240221686e+00, 6.301051206683126e-01, 1.933164396334462e+00, -8.923244243758509e-01, 1.294096909680284e+01, 2.407300127817156e-02, -2.222911042421588e+00, -1.915892098044429e+00, -2.516647639787690e+00, 1.044120243217006e+00, -1.755211129616314e+01, -1.623322031382148e+00, 7.026849185701151e-01, 2.647047202965282e+00, 7.862079656991872e+00, 7.114140803179388e-01, 1.773803445527110e+01, 4.830776415654850e-01, -6.362352716352741e+00, -4.403105766194740e+00, -6.302505923469919e+00, 7.960821181070069e+03, 2.893195141994326e+05, -2.008989798892071e+05, 3.155232947801397e+04, -7.974658253949715e+04, 9.697220085109300e+03, 1.396560875714998e+03, 3.332398962439622e+04, 2.273363584768553e+04, -2.283073396789467e+04, -5.996350965948632e+03, -3.331876596803517e+02, -3.269893836945260e+02, -2.069718776188046e+03, -1.363458156628286e+03, 1.067907792801322e+03, -2.016361868842365e+02, 3.380430649722340e+02, -1.918040555729625e+01, 1.191137346806956e+02, 3.361828108478596e+01, -7.461201530424725e+01, 5.009623288657779e+01, -2.692291200725167e+01, 1.265615827069136e+01, -4.253342148936948e+00, 1.531149640429149e+01, 1.292873282699244e+01, -6.746775656331438e+00, -2.753074922807646e-01, -9.778099949391772e-01, 2.164856427710357e-01, -4.947000433301748e+00, -2.587804213537334e+00, 2.905261290543876e+00, 2.223619640228987e-01, -2.845417112372954e-01, -1.411556026034077e+00, 3.434291369677263e+00, 1.357303062209296e+00, -1.394567448926376e+00, -1.987272076414859e-01, -1.120122915785346e+00, 9.355347894035937e-01, -6.055021419212903e-01, 1.537969778948702e+00, 2.415598311907922e+00, -5.350867264765156e-01, -4.550910382886718e+00, 1.338251935370162e+00, 1.193265373375514e+00, -1.048094647056714e+00, -1.507134526882958e+00, -2.103474955864955e-01, -3.160647561596193e+00, 4.598724638097486e-01, -1.329262651867903e+00, 3.172027823021139e+00, 9.573985162184412e-01, -8.245342080153908e-01, 6.430370437117920e+00, -3.111774389123922e+00, 1.908644046252175e+00, 2.779987345661315e+00, -4.742888505179281e-01, 1.102222589710051e+00, -5.206628416762640e+02, 6.669005661431597e+03, 8.876616560816144e+02, 8.770535549089556e+03, -6.757069561081850e+03, -8.708484775909363e+03, -3.482832441323547e+01, 1.672425105861738e+03, -2.030375078824465e+03, 2.655867577430778e+03, -1.651915158513898e+03, -1.906159865070940e+02, 1.007560287002906e+01, 7.246484019480343e+01, 1.240823663965135e+02, -2.395439403005327e+02, 6.967079619064100e+01, 9.084736522598455e+00, 9.318490757296146e+00, 3.533239156288939e+00, -7.038448678306398e+01, 8.943352951522161e+00, 2.683559492447705e+01, -1.996659994396233e+01, 2.724366430589126e+00, -5.280748722173101e+00, -5.860468814326735e+00, -5.820015760346616e+00, -3.987034055289925e+00, 1.644234895332564e+00, 1.204561615137299e-01, -3.165104559503353e-01, 3.434046971086537e+00, 3.870104397542577e+00, 1.454628315516345e+00, 1.626700427749857e-01, 2.711152319696469e-02, -5.806290921985462e-02, -2.548788234972331e+00, 1.547857803103519e+00, 1.254636907757265e+00, -1.882529666682455e-01, 6.530532188160084e-01, -5.961181040521030e-01, 5.662735229455533e+00, 5.379555179920503e+00, 3.403186362183641e+00, -1.067921924401209e+00, 1.126496988865780e+00, -6.869498296227994e-01, -4.052386452240520e+00, -5.767356309234440e+00, -3.921655692046660e+00, 3.040605374073719e-01, -1.601976873087057e+00, 3.922961369752229e-01, -6.578349213815732e+00, 8.838030955420884e+00, 7.798703712952938e+00, 1.747944376648169e+00, -3.070671330037975e-01, 7.713139365377850e-01, -3.426934603035264e+00, -6.414492917813601e+00, -1.278768716256613e+01, -9.932046491529638e+00, -7.477019882994824e-01, -8.901810068232717e+02, -1.115104844841012e+04, 2.571132142372089e+04, -2.322571613889747e+04, 3.185455396612854e+03, -1.015482821200976e+04, -8.521321719153298e+01, 2.962996762088948e+02, -1.692082825512716e+03, 1.299976801206786e+03, -8.234120974747934e+02, 1.033079656875468e+03, -1.408841779357366e+01, -4.866197298234961e+01, 5.546811320366634e+02, 1.069484330858094e+02, -1.396926967929857e+02, -5.275996924790294e+01, -1.567501306275159e+00, 2.105328769936051e+01, -3.018093328635369e+01, 9.541162028440640e+00, 4.971933129400762e+00, 1.339588334456215e+01, 5.241057418157981e-01, -3.356177891879668e+00, 4.380011514914855e+00, -1.251427716300836e+00, 2.837156197859680e+00, -2.526692259884065e+00, -6.425097587000370e-01, 6.669220328193033e-01, -1.151534415357022e+00, -3.540578699243433e-01, -6.021192020439078e-01, 7.429800841168062e-02, -1.559106580671786e+00, 6.657764902738147e-01, -3.323142101197175e-01, 1.009050361479554e+00, -3.669109279454518e-01, -2.071304929548419e-01, -4.182047661230681e-02, -2.457879898770694e-01, 2.196254010241808e+00, -2.151567643541722e+00, -5.697595143242343e-01, -5.128929518675395e-01, 1.510563109153379e+00, 2.676950038772077e-01, -2.311360217639741e+00, 5.649638830770470e-01, -4.611875092560151e-01, 2.253031139763906e+00, -1.571302302226311e+00, -3.915283600827198e-02, 7.812575430923457e+00, -2.983617876262010e+00, -3.532159912250355e+00, -1.204308113151946e+00, 1.694762675731110e+00, 6.553461192657455e-02, -3.331031891393041e+00, 5.893171120606505e-01, -3.283201131659299e+00, 6.117372179813692e+00, -5.546003047538302e-01, -1.791828733210144e+00, 5.154578219990250e+04, 3.268291907498376e+05, -6.474261734316290e+05, 2.040574606829505e+05, -1.830167244243974e+04, -1.021581781705476e+05, -1.855311214704167e+03, -5.156790152546419e+04, 3.867595357778826e+04, -1.399490137836577e+04, -3.130171985184222e+03, 8.675297422495461e+03, -3.305971283715509e+02, 6.694092631179968e+02, -5.852597404775224e+03, -1.610554364199380e+03, 2.067337066462655e+01, -1.903049326779896e+03, 6.679348088280253e+01, -1.223174670176840e+02, 4.122646151965430e+02, 1.140663241942744e+02, -1.116196094468297e+01, 1.586953410357620e+02, -4.637158859071872e+01, 3.790332587669550e+01, -2.935717706317822e+01, -3.733651433414266e+00, 9.058950319219708e+00, -2.263556737765996e+01, 2.505101294330575e+01, -1.042269572203950e+01, 4.439991822673802e+00, 2.398412998891569e+00, -2.467975966401676e+00, 6.663382336341203e+00, -2.757751897204864e+01, 3.616826285367988e+00, 7.230994701950154e-01, -2.500803179182328e+00, 1.464692459578171e+00, -5.519166088481623e+00, 1.681975031420962e+01, -2.996801347517286e+00, -1.269828459274640e+00, 1.932175848145253e+00, 1.518816793601932e+00, 4.239650542760285e+00, -2.227090303302906e+01, -1.006585607067283e-01, 2.367251559014610e+00, -6.825956592513366e+00, 2.509390872262918e+00, -8.387753781310330e+00, 2.428008055006090e+01, -3.267576480762332e+00, -6.722629851258606e-01, 8.091384133297607e+00, -8.960409461493391e+00, 9.716669483984960e+00, -4.802795169004530e+01, 9.841773774305308e+00, 1.676822703657618e-01, -4.100449655543190e-01, 9.855045269888450e+00, -1.145506525722453e+01, 2.914343829597430e+01, -6.532514604209533e+00, 6.642902153092608e+00, 5.786894559018617e+03, -5.158362976891328e+05, -8.492942290226925e+04, 5.595445354820453e+05, 7.738946058790233e+04, 2.572951559432340e+05, -3.623385469042793e+02, 5.906983089343578e+04, 5.500455049173367e+04, -8.318889450646562e+03, -3.952905710538531e+04, 1.245782761553778e+04, -1.445115835404474e+03, -3.554513084933677e+03, -5.122327183695089e+03, 1.679425905483047e+03, 4.486850633819009e+03, 3.415290323090667e+02, 3.153146419801068e+02, 4.759267345669398e+02, 6.750773779117799e+02, -3.655796945113657e+01, -3.522189113647962e+02, -2.256139651282282e+02, 1.154245244109414e+01, -7.030677104369792e+01, -7.731657283466400e+01, 2.963953766367753e+01, 6.763095987603297e+01, 4.456235676773455e+01, -7.906321068173261e+01, 2.021415366577560e+01, 1.697128550634497e+01, -1.003365115740318e+01, -1.664539525702549e+01, -1.555479361788505e+01, 7.693905514637105e+01, -8.685973641843949e+00, -6.643044432818381e+00, 2.624713267430839e+00, 4.347841510415557e+00, 8.349638877557419e+00, -7.204720528106729e+01, 7.972436778148613e+00, 3.624115966637150e+00, 4.655048615842350e-01, -3.921979174957996e+00, -4.107371060628022e+00, 4.272877371488063e+01, -3.343300704084150e+00, -4.574913092551824e-02, 7.008846837741906e+00, 1.846811339860486e+00, 2.557243879692683e+00, -2.649594901553462e+01, 2.094579848026086e+00, -1.171054336943646e+00, -3.980971116238628e+00, -1.572636376388285e+00, -2.209584460855449e-01, 9.218967671265830e+00, -7.365121208915851e-01, -6.963312065213935e+00, 6.161517066777543e+00, -6.968333749533817e-01, -2.439505735871541e+00, 3.654172180827578e+00, -4.957789717727599e+00, 8.000931080437530e+00, -1.145707726176651e+01, 1.384821437572166e+04, 8.538989946024137e+04, -2.028909656420185e+05, 2.598206481918612e+05, -9.815592708754573e+04, 3.643863445597711e+04, -1.052923431001202e+02, 2.759151664866979e+04, 3.587409707442988e+04, -2.796259799897334e+04, -1.789302707659794e+04, -9.672584044799652e+02, -3.882512142177973e+02, 1.839357605548005e+02, -2.775992710196822e+03, 5.496393537562967e+01, 3.327366001473481e+02, -8.430459373996817e+02, 2.468552646857259e+01, -1.544348330269170e+00, 3.687302538616347e+02, 6.918758713467552e+01, -2.387935477300026e+01, 1.518064549330918e+02, 3.088824432084697e+01, 3.394934108341017e-01, -5.826560995669497e+01, -4.377692283502629e+00, 1.222933433502333e+01, -3.034313117574076e+01, -7.705320148727896e+00, -1.470542842696841e+00, 1.249507747823169e+01, 5.678835125190033e-01, -6.773823479320863e+00, 9.456802343492072e+00, 5.673078217066575e+00, -2.275814589529136e+00, -6.931141035147455e+00, 3.179777514615183e+00, 3.558559506909693e+00, -3.579794747522998e+00, 1.359951835142831e+01, 8.786099336564349e-02, 8.471173946258318e-01, -3.168109016112266e+00, -5.846320795368779e+00, 3.123801039186296e+00, -2.026312465061362e+01, 1.425835164769519e+00, -2.016730648614530e+00, -1.423751123913791e-01, 3.853696436300522e+00, -1.456638483445795e+00, 2.613794090409640e+01, -2.641696205579603e-02, 5.530375038952534e+00, -2.643043695436582e+00, -1.172577139772603e+01, -2.148831141258215e+00, -1.655548723454651e+01, -2.857301066373769e+00, 1.899786523213203e+00, 9.647889720203793e+00, 1.384257864760318e+01, 1.637255174001957e+00, 1.946390529923737e+01, -1.173788332279343e+00, -2.409764797881704e+01, -8.860166448854869e+00, -1.117274408697435e+00, -1.302276131164442e+04, -3.291455067041047e+05, 1.181433396348511e+05, 2.333058032794533e+05, 3.351376347319804e+04, 6.639088869254931e+04, -2.423459418739825e+02, -3.454451757689329e+04, -1.960718661067359e+04, 2.064062300821040e+04, 8.304811764709959e+03, 2.830151449144632e+03, 2.359235329473367e+02, 8.816664138700883e+02, 7.298800454321450e+02, -1.891736604988164e+03, 8.649566035254051e+01, -1.934617584989259e+03, 5.376984302730637e+01, 1.001264133239473e+01, 3.007947609917768e+00, 1.248134407778559e+02, -4.743850137448092e+01, 2.388733100909863e+02, 2.971754830386034e+00, -2.463841749364422e+01, -3.474069853208322e+01, -2.993928170824056e+01, -4.449577985426903e+00, -3.351799969165204e+01, -1.323632652176322e+01, 5.486058093496546e+00, 5.554231735844720e+00, 3.471186849654122e+00, -1.457198669160269e+00, 1.029804872537803e+01, 8.091080086740170e+00, -3.368418087969614e-01, -4.123053852063038e+00, -2.757498052088994e+00, 1.924206309074984e+00, -4.614378970847751e+00, 4.720732963376771e+00, -1.724027675562540e+00, -1.238492853047299e+00, -3.234376995501395e+00, -3.833680389668810e+00, 3.839263137541426e+00, 3.188164950199206e+00, -1.443680417313762e+00, 1.594958376771624e+00, 2.347059721741743e+00, 3.075154224887286e+00, -1.955717596612629e+00, 5.350929763684316e+00, 7.927108914559512e-01, 4.557084728980528e+00, -5.765620254038478e+00, -3.334039866672986e+00, 1.548228185693902e+00, -1.298299511257247e+01, 4.773234450636529e+00, 1.282447412855887e+00, -4.651880489836172e+00, 9.755110802565166e+00, -5.264228718863656e+00, 2.141717264751031e+01, -1.153252004056391e+01, 8.843482578495307e+00, 1.497765183416958e+01, -1.524664477557981e+01, 3.823676836886979e+00, -2.187468111078490e+03, -6.381665482323062e+04, 3.935430241676288e+04, -2.661436604260914e+03, -8.623398297888529e+03, -3.889798690993137e+03, -1.603609111626559e+02, 1.370154931725903e+03, -1.191044154131534e+03, 2.078293383107048e+03, -1.486698084810115e+02, 6.296326891683085e+01, 5.813131555007939e+01, -1.744246635790403e+01, 8.398005994981747e+01, -1.866121869123615e+00, 3.250675246415807e+02, 2.221030769930142e+02, 1.193692279111996e+01, -3.981083945366903e+01, 3.251391979518659e+01, -4.767488775120690e+00, -2.075135826835376e+01, -1.144616594758429e+01, -9.199813732016898e+00, 9.305639912827401e+00, 7.263201027759671e+00, -4.029419134610647e+00, -2.617140856500737e+00, 1.980709662122785e-01, -1.365104288281501e+00, -1.185834562351133e+00, -2.492958353372114e+00, 2.229939710411817e-01, 2.942955832898216e-01, 7.630922871177483e-01, 2.250306973018239e+00, -6.509853257480207e-02, 2.468396482687845e+00, -3.532274325618256e+00, -2.233779066148374e+00, -1.223337889420011e+00, 1.316051002779097e+00, -1.143965983899183e-01, -5.415244326821505e+00, -2.661256968101498e+00, -2.320370707482058e+00, 2.957489433288212e+00, -5.881665782306659e-01, -4.910459705295760e-01, 1.555348866071590e+00, 4.546144569154829e+00, 6.048706700394854e-01, -1.736065178931264e+00, 8.601806000988659e-01, -2.903372353160759e-01, 1.452308057628747e+01, 8.418990504826108e-01, -3.532777209340930e+00, -7.205156994389241e-01, 8.085806428787422e-01, 1.026775756703753e+00, 5.378934147146524e+00, 9.112926193825484e+00, 4.149419553373121e+00, 5.056233772309428e+00, 4.575184135661855e-01, 7.496825992469119e+00, -2.532880636384459e+01, -1.832539962772065e+01, -1.957074989479405e+01, -7.560789121991316e+00, 2.307968318139870e+00, -8.142413157230951e+03, -9.054826010249580e+04, 1.814100788022247e+05, -1.797333144150051e+05, 8.424540250742120e+04, 1.841469430904667e+04, -5.150371430755600e+02, 3.529083243159521e+03, -3.590798115079979e+02, -6.051240147035635e+01, 6.666005038599897e+03, 5.554752262745362e+02, 1.134978632941235e+02, 4.977227744176967e+02, -1.977588010241436e+02, 6.521973931871153e+02, -5.548272183890059e+02, -2.768906973824601e+02, 1.253149005419301e+01, -1.532372223452711e+01, 7.106963377409072e+01, -6.123732961156453e+01, 3.378577857149071e+01, -9.369104703230213e-01, -9.518367051605470e+00, 2.188281674156874e+00, -1.302765392023571e+01, 8.202446796005841e+00, -7.046121980687407e+00, 4.100464276738390e+00, 2.429273790333987e+00, -8.089283182876377e-01, 1.450240866599324e+00, -2.719600892028093e+00, 2.082255407466288e+00, -1.504147379970119e+00, 1.938042466227983e+00, -1.849794029252324e-01, 1.847194517452882e+00, -1.200279240872708e+00, -8.498995144465529e-01, 9.771678321170983e-01, -4.710153896444999e+00, 7.829160303641827e-01, -1.603256224155165e+00, 2.549969059438197e+00, 2.337103310651285e+00, -1.591455603269490e+00, -5.025979313074313e+00, 1.042842791699775e+00, 5.941812527103409e+00, -1.529471425254360e+00, 2.722253852368271e+00, -4.338640551038443e+00, 9.089705343583582e+00, -1.360633398397010e+00, -1.895457453574775e+01, -9.215140261971442e-01, -1.872233172621020e-01, 3.763171145128173e+00, -1.151010417284801e+01, -7.311610084481268e-01, 1.249804836032182e+01, 5.592849056536485e-01, 1.717690264649165e+00, -8.861803763305401e+00, -1.135448768957021e+01, 4.631749192704592e+00, 8.042531844818761e+00, 1.331482956926550e+01, 2.316634432442721e+01, 1.212095208368345e+01, 4.822075321744102e+00, 3.770681406259156e-01, 5.540951950692787e+04, -4.381006084789232e+06, -1.316378311952050e+06, 3.331002930670004e+06, -1.272392954951818e+05, 1.605553076887815e+05, -1.275754941291619e+04, 1.978199936971986e+05, -1.336750384521515e+05, -2.302993756923171e+05, 1.066282851411325e+05, -6.016966909922218e+04, 8.001074247198618e+02, -8.371601304114351e+03, 1.225591773299348e+04, 1.084789287011221e+04, -6.668554658759630e+03, 3.663858864172980e+03, 6.699469377353828e+02, 7.311463555670641e+02, -1.319181860775403e+03, -5.649006805710815e+02, 4.990982527753756e+02, -2.548133311421284e+02, -2.766530279872946e+02, -1.527920418513854e+02, 1.490870106399618e+02, 5.462332124665688e+00, -1.075992184495470e+02, 3.915646419231198e+01, 3.848247669382771e+01, 4.963266034140364e+01, -1.885850164568258e+01, 1.659545995164721e+01, 4.045852637427348e+01, -1.374932461080039e+01, 7.054520808579932e+01, -1.795981042520336e+01, 3.986494037609943e+00, -2.998905539943949e+00, -1.970020596221108e+01, 6.081339524464235e+00, -4.335373224731489e+01, 6.908668337438863e+00, -8.037268118000760e+00, 5.507795933702917e+00, 8.659136076066659e+00, -3.455368227359642e-01, 6.207423992606516e+01, 1.214111381009906e+00, 6.171831625831603e+00, -8.966004847241303e+00, -1.402799811212031e+01, 1.111490760487195e+01, -2.183311957489583e+01, -7.913552831819442e+00, -9.636073015741893e-01, -8.470507076913732e+00, 1.808031654317319e+01, -5.442969073573062e+00, 5.023184565153311e+01, 8.109350243825270e+00, -2.404798760908379e+00, -1.847332245602636e+01, -2.270507094811965e+01, 1.413972232959274e+01, 2.225433704476973e+00, -2.406948518802698e+01, -3.752196984513292e+01, 2.907791320636971e+01, 3.977571819447101e+01, 2.831461710125968e+00, 9.732531489239992e-01, 4.469643808938342e+01, 1.757029439923215e+01, 2.198449570201366e+05, -4.264098403784385e+05, -4.322737489551473e+06, 6.199219731927497e+05, -5.655684426101559e+04, -1.839274013341811e+06, 2.463161239773978e+04, 9.580028929278420e+04, 1.483208053069554e+05, -1.355392988005354e+05, 3.898798211231913e+04, 1.271092554482000e+05, -5.222758636259420e+03, -1.674091760721923e+04, -1.449389255416005e+04, -5.847890157190736e+02, -1.738305365033713e+04, -6.894837152635063e+03, -3.476696513392232e+02, 7.873815615683079e+02, 2.492246385534623e+02, -4.686577932473201e+02, 1.693232125688034e+03, 8.867394668299058e+02, 4.702660066713207e+02, 1.360437555526731e+00, 8.288404102058311e+01, 1.204623665591921e+02, -2.539450322687558e+02, -1.571729360433457e+02, -1.670094874051686e+02, -1.381872944427075e+01, -3.760517829100013e+01, -2.965579011129321e+01, 6.557084116441463e+01, 4.862226456361736e+01, 2.014269612958551e+01, 5.780737936286353e+00, 2.851356975904502e+01, 1.902582139525996e+01, -2.507373774821991e+01, -2.390389781202529e+01, 7.112791773540889e+01, -8.647184834875956e+00, -1.988000542452199e+01, -1.059000056324386e+01, 1.904691439282016e+01, 1.770553381753881e+01, -6.199723118717063e+01, -3.145770292060820e+00, 1.428093422626454e+01, -9.465004963130625e+00, -1.282436691000764e+01, -1.681566029750267e+01, 6.297048737334671e+01, 1.063399174492991e+01, -2.157899326015609e+01, -1.528851843925365e+01, 1.112753934629192e+01, 2.292987973521003e+01, -2.686948866968653e+01, -2.397866151981061e+01, 2.192122800893788e+01, 2.205195910137722e+01, -4.098792905876622e+01, -1.557713628521457e+01, 1.596490974282070e+01, 2.190793424889986e+01, -9.353379502571326e-01, -2.850381283959295e+00, 7.035670866388649e+01, -1.753793116896978e+01, 6.996450710635335e+01, -9.114581810973260e+01, -1.288084127893441e+02, 3.579548732117837e+01, -1.173235523073736e+05, -2.689124312729105e+06, -7.991649217282197e+05, 2.617787329084564e+06, 6.186299098182902e+05, 1.041900869374630e+06, -6.029119740221249e+03, -1.512046809380251e+04, -8.005506313558103e+04, -9.532449011071018e+04, 1.001923494200677e+05, -8.614134641777223e+04, 2.520653931851813e+03, 4.048751897635544e+03, 8.336373899347236e+03, 1.212478610779568e+04, -2.175499149431819e+03, 5.384701878519378e+03, 1.959746627783096e+01, -4.196476984266414e+02, -7.074618634195313e+02, -9.634196743889329e+02, 3.008629962200715e+02, -6.092356510763451e+02, -2.485843360407742e+02, 5.475375903810490e+01, 9.520988911158959e+01, 1.037653919307211e+02, -7.879997007270271e+01, 9.612060530300306e+01, 8.760317408239783e+01, -5.412418068480260e+00, -1.513248967958576e+01, -1.283178157588230e+01, 3.586603038937955e+01, -2.802288313019748e+01, -2.562654081886567e+01, 6.713362407504668e+00, 7.554901088415118e+00, -5.152464688432103e-01, -1.788691105522600e+01, 1.065648270899139e+01, -3.198109107195589e+01, -5.642924277073098e+00, -3.624067872676372e+00, 6.915763327244359e+00, 2.154413386472847e+01, -7.411058532864894e+00, 5.389263598611254e+01, -1.019919279581528e+00, 9.389192597958418e-01, -4.187243699267094e+00, -1.311740545654999e+01, -2.079064577339626e+00, -5.724473407295478e+01, -9.091392093019786e+00, -1.224180567408326e+01, -2.188798712257346e+00, 2.593417495679613e+01, 7.788827822444714e+00, 2.651985974836781e+01, 2.276880086982844e+01, -1.122487916343846e+01, -1.626380748757281e+01, -4.072359428041042e+01, 2.558967341790093e+00, 1.506236662205312e+01, -5.965407996704428e+01, 1.095422854799844e+01, 1.212175611679481e+01, 1.826053703828751e+01, 2.246712905899203e+01, -1.000134063195343e+01, 2.889984165206874e+01, -3.338437757430700e+01, -3.236045181692928e+01, -4.064289239504319e+00, 6.484351185357710e+04, -1.268989228667244e+06, -5.695562550167451e+05, 1.928982982815217e+05, -1.411196880354206e+04, -5.241757624775424e+05, 3.037562336142490e+03, 6.945747756258473e+04, -6.211954721153015e+04, -9.267033639012949e+04, 2.991286614541712e+04, -2.778240809224506e+04, -5.917911347404521e+02, -7.002939239631996e+03, 1.039550739536494e+03, 3.353596442821563e+03, -2.627652969003164e+03, 3.053441704844663e+03, -1.524306799128500e+02, 5.538034601663986e+02, -3.603867276517059e+02, -3.561534454408636e+02, 8.104644745114479e+01, -2.121599565634708e+02, 6.627541621348866e+00, -5.654713422961795e+01, 1.090370190985939e+02, 6.734048831754600e+01, 1.165962556362096e+01, 1.362977568608708e+01, 2.107394737996005e+01, 1.049299006731367e+01, -2.281311719088703e+01, -1.365285835003844e+01, 1.282717128772664e+00, -9.081919225935804e+00, 8.638252620895247e-01, -9.683040026728129e+00, 7.719396976360281e+00, 1.798665304831342e+00, -1.956654382245911e+00, 6.679381791142238e+00, -3.756527489619288e+01, 9.120921480269505e+00, 2.107298050828381e+00, 1.048446496330699e+01, 1.164544468186264e+01, -1.020782065048929e+01, 2.065465108706207e+01, -1.819239675451444e+00, -8.232927695899915e-01, -1.163352715837179e+01, -1.044196497161414e+01, 4.416154194200423e+00, -6.033252298759973e+01, 9.956527226891229e+00, -8.203222635668070e+00, 2.137743528723404e+01, 1.444083776765184e+01, 2.074256677974474e-01, 2.553421933152651e+01, 4.146002465022653e+00, 6.510004741035823e+00, 6.872720370527423e-01, -1.293019677932408e+01, 4.935032811385083e+00, -5.540748086257376e+01, 1.471701838849468e+01, -8.392639034807477e+00, 3.720110575725786e+01, 3.020086772404935e+01, 1.766242665763504e+01, -1.601922660786869e+01, 2.454856609178063e+01, 8.927144189794186e+01, -3.013390007838053e+01, -8.224943800017198e+01, -7.206692505190864e+01, -6.628787575115541e+01, 2.785633416122866e+02, 3.105637248550368e+03, 7.295499152844630e+01, 1.581739360396653e+03, -5.160974962935898e+02, -3.884832886983165e+01, 2.608551853455670e+02, 1.690659998928338e+02, 2.521430095967251e+02, 6.662400272167858e+01, 1.305986220872698e+02, -7.291678478108982e+00, 4.423475036522346e+01, 6.977628101795148e+01, 2.681501622813328e+01, 3.305854906434931e+01, -5.689803474546137e+00, -6.557948571132761e-01, -1.334303550701791e-01, -1.542598743662061e+01, 1.629550449730933e+01, -7.581084292456266e+00, -4.185616533393563e-02, -7.730237158426877e-02, -5.962426989697838e-01, -7.102158156360579e+00, 3.569139007570638e+00, -1.683256439235186e-01, -9.863466503277558e-01, 7.142601731397344e-02, -7.682983210289748e-02, 4.930871709180945e+00, -1.776482088441474e-02, 6.899017964605144e-01, -3.443377511915131e-02, 9.599802976477965e-02, 1.490889799296529e-01, -2.938898951664096e+00, 4.116721763715967e+00, 5.310147730208735e-01, 7.219143537950694e-01, 3.110456525771986e-02, 6.839630793235894e-02, 2.063644685801553e+00, -3.512359718869368e+00, -7.171148135854040e-01, -3.922502167204464e-01, 9.379070947476519e-02, -5.492554760465053e-02, -2.484291771069294e+00, 1.860467976718018e+00, -8.243818317113646e-01, 2.501091368377078e+00, 4.359638231066345e-02, 6.923215717638186e-02, -4.323509036658685e+00, -6.080859902060695e+00, 4.312316733544436e+00, 7.373583360244196e-01, 1.620120861733705e-01, 1.765719266458805e-01, -1.481586633492850e+01, -3.764941985778806e-01, 3.505918820687116e+00, -2.439313058425803e-01, 3.431275500068260e-01, 7.901867411312538e-01, 1.550614264219123e+01, 5.193528683509215e+00, -3.313925029969019e+00, -6.995309994055299e+00, 2.011021603217675e-01, -2.452387112206696e-01, -4.653992670740135e+01, -2.360023745348939e+01, 1.149924469477471e+01, 2.911929090169369e+01, 4.194454352276136e-02, -2.335636581378892e+01, -8.936683701525927e+02, -9.474286152201276e+01, -1.049885299149214e+03, -3.133562327358094e+01, 1.332115087268072e+02, -4.783797305856055e+00, 5.905329250192128e+00, -3.120354803076505e+01, 3.100485470075969e+01, 6.789245754233016e+00, 3.857179372231449e+01, -3.044757372077160e-01, -4.705929456544643e+00, -1.351153395548106e+01, 6.633102372734897e+00, 1.054783655039059e+01, -4.928894478915382e+00, -2.657100736130531e-02, -6.068653983031910e-01, 5.212595862177178e-01, 6.387989724478099e-01, 1.177713607254489e+00, 1.744705085850726e+00, -9.456641964788125e-02, 9.192298019403952e-02, -4.265708657055715e-01, -4.662940590674400e-01, 6.037830243129283e-01, 7.742696740058472e-02, -8.791280378499079e-02, 8.349817594715853e-02, 1.697748961316506e-01, 4.375036996391491e-01, -1.636873736227979e-01, -4.200543500982021e-02, -5.247151718019322e-02, -1.280646709352753e-02, -4.219146237734452e-01, -1.312631365915622e-01, 3.268711437638115e-01, -2.090026687851685e-02, 2.461162688102595e-02, -4.205777127893608e-02, 2.866108011082035e-01, 5.364715104696208e-01, 4.038549218993805e-02, -1.302838499083249e-03, -3.420638549141680e-02, 3.207989187890029e-02, -2.761258247964904e-01, -3.851803608284195e-01, 1.174345464915693e-01, 6.973863182478593e-02, -9.975499364778595e-02, -6.759676313474120e-03, 5.125808327129057e-01, 3.488974915226642e-01, -4.862370546666366e-01, -3.717989214924439e-01, -3.722315289706020e-02, -2.071472868329365e-02, -6.354285747818966e-02, -5.799907331124301e-01, 2.514276568511827e-01, 5.931642043821445e-01, -1.375681264009063e-01, -1.114753537874277e-01, -1.173567320980343e-02, -1.715945112183216e-01, -6.705170409678691e-01, 2.850682512092496e-01, 3.003957534319499e-01, 9.776144395614830e-02, 4.691833859713965e-01, 2.182691126522523e+00, 2.014895220969894e+00, -1.880849601610338e+00, 4.405178871164630e-03, 7.135319308510102e-03, 3.685095227517074e+01, 5.109578987292843e+04, -2.600612553188179e+04, 3.551911952617626e+03, -1.811772886925639e+03, -4.398794167370815e+03, 1.118625934129416e+02, -8.073468798456200e+03, -1.883858115346108e+03, 3.040727909618381e+03, 9.186929421084355e+02, 5.291882228819680e+02, 1.467758836076010e+01, 4.474176941852281e+02, -1.487630991220669e+00, -2.403892915513669e+02, -5.583198175123037e+01, -6.218087260705692e+01, -1.711583896294680e+01, -2.749600201347607e+01, 1.493916791693357e+01, 2.582984816826349e+01, -2.954558207660977e+00, 2.066923863802470e+01, -5.471795032786589e+00, 4.025651741341852e+00, 1.718258946142730e+00, -2.409132494864197e+00, 2.693143490084222e+00, -5.370719054051719e+00, 4.228606710164112e+00, 9.955347384552722e-02, -1.441987650636642e-01, 1.525098145499130e+00, -3.486580928715265e-01, 1.448413258730890e+00, -5.610238264063193e+00, -2.034731630264419e-01, 4.709458733303641e-01, -3.735549345588779e-01, -8.658214248202482e-02, -6.380259847650545e-01, 5.830481542128885e-01, 6.928139322759276e-01, 8.623538718981412e-01, 1.077207340832614e+00, 4.947669097577484e-01, 1.381377976106831e-01, -3.407047441306142e+00, -5.568845795087490e-01, -1.020037540692450e+00, -2.777965339899693e-01, -1.716738243020534e-01, 4.262970843656622e-02, 1.629790944927371e+00, 7.163242300382539e-01, 1.097638013480238e+00, 4.730234691603799e-01, -6.863119848796660e-01, 6.722689987984185e-01, -3.003782449479064e+00, -1.536001798151860e+00, -2.146888407223388e-01, -2.487534779974096e-01, 5.653378420078261e-02, -1.132901929709440e+00, -2.051909100831800e+00, 3.510244359622713e+00, 1.583192837189758e+00, 8.182828485061310e-01, 1.982666766827217e+00, 8.523058519077346e-01, -2.042911596026905e-01, -4.022805751702323e+00, 1.387881282822039e+00, -3.369049294051678e-01, 5.258469899113335e-01, -3.809930732168016e+00, 4.165533833014715e+00, -1.312697691816634e-01, -2.459827663563074e-01, 8.560219269849364e+01, -3.901575085007193e+03, -1.714789438922435e+03, 2.551475851181601e+03, 1.943251902238366e+02, 7.943033827620376e+02, -1.549659629080679e+02, -1.404281218887350e+03, -5.763058671755462e+02, 1.845988143846014e+03, -1.200436414041727e+02, 1.826898376873968e+02, -4.652018161317569e+01, 2.165741800217572e+02, -2.591043858317816e+01, -2.273935983390770e+02, 1.505897812628279e+02, -1.692260222878074e+01, 1.683653458048787e+01, 1.388376003268108e+00, 2.764423778860506e+01, 4.429896406459411e+01, -2.527696601681738e+01, 4.187985550607738e+00, 4.749282286508681e+00, -2.362653695811541e+00, -7.287585821581648e+00, -1.040387822797094e+01, 3.789624602709094e+00, -8.272525011621124e-01, -3.696108449568609e+00, -2.365224104876971e-01, 7.670246833550147e-01, 1.693957975112085e+00, -2.269077579988946e+00, 9.415894293265924e-01, 1.913163734643622e+00, 1.893026420869712e-01, -1.000274250881969e-01, -6.607673659564861e-01, 1.148975532165673e+00, -4.539010346322799e-01, -6.746316142246412e-01, -4.720829591294757e-01, 2.079858605668180e-02, 5.123289231255221e-01, -4.309030776180678e-01, -9.799044834939367e-02, 3.080317431420748e+00, -4.596871474518275e-02, -5.325032146889150e-01, -1.110546974332121e+00, 5.606527451312773e-01, -9.881914763238994e-02, -3.498220728865980e+00, 3.950773014577397e-02, 3.654744994238839e-01, 5.178574223355695e-01, -1.075674083343080e+00, 3.134744055392409e-01, 3.835101970424672e+00, -3.292663676107603e-01, 1.007227990234766e+00, -3.977443927809118e-01, 1.386991793258769e+00, -1.129169176351592e+00, -2.258935981649602e+00, 9.434216251845189e-02, -4.239965877471421e-02, -9.412651930346591e-01, -5.243625799043172e+00, 3.310729352841220e+00, 1.894538721870712e+00, -1.247325641942205e+00, -9.176602173952721e-01, -9.279772379504633e-01, 3.885059473728915e+00, -3.030252396979969e+00, -7.900851864787837e-01, 9.300485688065219e-02, 1.833309607758220e-01, 1.690593805685565e-01, -2.732107090602753e+02, -2.927296059415260e+03, 4.368090378306658e+02, 4.986786924885741e+03, -7.163311315552297e+02, -9.052842841330531e+01, 7.242467659834143e+01, 3.592192399108567e+02, -9.019101230626444e+02, -9.780655990296568e+02, -1.010369121433796e+01, -8.963198558679768e+02, 2.128177314633092e+01, -1.187516145163769e+02, 1.375728413537493e+02, 2.997015035819891e+01, -4.261570431535739e+01, 3.205256345634105e+01, 1.486259720166220e+00, 1.198627578593413e+01, -3.236040351372168e+01, -7.252063335021115e+00, -1.459293957148805e+00, -2.449347781997447e+00, -1.526013504673180e+00, -2.924061807889230e+00, 4.260456888668078e+00, -1.440536583782206e+00, -1.377307023323226e+00, 8.304471471811106e-01, 1.293110677660414e-01, 8.423692965162224e-01, -1.557875709814111e+00, 5.359964869214701e-01, 3.589812227947308e-01, -1.009300114875819e-01, -2.298796807677617e-01, -4.619849880904768e-01, 6.605714308553257e-01, -2.201236948016508e-01, -1.004354440940932e-01, 2.038352249944642e-01, -3.048428099156599e-01, 3.064515410784743e-01, -8.639279188254116e-02, -3.583653037062113e-01, 3.317771038771937e-01, -1.835293343449213e-01, -1.191500692774187e-01, -2.922998254422347e-01, 3.166104792837514e-01, 9.384000710352335e-02, 3.636644365623494e-04, 1.272495725103685e-01, -9.591442798079477e-01, 4.527397902581730e-01, -7.340840371753784e-01, -7.235034999247104e-02, -2.068329403078933e-01, -1.603567605334112e-01, 3.767292347658827e-02, -1.656183245199887e-01, 6.862662914863134e-01, 7.742615871323093e-01, -7.325348827362534e-01, 1.591182836274068e-01, -8.082033604919654e-01, 6.505177937846502e-01, -1.094246280524443e+00, 9.080049263682359e-02, 3.983207463111718e-01, -3.220522656407389e-01, -2.707067137644541e-01, -3.308949904779758e-01, 4.029531597148824e+00, -4.209878972023067e+00, -2.199885972611637e+00, -2.206335825236556e+00, 9.453873841470685e-01, -4.193695910965106e-02, 2.455862726591685e-01, -6.256279151072229e-02, 5.375641660300645e-02, -2.719763515813649e+02, 2.682813680681986e+03, -1.669050463113785e+03, -1.384675329026055e+03, -1.317169821874032e+03, -2.624413833750664e+02, -4.831400105969907e+01, 3.122455724012764e+02, -9.089100739968130e+01, 2.784946424270602e+02, -2.425686239189680e+02, -4.874611128423093e+02, 5.525656622974767e+00, 1.052697786758833e+01, 1.622707621356098e+01, 2.012427899753346e+01, 2.934883223160178e+01, 5.680960856902993e+01, 4.823527865054031e+00, -4.661603109439992e+00, 4.556168095788547e+00, -3.358558418712979e+00, 5.150751303632379e+00, -1.517583538707780e-01, -1.123604776035377e+00, 3.515267024166617e-01, -2.590032480931831e+00, 2.981388484060213e-01, -1.836855065515003e+00, -1.000737250179978e+00, -9.904022766981173e-01, -5.312898988513634e-02, 1.541265391400489e+00, 2.291818968714038e-01, 7.521669736451948e-01, 2.103659333153071e-01, 2.403444042812513e+00, -1.664700751383479e-01, -4.649835015548006e-01, 4.109316080666933e-03, -2.367420637261770e-01, -1.266539493408539e-01, -2.220842878715074e-01, -2.190982397778860e-01, 2.471792293975359e-01, 5.093874445531544e-04, -1.034887439576759e-02, 1.442129983819975e-01, 5.523981723524976e-01, 5.630773225551589e-02, -1.251508778270476e-01, 4.076119714261942e-01, -2.472424844626748e-01, 3.831656734605801e-02, 4.792764475522774e-01, -8.854523502858755e-02, 6.679317106059750e-01, -3.616858309524940e-01, 8.143325335931278e-02, -2.693491971023756e-01, -3.651429756922828e-01, 1.393539243066081e-01, -3.316762347767906e-01, 3.393287565121970e-01, -2.613139479988393e-02, 3.643770610916671e-01, 8.088523257116388e-01, -3.589909788233830e-01, 1.775695931805989e+00, -7.524897569165629e-01, -2.532696877509278e-01, 2.121563407096178e-01, -1.941927386800802e+00, 2.969616431640633e+00, -2.676665224391357e+00, -3.447689048523702e-01, 2.306612157582851e+00, 1.760679805750908e+00, -1.093325524664366e+00, 6.741853485399546e-02, -1.675279608542631e-01, 1.342369525527436e-01, -1.150130003240151e-01, 1.414757359543540e-02]
