elements:      [Be]
cutoff:        5.0
pair_type:     gaussian
feature_type:  gtinv
model_type:    4
max_p:         2
max_l:         10

gtinv_order:   4
gtinv_maxl:    [10, 8, 2]
gtinv_sym:     [0, 0, 0]
gtinv_version: 1

electrostatic: 0
mass:          [9.012]

n_pair_params: 6
pair_params:
- [0.5, 0.0]
- [0.5, 0.75]
- [0.5, 1.5]
- [0.5, 2.25]
- [0.5, 3.0]
- [0.0, 0.0]

n_type_pairs: 1
type_pairs:
- atom_type_pair:      [0, 0]
  pair_params_indices: [0, 1, 2, 3, 4, 5]

type_full:    1
type_indices: [0]

n_coeffs: 3108
coeffs: [2.428437772027247e-01, -8.473141719732981e-02, -3.948865660885534e+01, 4.787301376006869e+01, -1.725321868756427e+01, 4.494357652385101e+00, -1.693617281409043e+01, -1.786454207859376e+00, 2.022473191494646e+00, -3.113425456050397e+00, 1.627276141229201e+00, 1.999712292978996e-02, 8.412884900166279e+00, 5.265491135300560e+01, 2.451720631530367e+01, 7.645705600658101e+00, 3.389964549753081e-01, 2.142082509674316e-01, 3.418638915518522e+00, -3.242033855778331e+00, 2.781986351490685e+00, -8.541907685126894e-01, 1.999302943304550e+02, -1.782406466718749e+02, -5.719571899940913e+01, 2.521452827425129e+01, 2.309239886807056e+01, -2.324163299140939e+01, 2.156255338528467e+00, -7.578549022210795e+00, -7.868361774974903e+01, 8.599451045432444e+01, 4.759992234112986e+01, -2.384689424632553e+00, 4.900062356381169e+01, 1.666070103825536e+02, 8.501908128776091e+01, 5.359756620539993e+01, -6.951602416042273e+00, -2.969843641715893e+01, -2.644906500348384e+01, -4.369534672107631e+01, -4.233744435275995e+01, 5.740639074868893e+00, -1.645150508596861e+01, -5.190047467816383e+00, -3.002484620365738e+01, -3.159628152528325e+01, 3.934482481762688e+01, 6.724179328508739e+00, 8.881310856470868e+00, 6.039238575010626e+01, -1.520871761487240e+01, 3.885326699821632e+01, 8.547516227563163e+01, 4.067821503548246e+01, 1.343585611888330e+01, 2.989664883331060e+01, 1.963234862238941e+01, -2.587867636702784e+01, -9.183648003083393e-01, -8.410194476521514e+00, -2.739152222153019e+00, -4.754156390138023e+01, 3.725715885238632e+00, -1.458193762540039e+01, -4.410644324255422e-01, 1.487468783448250e+01, 4.212260567942354e+01, 6.195457728458038e+00, -3.275967182393501e+02, 5.020497814304710e+02, -2.642827382998763e+01, -2.150651573565477e+03, -1.721071205021779e+02, 2.874094727402002e+02, 1.246042569067752e+01, 1.379552902980673e+01, -2.645678371820214e+01, 9.442369745120301e+00, -2.822298666240668e-01, -1.561745333229350e-01, -1.825683194322368e+01, 5.956213529512380e+00, 2.756516262443818e+00, 2.745221800640478e+00, -3.745448860367388e+00, -1.287933821582573e+00, 5.300666420698229e-01, 2.149510933504052e-01, -6.263916764353122e-01, 5.324495867217996e-02, 9.662374549038325e-01, 7.770131834951574e+00, 4.173282487907839e+00, -5.331014381651213e-01, -3.105005181648848e-01, 9.589420850700718e-01, 7.869580564604256e-02, -3.258404469301839e-01, 3.750548185219307e-01, -1.636320901715111e+01, -5.950570579157012e+01, 1.945339321513174e+01, 5.299958155715840e+00, 2.260509265474126e+00, -6.330796810202786e+00, 5.274218286096805e+00, -4.000784589588537e+00, 2.064651132878656e+00, 1.857248100556929e+01, -4.363505158960590e+00, -8.651709565782214e+00, -3.591316311640119e+00, -5.268646848533685e+00, -1.509967525909311e+01, -6.720174598127577e+00, -4.571137362439574e+00, 1.410291788593873e+00, 2.554629889407981e+00, 5.770172475144047e+00, 1.304790316696030e+00, 7.401955408862786e+00, 2.239005953268888e+00, 3.669880489568216e+00, 2.463350841342375e+00, 2.542016498897681e+00, 3.347031210153876e+00, -5.672573279273236e+00, -9.360140425555022e-01, -1.334384572462973e+00, -3.808441185409944e+00, 2.129320551433844e+00, -2.858224649122571e+00, -6.396231158164448e+00, -4.050718515121251e+00, -7.430595300359304e-01, -4.256804547247975e+00, -1.800749688629019e+00, 3.269994875258139e+00, -4.247648088491692e-01, 1.203468082190227e+00, 3.868888755463327e-01, 5.185319583566315e+00, -6.926049049382005e-01, 1.496134569580855e+00, 1.865455882979949e-01, 2.268283991531639e-01, -1.588751585134444e+01, -6.507415110381675e+00, -6.255162904322548e+00, -4.930239420577068e+00, 1.098840308863108e+00, 8.942011216978148e+01, 1.263873777728306e+01, 1.368989809977740e+01, 3.851154682367103e-01, 4.263788380204183e-01, -8.177036864569374e-01, 2.918407322559410e-01, -2.782057605068489e-01, 4.503598519188814e-02, 1.114559431883179e+01, -5.477470928674748e+00, 4.866480332513628e+00, -1.299755422075498e-02, 3.693600913434334e-01, -2.873678753827764e-01, -1.337979472063979e-01, 1.441459795587332e-02, 7.999506226663483e-02, -1.146542603694415e-01, 5.499441262300299e-02, -1.095638947537872e+00, -1.470596281414962e+00, -2.491152175450471e+00, -2.763849186590377e-01, 7.495020277041288e-02, 2.405430798709196e-03, 3.078597616577889e-02, -1.760036774171698e-01, 7.059452125125547e+00, 1.003563835688793e+01, -5.692584615798086e+00, -5.470211531099917e-01, -6.521091401552419e-01, 1.188518666663816e+00, -9.823788802155797e-01, 1.366340060175948e+00, 1.092602954611537e+00, -2.449514170876137e+00, 5.691242126410562e-01, 1.311023740553796e+00, 1.628482675668421e+00, 5.962314047443091e-01, 2.667378719140277e+00, 1.231167779157030e+00, 7.659481916927846e-01, -3.649452963689390e-01, -3.135005326189816e-01, -4.266846204587725e-01, 3.119096803916451e-01, -6.623547889648373e-01, -7.849752548231264e-01, -5.584068002526431e-01, -6.636577672693906e-01, -5.659935615542522e-02, -4.144662901603743e-01, 1.028492639382429e+00, -6.126576856475776e-03, 2.531353198679404e-01, 1.551640636960654e-01, -2.861847209882186e-01, 4.582039535920354e-01, 6.783552116045276e-01, 4.982623007682674e-01, 1.375819217537165e-01, 6.139560947329775e-01, 2.343293800499231e-01, -4.814301399063920e-01, 2.589804976450354e-01, -2.812858439219317e-01, -6.934677355179249e-02, -8.079163341184750e-01, 2.025576451450022e-01, -1.596461609711843e-01, -2.099165137612428e-02, -9.986545653912697e-02, -1.052454794536453e+00, 1.061727294059925e+00, -1.618782040152954e+00, 4.133665692252969e-01, 2.430000394962015e+00, 1.977451873180616e+02, -8.838447323952446e-01, 4.908918659153041e+00, -9.706963399280880e-01, -1.074705619106257e+00, 2.061049422859196e+00, -7.355844095398719e-01, -2.388618949626855e-01, 1.173566648421942e-01, 4.390225596263420e+00, 3.481101121343031e+00, 5.834503723774398e-01, -9.008065836571063e-01, 1.208282072287157e+00, 2.933280709135543e-01, -5.737541799982329e-01, -1.461681547505340e-01, 1.002486191606882e-01, 8.808790291901922e-02, -1.631450030210495e-02, -1.181338443932845e+00, 1.109268151023873e-01, -1.136829906967088e+00, 3.964922477027421e-01, -3.269224453610674e-01, 3.567972783431127e-02, 1.913165449683169e-02, 3.372551297063416e-02, 6.638792544291732e-01, -4.871823805986734e+00, 1.469134012415982e-01, -1.447853891778933e+00, -2.618963185496976e-01, -2.854250037066730e-01, 2.431348209174508e-01, -6.597720151807352e-01, 3.767499748384638e-01, 1.018787149977880e+00, 1.032512800870815e+00, -7.821596693353943e-01, -1.221195167635148e+00, -3.459223858312973e-01, -9.729050344750363e-01, -2.787417911647559e-01, -3.228948869717909e-01, 1.094332016600364e-01, 5.054288746185198e-02, 1.634270871063217e-01, -1.583095824991441e-01, 3.507939821368298e-01, 4.158939749705312e-01, 2.238209744469224e-01, 3.053726116813529e-01, -1.368426657116135e-01, 1.331832537486632e-01, -3.939786735940584e-01, -1.306305482425782e-01, -7.217284050168601e-02, 1.035836068110198e-01, 8.171718243737661e-02, -1.930057992369727e-01, -1.592419606952249e-01, -1.125007183665773e-01, 3.537782985826377e-04, -1.979383963402611e-01, -3.649016282034086e-02, 2.324205515115768e-01, -1.330632726623989e-01, 1.045758724058708e-01, 3.389048027903310e-02, 1.986691022076106e-01, -8.533373498397541e-02, 1.043054117898864e-02, 8.787969357467614e-03, -1.316591000239887e-02, 8.158415741585051e-02, 1.426456876724702e-01, -2.086102976148603e+00, 2.069348887571698e-01, 7.215346542707173e-01, 5.871626171916372e+01, -2.281624136406829e-01, -7.057506251625027e-02, 1.484014693585167e+00, 1.643031600032996e+00, -3.150968767211893e+00, 1.124571148589377e+00, -1.063932421697851e-01, 2.128716388276325e-01, -3.096458646308326e+00, -2.433607497816267e+00, 1.609059645362368e+00, -1.953982027693005e+00, -1.796175351175471e+00, -1.390619759214309e-01, 2.750984344203087e-01, -2.962368713549153e-02, -6.781331354446229e-02, -6.453686469168857e-02, -1.859028309256868e-02, 2.846810124006065e+00, -7.235327249895093e-01, -4.661060245355190e-01, 3.881920097614509e-02, -6.335194799808748e-02, 4.881207205387975e-02, 3.439501445477392e-02, -5.141104848628388e-02, -1.734453361618228e+00, 8.414643155167031e-01, -1.086846745162197e+00, 1.518968817380475e-01, -1.954983662894935e-01, 2.715905792092863e-01, -1.720192872595147e-01, -8.217726002927732e-01, 6.777252981235428e-01, -4.132300314774841e-02, 1.872412425194973e-01, 1.058987557596336e-01, 1.220762216363990e-01, -3.911586749391760e-01, 3.509816446411343e-01, 4.960478178249488e-01, 8.974060991237365e-02, -1.082262944718818e-01, 1.261591370730189e-02, 3.146612846871160e-02, 1.634400980270616e-01, 3.188167070613256e-01, -1.456120052415016e-01, 1.811454965693744e-01, -4.907700254822066e-02, 5.820257053583931e-02, -1.508203240510266e-01, 2.320759773713421e-01, -1.298179345571635e-01, -1.519026207537193e-02, -2.928293254109987e-01, 3.053721509750187e-02, 1.928500341827385e-01, 8.705542124211488e-02, -1.511126532905145e-02, 2.755233075269549e-02, 1.280186535544015e-01, 4.132845144137586e-02, -6.016421518658076e-02, 1.348587726896220e-01, -3.370579648095516e-02, 2.517035223125632e-02, -6.689315042930742e-02, 8.106923075067062e-02, 1.155498350986001e-02, 7.500971283820158e-03, 5.085967425304377e-03, -5.961312365289770e-01, -4.237483038794775e-02, 1.028460917455182e+00, 4.878576528509111e-01, -4.602488965508920e-02, -3.745558404552135e+00, 2.778425347655851e-01, 2.201119254718288e+00, 2.271698770486759e-01, 2.515164643447437e-01, -4.823726274560791e-01, 1.721552882567036e-01, -1.301017859547072e-01, 3.948544334211823e-02, 1.514788464037974e+00, 1.142252709903318e+00, -4.628954585767747e-01, -3.800429230755198e-03, -1.667532269296735e-01, -1.986659946888223e-01, 1.866971011193793e-02, 5.116753214428384e-02, 1.634087464777463e-02, 2.474196685043466e-02, -6.225128686999219e-03, -1.306989392035671e-02, -1.885357268411788e-01, 2.301296275815833e-01, -1.611027081612212e-01, 1.655545505160509e-03, -1.206988810615921e-02, -1.070300215410348e-02, -1.705822401970421e-02, -2.053641654045949e+00, 7.181634758092182e-01, 6.720364202373325e-01, 3.978709530038773e-01, 1.475224407703023e-01, 1.210076562909291e-03, 9.755911781965148e-03, 6.155137666139572e-01, -6.353360037553404e-01, -2.877617978298667e-01, -6.870899307637786e-01, 1.518949835374821e-01, 3.909495634240120e-01, 2.068614100762437e-01, 1.178740500351185e-01, -1.452394912544246e-01, 6.385061902334800e-02, 3.924283775929280e-02, 1.034500005339362e-02, -1.869566859617790e-01, -1.449001325972537e-01, -3.162138776656692e-01, 1.027803660850836e-01, -1.789010898680654e-01, 1.517523606994484e-02, -2.531730501317150e-02, -1.483223403379195e-02, 4.595287866847964e-02, 1.191194336008506e-01, 2.368072193482293e-03, 5.732793292370486e-02, -5.844964852745767e-02, -1.016951245285075e-02, 2.038281472851575e-02, 2.473371034707135e-02, -2.522759602041219e-02, -1.164226629217426e-02, -5.441070212796914e-03, -3.307398394363983e-02, -1.999459050205800e-02, -5.085823893261677e-03, -9.101037762795307e-03, 5.369983156434265e-03, -4.924540936588287e-03, -1.428562525406814e-03, -3.860269114928051e-03, 1.091790098740939e-03, 3.743523018739928e-02, -2.068594803380525e-01, 7.962281037305419e-01, -2.349826004991071e-01, 1.514235081208623e-02, 1.232231456410920e+00, -1.620159131732999e-01, -2.974239680966293e-02, 3.365271137935477e-02, 3.725818162604365e-02, -7.145158191051827e-02, 2.550205324386752e-02, -8.473096672857688e-02, 8.412794219939611e+00, 1.487471519845113e+01, 5.265494231039430e+01, 4.212256385338583e+01, 3.512516527975701e+01, -2.451719914237780e+01, -6.195425232350943e+00, 1.559397527881816e+02, 8.032514470706802e+00, 7.645691042983360e+00, -8.879796939441226e+00, 1.466821406082506e+02, 1.010035030493559e+02, 6.435350182098047e+01, 3.389999872032880e-01, 2.333647652449608e+00, -1.176029796586423e+02, -8.359449557949482e+01, -2.490069599475037e+01, 5.694742229974797e+01, 2.141895524037292e-01, 2.095641699551637e+01, -1.944875607353700e+02, -3.453583144099968e+01, -5.388313805716399e+01, 6.263565457303081e+01, 5.919985420498045e+00, -3.418561794467067e+00, -4.934554942942316e+01, -1.801843725379065e+02, -5.358210841979317e+01, -6.419889772548115e+01, 1.209632463013753e+02, 5.292063460627829e+01, -9.404501055438431e+00, 3.242049364892408e+00, 4.686675606808937e+00, -1.572188754935899e+02, 1.044054735392512e+01, -3.752353531624451e+01, 3.151755399742098e+01, 3.724044894636707e+01, 3.997536065333508e+01, 5.934830372230473e+00, -2.781965226515208e+00, 2.566239765594326e+01, -1.410376486412829e+02, -7.901103828522216e+01, -6.752496589653126e+01, 5.174700221455077e+01, 4.228896990193107e+01, 5.520632934621599e+01, 2.704983173689659e+01, 5.995907239573257e+01, -2.903636130226111e+00, 2.252100830176516e+01, 6.601107119857541e+01, -5.958893411733035e-01, 5.771148711972270e+00, -2.736306863265075e+01, 1.168202457308348e+00, 6.473581662431592e+00, 2.064232165621060e+01, 2.866384202804695e+01, 1.241731362303396e+01, 2.260985417933146e+00, -1.870960672916219e+01, -7.340131266417766e+00, 8.720538720827373e-01, -2.829438351387244e+01, -1.488743149636178e+00, -2.268260288029492e+00, 2.009927952645317e+01, 1.649521761498350e-01, 1.180269504645123e+01, -1.449407468488269e+01, -8.777657878372212e+00, -2.973242009802317e-01, 5.114980451381529e+00, 1.769029209871680e+01, -2.342907088375490e+01, -6.858741188752384e-01, 1.931819073693331e+00, 9.522010909693628e-01, 3.307574099738493e+00, 3.875530006684175e+00, 1.921250949564492e+00, -9.500946129340326e-01, 2.430721698710661e+00, -1.561744690037186e-01, 2.590813217978003e+00, -2.723644974195631e+00, -1.413853593595746e+01, 8.319364232786921e+00, -4.209127006359663e+00, -4.370167141719553e+00, 1.129500241039579e+01, -1.349823660306133e-02, 1.951921372978382e+00, 6.986685908206762e+00, 2.319559565606574e+00, -7.232074965524007e-01, 9.662338459141165e-01, 2.268295788543235e-01, 1.370634722402208e+01, -3.639603335704486e+01, -1.060587663842076e+02, -6.876450125946734e+01, -1.743823545612553e+00, 3.015022099383904e+01, 3.259888667404938e+01, 4.960617171199745e+01, 3.797365474347446e+01, 2.422353665362724e+01, 1.770898455606008e+01, 2.447064272512810e+01, 7.770132802527019e+00, -1.588750955070030e+01, -1.460465640024492e+00, -1.820493962792280e+00, -1.375463305725001e+01, 1.265596919360903e+01, -2.269092872877804e+01, -1.574550766019676e+01, 2.750708044960028e+01, 2.037314665219621e+01, -4.048721753885769e+00, 2.794220057192139e+01, 1.826569707957240e+01, -1.082472859858492e+01, 6.875008495157938e+00, -4.173284417132425e+00, 6.507416196355374e+00, 2.271391558337194e+00, 2.482620220720632e-01, -1.092373670773070e+00, -2.485169352410327e+01, -5.567381182991803e+01, 7.589781061198942e+00, 6.930904045908880e-01, 2.359599682926128e+01, 1.652839456513992e+01, 2.159593932410789e+01, 7.749932595406541e+00, 1.290684548096525e+01, 3.757945490001474e-01, 7.267848130813208e+00, -5.330987258009390e-01, -4.965105641116134e+00, 1.207857812570864e+01, 5.720069173909021e+00, -3.114544727126541e-01, 3.545051082555276e+00, 2.253543144478086e+01, 5.150031349283899e+01, -2.210830549440393e+01, 1.890246145579421e+01, 5.726988150421986e-01, -9.050017658612927e-01, -6.777359762002372e+00, 1.756032015329308e+00, -3.762128490023077e+00, -1.337290992573404e+00, -9.729635661312263e-01, -3.105088360668451e-01, 1.308297742187044e-01, 1.933240925395801e+01, 6.025335081122325e+00, -6.800600890340641e+00, 2.845533069802856e-01, 3.031342738754127e+00, -8.679961019340068e-02, 1.554942547360484e+01, 2.787967553968201e+01, 9.863584912514014e+00, -4.435329383382978e+00, -1.479490188808333e+01, -7.292819644330867e+00, -9.084616977845460e+00, -6.289894195140141e+00, -3.119886574496428e+00, -1.035684882405403e+00, 9.589557607320334e-01, -1.094011740350656e+00, 1.858212320839482e+01, -2.009748830456451e+00, 3.824292534089371e+00, 8.227634961286415e-01, -8.151961578175928e-01, -1.454455461832271e+00, -4.476646653464413e+00, 9.572934000311928e+00, 1.006979641859149e+01, 1.239441451257091e+01, 1.021486947249384e+01, -2.628252499945353e+00, -1.066248456566088e+01, -4.574260703564405e+00, -7.736546609060392e+00, 7.700647484991097e-01, -6.620180450807268e+00, -7.870676223237726e-02, -4.875039292950107e-01, 1.399225416799068e+01, -1.076322219859619e+01, 9.253208307622055e+00, -4.782017814337852e+00, -5.043169274041778e-01, 8.822923078551731e-01, 6.542516083999332e-01, 7.004831025004401e+00, 1.506853680424524e+01, 2.065358038404698e+01, 1.287231856596646e+01, -2.186548766319085e+00, -2.185442738121971e-01, -1.154130564497225e+01, -8.954576055836229e+00, -8.050416308768130e+00, -2.022058627374499e+00, -4.838734148826241e-01, 3.258512542099720e-01, -6.825341814232792e-02, 1.464707515275063e+01, -3.687154033878955e+00, 4.242121456656961e+00, 7.962253317300577e-01, 6.473027142729562e-01, 5.546430940607638e-01, 9.457794399488203e-01, -1.999786818985978e+00, 7.045410609192690e+00, 4.015786331222821e+01, 1.714119725067928e+00, 1.642291514141651e+01, -9.811828029046113e+00, -5.208246469741676e+00, -9.909124247505071e+00, -6.523354684811861e+00, -3.750857405036937e+00, 3.319341845872248e-01, -3.792616672334967e+00, -3.750537986543776e-01, 3.280874540584347e-01, 9.880404217814087e+00, -3.784677248481187e+00, 4.659069736105108e+00, 7.912815274583598e-02, 2.370700227496893e-01, -1.108665279691523e+00, 1.152359275333767e+00, 3.679502424950310e-02, -5.782765339823384e-01, -7.143166112261929e-01, -9.947112056268611e-01, 1.593074421422039e+01, 7.159057188231168e+00, 2.353102588302657e+00, 3.540393778943764e-01, -4.375721471259275e+00, -2.174345855871723e-01, 4.362610358782325e+00, 4.939491729261464e+00, 7.320226719193660e+00, -1.691985113694763e-02, 2.233031278312772e-02, -4.618761545525799e+00, 5.981167496055908e+00, 3.374822826551211e-01, -1.124231432874517e+00, 4.520634110149695e-01, 6.476735248372548e-01, 3.126299309759820e-01, -1.293207597264081e-01, -1.030652873058231e+00, 1.280026310258021e+00, 1.695032767026972e+00, -8.198006150533304e+00, -5.860455184537435e+00, 1.023517120128394e+00, -1.416829735145746e+00, -1.211799284041734e+00, -5.707852884420386e+00, -1.778518335143639e+00, -6.560396333336808e+00, 3.217403896809538e+00, 2.089053586561424e+00, -3.251421734656755e-01, 2.713036644577785e-01, -6.012128268749396e-01, 6.697297742099186e-01, 9.405031698587822e-01, 6.875021393094233e-01, 2.204107139837991e+00, 2.111215866125829e+00, 1.295535070805900e+00, 9.372066084703068e-01, 1.353918130064254e-01, 5.145221981147997e-01, 1.353468967838429e-01, 4.884100110985003e+00, 7.578320155062683e+00, -1.444425684588399e+01, -2.330277100716910e+00, -6.710165229306057e-01, -1.612905017227154e+00, 1.031525746429347e+00, 1.397649522289858e+00, 1.521449833047131e+00, -1.434398219442893e+00, 7.912161580936174e-01, 1.206871086294009e-02, 5.224350894056977e-01, 5.180499682101463e+00, -3.871046794625035e+00, -6.362368645193430e-01, -1.365930556844142e+00, 2.941902189541748e-01, -4.102701604743984e-02, 1.082727594925945e-02, 2.910225732396997e-01, -1.803792885870286e-02, -4.806498140119436e-01, 4.503603476585372e-02, 8.654513225337928e-01, -6.482550467463984e+00, 5.190429387847400e+00, 6.466114409486354e+00, 5.344987597877304e+00, -2.663184820823167e+00, 4.421840871841016e+00, 1.298158530423965e+00, -9.359569589939903e-01, -2.178556978029873e-01, -6.020867932054367e-01, 7.401672176242891e-01, 2.001907170766323e-01, -3.753787161008035e-01, -1.030226174405228e+00, 3.677185159895298e+00, 1.862127348322986e+00, -1.582546665039032e+00, -4.479027418797414e-01, -2.507263610560080e-01, -2.897495165574792e-01, -5.069187377008182e-01, -2.697129022825559e-01, -1.463642426516561e-01, 5.499482158325424e-02, -9.986566870710763e-02, 1.380426211272600e+01, 6.733984013167859e+01, -3.808949640472312e+00, 4.560609089100043e+00, -2.215112375225588e+01, -8.114904913942388e+01, -2.717327415016646e+01, -1.577465399475558e+01, -2.345291394888863e+01, -1.662387776894229e+01, -7.530333105999720e+00, -1.415327023904705e+01, 8.784821903843796e-01, 2.968864083993266e+00, 1.810360887444256e+01, -9.375873678657211e+00, -9.656498737115923e+00, 4.635173620882040e+00, -1.028864719269333e+01, -1.019301031812392e+01, 9.090951689805415e-01, 1.752052402461373e+00, 5.320013512391267e-01, 1.041278352727971e+00, -1.095642269794933e+00, -1.052456758331628e+00, -3.229657085888523e+00, 1.343863277607397e+01, -4.691400217395676e+01, 3.227869286114062e+01, 6.811129666259524e+00, 1.394783271779897e+01, -9.401076903055111e+00, 1.932691255789149e+01, 1.015761887912593e+01, 6.394423376856380e-01, 1.484068515811828e+01, -5.275378396885642e+00, -8.784180837028170e+00, 4.319607202627479e+00, -7.038230708859996e+00, -6.590066705405105e+00, 8.187210848481911e+00, 1.031008613687343e+01, -9.443185632751181e+00, -4.173086834074645e+00, 1.853721461076818e+00, 3.069696440139792e-02, 7.490432638826614e-01, -1.231460679695483e+00, 1.714739658191350e+00, 1.470598253134833e+00, -1.061726044910515e+00, 2.282835312217311e+00, -6.257528682184434e-01, 1.078457254586938e+00, 1.972634301235213e+01, -1.089070749784491e+01, -6.671520000968106e+00, 7.678250424042237e+00, 1.866320909091377e+00, -1.395498806147639e+01, -9.232093199422097e+00, -7.985366623152123e+00, -8.976996412509756e+00, -5.553031479245947e+00, -5.936442950785426e+00, -1.763780257994440e+00, 7.635244123157577e-01, 1.113113297385760e+00, -3.288871398278896e+00, -5.583005774787529e-01, 1.201016437628869e+00, -3.606847007835477e+00, -2.172095653053880e+00, 1.043287337151954e+00, -7.931111953705262e-01, 2.188296848779097e+00, 1.208285112618872e+00, -2.491154043926565e+00, 7.843896373112084e-01, 7.816072189322560e+00, -4.617583128895155e+00, 1.482022644013840e-01, 2.562195931582526e+00, 4.203914164954246e+00, -1.893547569501433e+01, -5.307180160239660e+00, 8.346197921356371e+00, -1.097038802569982e+00, 2.092831224109371e+00, -4.952304659344283e+00, 7.505577793257285e+00, -1.122875784329535e+00, 6.233028180466052e+00, 1.745629202217783e+00, 3.368586000383113e-01, 2.457232717587985e-01, -1.173167717833311e+01, 8.467411398730825e+00, -8.116440738381064e+00, -7.800349321217206e-01, -1.015511041915563e+00, 7.875582811804238e-01, -1.879899932474954e+00, 1.754770943720750e-01, -6.522982941297175e-01, -6.849618689339170e-01, -2.763867795525290e-01, -6.487765401394991e-01, 2.069475203057975e+00, -4.439502682074813e+00, 2.599146542378257e+00, -1.176127397142285e-01, 1.802153445504209e+00, -2.667036446982785e+00, 9.312086672504966e+00, -5.563857478491554e+00, -1.038093881936397e+01, -3.159263836659991e+00, 9.158648877199562e+00, 3.716346462629205e-01, 1.827245170200361e+00, 5.703710636609082e-01, -2.502994277687441e-01, -2.863528360419204e+00, 4.419988771849941e-01, -1.509059309738972e+00, 2.086285088554364e-01, 3.281219515818554e+00, -5.357593177853581e-01, 7.475814479100733e-01, 7.339054807088032e-01, -5.564445960531420e-01, 3.111181580117141e-01, -1.001731284729565e-01, 2.566976698610670e-01, -5.487883165556177e-02, 7.495355520162555e-02, -6.597532945507093e-01, -6.222015890649132e-01, -2.642038743363441e+00, 3.171889750498893e+00, -1.365429931568555e+00, -2.417953447389801e-01, -8.393122468385482e-01, 6.739584780537545e+00, -7.419083447307786e+00, 1.523061251001138e+01, 2.453338989495074e+00, 4.185567715467315e+00, 5.051030343199432e+00, 4.439853752517126e+00, -4.411389436369708e-01, -2.158557158753374e-01, -1.673026933672119e+00, 1.048413015889275e+00, -7.413378369539490e-02, -4.025276201248011e-02, 1.063566024425400e+00, -2.346860705800606e+00, -1.782072438146938e+00, -2.551278139891446e-01, -9.749312691174655e-01, -4.578075845765177e-01, 1.431005040208251e+00, 8.016482213275281e-01, -3.429897664831452e-01, -6.233493064127873e-01, -2.406193848723593e-03, -8.091278020521483e-02, -4.868223010694049e-02, 2.512272041778153e+00, -2.876257225603609e+00, -3.206054755087443e-01, -6.011606772552408e-01, -1.811588717393086e-01, -1.395619467378991e+00, -3.522410311038425e-01, 2.407080069576321e+00, -4.979927916417549e+00, -3.579566098307188e+00, 5.342489547140172e+00, 4.326703571819573e+00, -2.092940101684960e+00, 8.079554996041743e-01, 3.972840154212858e-01, 7.170525971485255e-01, 4.135856221197914e-01, -1.957581741450618e-01, 2.775913216423636e-01, -7.348243761953014e+00, -3.822222557385198e+00, -1.882234312664634e+00, -6.439018445215827e-01, -8.022772358747355e-01, -4.733118478077725e-01, 8.275727667700842e-01, 5.534454501887965e-01, -2.016391368978540e-01, -4.156733839466851e-01, -3.078486766215493e-02, 1.366689558785252e-01, -3.244420452233048e+00, 9.880280181964106e-01, -1.766821574602558e+00, -6.357940177381222e-02, -3.050533839179796e-01, -2.343105851780524e-01, -5.059116889604237e-01, -5.188403592268130e-01, -5.589383146368082e+00, -1.105518084387668e+01, 9.151552427357712e+00, -3.796260554675008e-01, -1.515549342990691e+00, 5.922167314487400e+00, -2.437805745020918e+00, 4.825470526243016e-01, -4.611227750920317e+00, -3.267063827004077e+00, 4.130314179673753e+00, 1.691760140939963e-01, 3.869814970714100e-01, -6.688646393910024e+00, -4.386597592328323e+00, -1.582513827241350e+00, 5.922528768835336e-01, -7.155202248179210e-02, 4.780214771205493e-01, 1.946045689590616e-01, 4.658629680270444e-02, -2.661728594240682e-01, -4.601882808908593e-01, 1.760032083011913e-01, 1.659580360537028e-02, -8.820163316623253e-01, 2.150596416438927e+00, -1.185072145201018e+00, 4.889016380132448e-01, -2.166986179947422e-01, 1.656288147223845e-01, -3.494485814849779e-01, 3.338835679435546e-02, -5.955589167229573e-02, 1.478694495000982e+00, 2.199763586097040e+00, -1.628549598645325e+01, 2.537752925707705e+00, 2.499140082880580e+00, -5.835944792187331e-01, 2.995347815808397e+00, -8.484473276250087e-01, -3.116531402641837e+00, -2.673997004377234e+00, -2.598901407593399e+00, 2.617165751341681e-01, 5.224895289491057e-01, -2.794323444218352e-01, 1.115376559509228e+00, -1.756383144752827e+00, 2.838638935861001e-01, -7.117151268311465e-02, 1.183003449568421e-01, 4.196992436489937e-01, 2.982028465931260e-01, 1.935702829261883e-01, -5.470468544822368e-01, 2.037795867928922e-01, -7.758089980286780e-03, 1.296507132901789e+00, 1.049914964459454e-02, -3.699213895816790e-01, -1.212895443581648e-01, 9.021478518430658e-02, 9.580102162155035e-02, -2.883295619641208e-02, 2.024516735431638e-01, 2.047694021747099e-01, -3.289681553367763e-03, 1.744002654300547e+00, -1.423430731637253e+00, -9.531987671439246e-01, 4.797148217896408e-01, 2.853989003888830e+00, -5.431866395040793e-01, -1.909614853344277e+00, -1.170534194238534e-01, 2.465660881101296e+00, -4.349104752316544e-01, 3.438733482032306e-01, -2.609605635483962e-01, 1.318226029209144e-01, 7.515098152541767e-02, 8.727425499130614e-01, -7.067415437885427e-01, -9.386981163954837e-01, -7.466122067639791e-01, 6.364387603326843e-01, -1.652811635139794e-02, -4.575348117892193e-03, -6.883622175945445e-01, -8.204942484496865e-01, -1.169671418370469e-01, 8.025083303765477e-03, 4.230938292754012e-01, -7.436700445310103e-01, -3.011519723879404e-01, 4.296347314183381e-01, 2.230490441054767e-01, -1.363857106394468e-01, -3.433731284187392e-02, -1.286544219082901e-01, 5.329664051067603e-01, 2.357697688689254e-01, 5.144330944419734e-01, 4.691230751137087e+00, -1.681205206087617e+00, -2.126888448904580e+00, -2.883649651984132e+00, -1.462570304861788e+00, -2.691780823383118e+00, -6.079954950942431e-01, -2.087015704892900e-01, 5.568983552408291e-01, -1.062474835651616e+00, 1.193090298545760e-01, 1.448255011490031e-01, 3.614614066670934e-01, 3.518672973359511e+00, -1.585594180014195e+00, 4.820068012877247e-01, -1.349183645400530e+00, 2.345475395590574e-01, -1.938606787256202e-02, -2.634010987203446e-01, 3.271082154070550e-01, 2.608374005403130e-02, 2.629286524114823e-02, 9.690029629271847e-02, 1.130899022761814e-02, -4.000154306659921e-01, 5.932938386745269e-01, -1.950324257502186e+00, -4.929262150877419e-01, 1.049897347362327e-01, 2.632957560900614e-02, 2.115841975501674e-02, 1.036825818433866e-01, 1.314977136340794e-01, 4.171986483023021e-02, 1.173566710801863e-01, 1.968914985481718e-01, -3.673602243755509e+00, 4.428213287166584e+00, -1.728758133348011e+00, -2.256734906681256e-01, 2.386249620323828e+00, 2.082869419316050e+00, 9.850920398191956e-01, 1.782874930709397e-01, 3.379088371192498e-01, 6.076425817271148e-01, 3.125531669985772e-01, 2.416600858831682e-02, -2.598779575318758e-01, 2.088671792726231e+00, 9.945973479534512e-01, 1.229001989870865e+00, 1.125130947333922e-01, -4.036814955747810e-02, -1.560353726227628e-01, -2.867334424435777e-01, -2.943012861667448e-01, 1.298575210893129e-02, -7.550033807405739e-02, -1.003810909022796e-02, -4.649874808782087e-02, -6.592769630844042e-01, 9.318100773329787e-01, 4.963059568587980e-01, 1.026201107196222e-02, -1.425138788262475e-01, -2.748077457561137e-02, -2.770083434391584e-02, -4.737986012904820e-02, -6.910218977099791e-02, 3.945115767501136e-02, -1.631443003944563e-02, -1.316590389185347e-02, 7.144990946095461e+00, -3.652019417995139e+01, -9.635491173066208e+01, 1.088282414639411e+02, 2.221380916704283e+01, 3.560587499329141e+00, 4.299454106551347e+01, 1.465662652384259e+01, 8.445948046687429e+00, -8.442252722160232e+00, 1.322033849194213e+01, -3.479283427066085e+00, 5.439256516152586e-01, -1.824170132301240e+00, 1.693906485203496e+01, -8.827047123108601e-01, -1.350895836221833e-01, 6.888067962583501e+00, 2.840396129425704e+00, 3.727236734154451e+00, 3.766722146044930e+00, -3.430214260423927e-02, -4.380085678745732e+00, 1.813607778689983e+00, -7.929827286702379e-01, 2.962026356873215e-01, 5.189301468719106e+00, -7.771557801954157e+00, 7.772711116793651e-01, -4.144395673981561e+00, -3.897006882635308e-01, 3.760886228649115e-01, 1.228172035198546e+00, 2.032014231267082e+00, 9.358637013336363e-01, -8.035161598906493e-01, -1.181336874338284e+00, 8.158377994871346e-02, -9.589754612254078e-01, 1.223280248740944e+01, 3.035766121079759e+01, 3.744717592106752e+01, 9.876202635769360e+00, -4.963655541543935e+01, 1.178532167548856e+01, -1.200587354383325e+01, 3.669554068657446e+00, -5.817398179407831e+00, -1.080857887965022e+01, 1.313071353961414e+01, 2.372617143520070e+00, 3.024080820940732e+00, -1.750654362170531e+00, -2.590408510480385e+01, 5.617474778455287e+00, -5.490172997972540e+00, 1.008086759264378e+01, -1.341441989982404e+00, -4.915859520677460e+00, 1.442253463485114e+00, -2.000448909725897e+00, -1.646523433848227e+00, -5.410425355245740e-01, 5.840186847545724e-01, -3.204877687904381e+00, 8.015168468813062e+00, -4.674125502064351e+00, 7.881514502561231e+00, 1.449839594933840e-01, 4.030355560387307e+00, 6.341708703457226e-01, -7.558209174073294e-01, -4.823296107426780e-02, 3.868839176315031e-01, 3.848142336292266e-01, -1.109259955113857e-01, -1.426452996996765e-01, 3.253836138646679e-02, 9.566633835950822e-01, 5.313929077963603e+00, -2.455847953783292e+01, 5.061877274811297e+01, -7.226827534571415e-01, -9.709119650398862e-01, 2.703853164187987e+00, 1.473847046065323e+01, 1.659157724757043e+00, -5.663922111125379e-01, 9.310141178165416e-01, 3.153531327420776e+00, 2.233196788957093e-01, 1.715377241949631e+00, -5.182098521243758e+00, -1.288026867431715e+01, 1.958333964600307e+01, 3.579836610268259e-01, -4.179901448660850e-01, -2.885326769075880e+00, 5.809056587493068e+00, 2.603400364140228e+00, 2.825030286190632e+00, -1.908582606498981e+00, -5.427111789277952e-01, -1.129683792885053e-01, -4.733748553127176e-01, 2.146949608643598e+00, -5.304107408152226e+00, 1.240203012519985e+00, -2.185994556075770e+00, -5.687341604341084e-02, -6.372492962903654e-01, -5.857821393321353e-01, 2.327976249924662e-01, 7.603414891918056e-01, 3.295298079988950e-01, -1.136832244955395e+00, 9.793225545509053e-01, -4.233820383824320e+00, -1.808705557931012e+00, -7.030042205026876e-02, 3.560450693338575e+00, 1.290832275601843e+00, 2.342524050272599e+01, -2.153749265950030e+01, 1.189771522549359e+01, -1.643901693967260e-01, -2.426286516018532e+00, 3.009140177828854e+00, -2.793437541170882e+00, 3.088860064194569e+00, -3.861860729175726e+00, 1.631616472337922e-01, 1.652743900176959e+00, 1.031513343230460e+00, -8.025685095381935e-01, -3.387692605328271e+00, -3.391254278788961e+00, 6.421862345866964e-01, 4.846893300306430e-01, 2.664592296586010e+00, -2.790458410321888e-01, -1.074002155185781e+00, 6.068993895459391e-01, 1.094055514326973e-01, 9.469204266759276e-01, -1.775690087596202e-01, -2.686160612867116e+00, 3.462647716834337e+00, 6.980595785313151e-01, 9.852427687210152e-01, 9.536755229509957e-01, -9.871198897828116e-01, 1.090192084765098e+00, -5.375366147504400e-02, -9.363424285341682e-02, -1.962157256664555e-01, 3.964932760617396e-01, -1.472960155374891e-01, 3.636459220055579e+00, -2.600207011190271e+00, 3.274516330794018e-01, -7.214549199120062e-01, 1.206030288534928e+00, 1.189659955105351e+01, 2.507714219541329e+01, -2.793426845654223e+01, 1.132489932594406e+01, -8.714844760417225e+00, 5.838001318628095e+00, 9.827705880785270e+00, -3.012279170248125e+00, -1.758732613078041e+00, -7.967071989354055e-01, 3.341955443289839e-01, -1.843342020194166e-01, 1.103022091024060e+00, -1.373167558338336e+01, 7.933991391471028e+00, -5.533181550162234e+00, 2.316175429348670e+00, -2.174588291488436e+00, 9.384781407571703e-01, 3.733460780380652e-01, 1.382293533714603e-01, 7.553230338978735e-02, 5.089038115462533e-01, -3.603065948009042e-01, -1.600608944318659e-01, 4.455044756274000e+00, -1.313744130305027e+00, 1.247913135534422e+00, -2.938219061227361e-01, -6.328438374301582e-01, -8.157214361349552e-01, 3.377378475790724e-01, 3.674681197272289e-01, -2.579903460855951e-01, -4.070081165733604e-01, -3.269222836965280e-01, 9.899366409640707e-02, -2.584856043709820e-01, -1.910697856449659e+00, -1.129771496543575e+00, -2.226535294377589e-01, 6.897213068144269e-01, -7.763639811476741e-01, 5.381294362281635e+00, 5.455180391541137e+00, 1.340573447373174e+00, -1.014017071701008e+01, -2.214871939985032e+00, 3.555626675256041e+00, 1.638962945680605e+00, -6.924788254490706e+00, 1.088108080632771e-01, 1.572128967409567e+00, 7.377580574774834e-01, -1.747501482777257e-01, -3.832299222154616e-01, -2.769085846068702e+00, 4.012091284854994e+00, -1.893474293786675e+00, -1.985944049232246e-01, -9.404288889673861e-01, -5.273808957707427e-01, 1.034154277058379e+00, -3.611529214942157e-01, -1.290321221829303e-01, 5.219852940004467e-02, -7.173829477748268e-02, -8.872801478364412e-02, 2.607895021243670e+00, -3.514192332101273e+00, 5.395547184988305e+00, -1.332617402611672e-01, 5.669070790477274e-01, -5.587505016181316e-02, -1.713368984468990e-01, -2.723878936155428e-02, 2.088274032490446e-04, 2.319999264575263e-02, -3.567999896158841e-02, 2.947831392261655e-04, -1.558618666987089e+00, 6.601046252562176e-01, -2.038882207686685e+00, 4.588796488754112e-01, 2.054527852836391e-01, 3.276190862060945e-02, -1.257275661205506e+00, -1.980079014038017e+00, 1.923667468685174e+01, -3.191731032879320e-01, 2.013920533268747e+00, -2.434386535934069e+00, 3.166829125666557e+00, 2.087614544243661e+00, 1.301470092554475e+00, -5.929541046503662e+00, -6.405463007972551e-01, 9.745234395397288e-03, -2.940997225915975e-01, 1.235571191352852e-01, -4.947083343610602e+00, 3.315538164547697e+00, 3.232280798543967e-01, -1.169825079804802e+00, -6.869046594740553e-01, -3.083797301333779e-02, 4.027370259592282e-01, 8.270247646284452e-01, -2.494003145413371e-01, 5.927060717917117e-02, -1.000887171798866e-01, 9.115094335433885e-02, 6.600467144454710e+00, -2.089876432528143e-01, 2.133108230420889e+00, 7.274691691320958e-01, 2.238748355257259e-02, -6.478751018392344e-02, -1.457467686968960e-01, 1.295559241704729e-01, 1.673171272949618e-01, 2.270933490237842e-02, -1.913161771983148e-02, -8.033997593966318e-03, -3.961953236086810e+00, -9.294945561363349e-02, -5.228092583242001e-01, -1.110320432391710e+00, -2.945418545280079e-01, -1.304770061875292e-01, 1.640279127503140e-01, 6.382670687684385e-01, -4.883104914560819e+00, -7.011664159250537e+00, 1.113711631665786e+01, -5.036315964682821e+00, -3.011980918298958e+00, 8.231617768488931e-01, 1.499165837383947e-01, -9.014662323596950e-01, 2.428785539015438e+00, 1.087755749947642e+00, -2.518090923275211e+00, 1.776604881510475e-01, 5.074422044460242e-01, 5.245707814144331e+00, -3.270469671674110e+00, 7.291482018138258e-01, -9.609305510708273e-01, -6.518816511221843e-01, -2.381625107767285e-01, 4.808649086490657e-01, 1.973747160165850e-01, 4.083112454563579e-01, 2.381841308190061e-01, 3.651397748354057e-02, 5.268184215199375e-02, 4.847689383804670e-01, 1.040632230142254e+00, 1.020558331730916e+00, 1.923304755094821e-01, 1.163271040357347e-01, -6.114725670916369e-02, -2.732656779903538e-02, 2.111919931346088e-03, -1.853430093254915e-01, 9.934212305829690e-02, -3.372553658283690e-02, -2.533693449923978e-02, -1.878569467354815e+00, -1.102139165640253e+00, -7.175494175991216e-01, -1.379205384710577e-02, -1.229314449365560e-01, -4.119607144979393e-02, -1.395443303048925e-01, -2.735587567335511e-02, 9.077641006970935e-02, -1.672040202261458e+00, -6.204337489929458e+00, 1.216247143870554e+01, -7.251446665797936e+00, 3.038371573489690e+00, -3.485138031927807e-01, -3.874156510971468e-01, -2.455961399086620e+00, -3.368863946569093e-01, 3.101183884795033e-01, -6.264042203280594e-01, -1.129156071430986e-01, -1.734070977856652e-01, 2.234366966479568e+00, -2.447684789982667e+00, 2.860584548972039e+00, -1.299376017930925e+00, 4.244044781687675e-01, -4.213698798576795e-01, 4.662269607431939e-01, 2.486364228219760e-01, 2.172184335867244e-01, 7.142632748629033e-01, -5.275551513100993e-02, 2.850219512489188e-02, -1.656228306392481e+00, 5.332405858468654e-01, -6.153046264362103e-01, 4.883245210615575e-01, -2.158060326501015e-01, 9.390203601020017e-02, -1.535439278881870e-01, -1.898521083009671e-01, -2.770571476723697e-01, -3.609064200928890e-01, 1.570943899946060e-02, 5.697036815960559e-03, 4.790562737736519e-02, -3.699525997824205e-01, -8.928666234253853e-02, -6.497606411686367e-02, 2.459999772206942e-01, -2.969852436349799e-02, -1.105755764379740e-02, 8.832977214329843e-02, 6.491472004981821e-02, 7.485401221194452e-01, -1.548436575428878e+00, 6.941719049665666e+00, 2.552652076449712e+00, 1.207053185179486e+00, -1.836743526916137e+00, 4.819498390231617e+00, 2.809273567241490e+00, -6.614009020378326e-01, -1.353114424351845e-01, 1.002087529622252e+00, -1.609371663576024e+00, 3.536690078892593e-01, 7.179091884712763e-02, -1.373772967242331e+00, -1.143961513247667e+00, -3.515219837346514e-02, 7.286520679561110e-01, -6.827709439119944e-01, -6.815939497034897e-01, 2.017262963852024e-01, -3.972142636463691e-01, 6.958210989188227e-02, 8.525719906004010e-01, 2.106545033162689e-01, -8.715778555398314e-02, -1.701464930958620e-01, 4.173247889621268e-01, 4.532453157930197e-02, -1.988497398213894e-01, 1.525504406252320e-01, 1.860011423256176e-01, 8.303849325326913e-03, 2.565218052953216e-01, -1.461075948060148e-01, -3.650957827288207e-01, 6.803209346747356e-02, -5.585950551600808e-02, 3.460350687857143e-01, -2.520394064960624e-01, -8.727189189003877e-02, 1.120194377835033e-01, 1.428000403657577e-01, -1.253705945394790e-02, 1.914204596984141e-03, -1.414079392783850e-01, 9.782113763995912e-02, 1.064737692025104e-01, 7.400701229546722e-01, 3.197812893257551e+00, -1.168172852971851e+01, 1.325518305908650e+01, 7.951379288829419e-01, -8.205200617167613e-01, -2.866639237793875e+00, -6.899715288036400e-01, -2.191224764804453e+00, -1.185207758376482e+00, 1.450173494049688e-01, -1.960446621836999e+00, 2.225255232395561e-01, 5.848829974660352e-02, 1.382921495982631e+00, 2.030636688695095e+00, 5.180748055359132e+00, -5.460106700665590e-01, 4.714911846827508e-01, 2.991794655045354e-01, -6.257319252024550e-01, -1.958307040957308e-02, 1.775723228321281e-01, 3.693801603060259e-01, 1.406041024544768e-01, -6.170710656488777e-02, 6.307373720640224e-01, 1.407021789532670e-02, 1.230963610786316e+00, -5.339197799887210e-01, 2.553763306617127e-01, 1.242149628869244e-01, 1.513824701362863e-01, -1.349265945484686e-02, 2.596843224445975e-02, 6.064393740343495e-02, 1.581357770784880e-01, -3.424853450692695e-02, -1.020777857402900e+00, -9.237218797454968e-01, -3.815064830641527e-01, -4.426751375063501e-01, -5.622875048137955e-01, 2.709970880098230e-02, 1.150696878928332e-01, -1.135864831055644e-01, -3.169274648691858e-02, -1.106712844481600e-01, 2.128716328018027e-01, -2.509218809846517e-01, 2.117983602471042e+00, -6.259616325604430e+00, -7.068721740818544e+00, -6.497973800097609e+00, 2.040368889086306e+00, 8.509726422692805e-01, 4.458266264511905e-01, 1.754176792685076e+00, 9.861204631042462e-01, -7.568001678031194e-02, 3.604769741629005e-02, -1.120446972868391e-01, 1.002122943714433e-01, 5.987244247552999e-01, -1.340612105755131e+00, -7.270027754008167e-01, 5.348420860233800e-01, 1.967145153339488e-01, -3.906431705862663e-02, 7.202160141945982e-02, 1.797430773998936e-01, 1.594753322360462e-01, -2.572815931618828e-02, -6.115972330798228e-02, -7.856167111017793e-03, 2.685904636932001e-01, 3.010638808962575e-01, -7.027229149263118e-01, 2.576367859231472e-01, 6.849545807261789e-02, 2.914567624881290e-02, 5.621298322453282e-02, 5.327054277537185e-02, -5.755823210488795e-02, 1.094933538065015e-02, -3.366249671201739e-02, -1.599671827337083e-03, 1.463747315190415e-01, 1.041026696955041e+00, 4.469333376756612e-01, -1.587171398631851e-01, 2.820565155142029e-02, 3.697426354612184e-02, 1.125623008121701e-02, -1.954587642351797e-02, 9.813806939803977e-03, 9.048436816836064e-03, -1.859024224895875e-02, 5.085886738905975e-03, -4.498968936285372e+00, 2.658093772335494e+01, 2.566899922878050e+01, -5.947127209920717e+01, -6.102935980649821e+01, -4.256498814455664e+01, -3.589511356659217e+01, 1.209200652456699e+01, 5.210667960258586e+01, 1.622021973107696e+01, 5.675742698644911e-01, 7.359671654091778e+00, -2.544265513537759e+00, -1.937865111670473e+00, -9.526641495333809e+00, 2.042216176358494e+00, 7.439403705536514e+00, 5.556424788752296e+00, 1.337039588836609e+00, -6.543076704709668e+00, -1.637899105431358e+01, -3.147591133177726e+00, -1.711079962952415e-01, -3.009981146653201e+00, -7.450250464298286e-01, -1.143955665154818e+00, -4.590063031814208e-01, 1.314076456342987e-01, -2.902868503699978e+00, 1.861140901843794e+00, -5.537432085648514e-01, 3.259258571460673e-01, 3.563671976710390e+00, -4.091547547439301e-01, 3.250142253337063e-01, 1.216083355069726e+00, 6.867391997089393e-01, 4.596203468290780e-01, 2.140030218102103e+00, 8.267570086028848e-01, 2.706282216826601e+00, -2.876930356958278e+00, 6.848875440026205e-01, 1.178632685979068e+00, 3.187124519710186e-01, 8.145617768923870e-01, -4.138761386644469e-01, -5.866147060670093e-01, 2.846810387636260e+00, -5.961315741987473e-01, 6.117368293296471e-02, -4.119237470937863e+00, 6.960982346072464e-01, 4.935494316927136e+01, -3.739023988882931e+00, 1.483207732890914e+01, 1.361585213022301e+01, 2.307904428084509e+01, 4.343035181349300e+00, -4.322631273665014e+00, 1.356683119376595e+01, 1.713921552438918e+00, 8.179194056309552e+00, -2.027775593920096e+00, 5.127487324067333e+00, -1.863808849590634e+01, 8.350071124703166e-01, 5.564228058088016e+00, -4.769608449204561e+00, -2.610337584512052e+00, 4.648623503770498e+00, 2.401409742877390e+00, -2.331687118007134e+00, -2.041774480277075e+00, -2.690023325055364e+00, -1.011259064362999e-01, -1.142930282503116e-01, 6.700672857759755e+00, -2.852198976348051e+00, -7.729810351162154e+00, -2.419843460428510e-01, -7.130885174301631e-01, -1.410685076397737e+00, -4.721710088186216e-01, 1.616457193689814e+00, 1.011667753710669e+00, 8.540219751840854e-01, 1.015591061124443e+00, -8.214960466236583e-02, -3.671909600179132e+00, -2.652296032414626e+00, 3.518130988729537e+00, 1.877401607556690e+00, 1.119429609972989e+00, 3.621764179942493e-01, 2.288835218257618e-01, -2.178265938490782e-02, -4.209504403454333e-01, -2.777937555728875e-01, 7.235330732468579e-01, 4.237445588229200e-02, 6.485254943018608e-01, 1.464508236795813e-01, 1.340890045537182e+00, 1.890168641492867e+01, 2.157309628668301e+01, -3.731651401212243e+01, 2.305722257966385e+01, 1.544986054260922e+01, 4.760167702840636e+00, -1.066263999588778e+01, -5.043238014761791e-01, -2.568339648384520e+00, 8.537128219938023e+00, 2.899167207790037e+00, 2.232154063770637e+00, 2.810532911975066e+00, -1.054939683470477e+01, 1.130535224235055e+00, -1.000510553688779e+01, 8.269386237585529e-01, -1.354914984942571e+00, 1.389968809419249e+00, 8.895629622307537e-01, -5.831981714162340e-01, -1.705906583974755e+00, -3.973631134368323e-01, 1.680839781934880e+00, -1.764203864249451e+00, 3.622234442095448e+00, -1.773940785841767e+00, 1.036451677752166e+00, 2.035216155690421e-01, 1.688382277416544e+00, -4.928228508667744e-01, -5.429453091816852e-01, -2.272503558054158e-01, 2.797576799109611e-01, -9.838385695160651e-02, 3.998553996112333e-01, -4.734833772806343e-01, -9.061015000768517e-02, 1.979497533437780e+00, -9.251395282874652e-01, 6.590473457789121e-01, 2.203070238891236e-01, 1.385185784869664e+00, 6.244374175636327e-01, 4.458691703360465e-01, -6.141725760580560e-02, 1.411992666643049e-01, -4.661073959777171e-01, 2.553376188072125e-01, -1.108582437210706e+00, -2.132567461622060e+00, 4.054926737291397e-01, -1.086627935720899e-01, 3.920724387236752e+00, -1.735950252879182e+01, 3.320537176938556e+01, -1.903474822513612e+01, 8.001028184292904e+00, 6.204637198981243e+00, -5.970399034065409e+00, -1.558784584547554e+00, 2.958137995428264e+00, 1.730652741878833e+00, 7.552673307457028e-01, -3.082553880463813e-01, -3.209449285513965e-01, 6.779717092449688e+00, -8.903777624188489e+00, 7.379171191968481e+00, -5.213726861461039e+00, -5.398149565643421e-01, -8.669283161292295e-01, 6.457079099282169e-01, -1.061577436465325e+00, -6.074824070576050e-02, -2.489521745554144e-01, 5.820526020459158e-01, -3.106701328212330e-01, -2.600592975355210e+00, 1.749216996292656e+00, -3.069272491780483e+00, 1.117072544757474e+00, -1.431262224113038e+00, 9.045185176284520e-01, -6.151580974211526e-01, 8.284271039149118e-01, -1.983771814364911e-01, 1.463404886354142e-01, 1.166079650015083e+00, -1.243011182707619e-01, -9.017637294912700e-01, 3.720491133850799e-01, 8.408876243147173e-01, 4.748500526947270e-01, 1.086830845996410e+00, -6.235669075211508e-01, 6.945033755991719e-01, -3.886199087165835e-01, 1.703916710915493e-01, -7.945179517074413e-02, 3.881945572969177e-02, 1.576622995982804e-01, 7.508184847738001e-01, -1.787660822657083e+00, -1.850186058393082e+00, 4.645367044417448e-02, 2.882980888513633e+00, -1.729306419093098e+00, 2.929040974448385e+01, 1.329211597443109e+01, 8.047034644312131e+00, 5.847692162289121e+00, 1.495139089324906e+00, -5.672694743930455e-01, 8.496881502302946e-01, 3.082851078394162e+00, 2.732462152080855e+00, -1.574189765637844e+00, 1.187865965895943e+00, -5.525713098661091e-01, -1.552619186058234e+00, -4.277891566979855e+00, -3.291702630491857e+00, -3.188084484020972e+00, 3.856699492710571e-01, -7.001772908675198e-01, -1.684682622476184e-01, -4.067024538974053e-01, -5.973122411204628e-01, 3.659306999726117e-01, 1.146454014017394e+00, -9.477896977526556e-01, -1.003133673388860e+00, 1.787867931776254e+00, 1.852293905282230e+00, 7.536652757183034e-01, 3.341171988246950e-01, -4.527053603712721e-02, -1.605314500693561e-01, -1.200561041592244e-01, 2.109655090310960e-01, -6.032306359353126e-02, 1.192239520661514e+00, 1.163762333730000e-01, -6.108749823748234e-01, -8.053982628640829e-01, -4.058986854152472e-01, -3.315990163060582e-01, -9.581214363290167e-01, 2.987541116286705e-01, 2.276413501155617e-01, -5.223208095111562e-03, -8.308114425792941e-02, 3.746947227389105e-02, -6.335253781371369e-02, 8.027689901735918e-02, -1.276994611917325e+00, -9.901783211134501e-01, 6.881090787522635e-04, 1.555743161817555e-01, 4.944675371037959e-01, 2.577704263567814e-01, 5.999793981137934e+00, 3.317657569506864e+01, -3.254097898124566e+01, 2.015074601705541e+01, -1.473206716768922e+00, 9.553312846694746e+00, 2.546748484967800e+00, -5.699836434888866e+00, -2.682223973795937e+00, -1.504928024264587e+00, -1.985790466788589e+00, 2.523452624269742e-01, -9.123046691194123e-01, -9.898436156320816e+00, 7.551163060477266e+00, -7.271000771740976e+00, 1.526175580940095e+00, -2.388436001852601e+00, -1.009098189213220e+00, 1.434613186025678e+00, 3.019596870674115e-01, -5.527544173478640e-02, 2.434937345691905e-01, 1.408215880873314e-01, -1.823319147299086e-01, 2.259398405962412e+00, -1.223870470980273e-01, 5.452256505654106e-01, -2.770112313907758e-01, -1.327799745043254e-01, -3.971647840278129e-02, -2.264456689830722e-01, 1.337759038608134e-01, 7.801370551746437e-02, -3.604691519790080e-02, 6.305958928133958e-02, 8.755515003110291e-02, -5.771624228706040e-01, 1.930247382391826e-01, 9.665562272998054e-02, 1.356746307224093e-01, -9.303403095477944e-02, 4.384572942495553e-02, -1.759938412944188e-02, -1.522000855912913e-01, -2.077293935800619e-02, 5.995736356396875e-03, -4.881119170052808e-02, -9.221993976280219e-03, -1.034948850060971e+00, -4.371205540659112e-01, -9.773667143460767e-02, 8.647497820215118e-01, -2.613849636624927e-01, -1.659463191627889e-01, 3.169991877786799e-01, 1.160749496374915e+00, 3.038160258867433e+01, -2.686486038545259e+01, 2.563863931024903e+00, 5.133008898507585e-01, 8.182432324130362e+00, -3.171440884167852e+00, 2.723356792906007e+00, -3.015306192646518e+00, -3.114417724013300e-01, 3.835025062495900e-01, 3.496879591921643e-01, -5.786113250172565e-01, -8.388869202229872e+00, 7.882409716956161e+00, -4.201271548461190e+00, 1.473343359921012e+00, -1.589038725268725e+00, -3.069060850620521e-01, -7.408419382185233e-01, 2.816418705851217e-01, 1.022095491564913e-01, -1.605038760279993e-01, 2.383691572574375e-01, -1.870400611643287e-02, -4.899758042439242e-01, -2.888601285559433e+00, 1.402004679177344e+00, -1.057877872120714e+00, 2.469675327739432e-01, 1.817118048935892e-01, -6.636007735882564e-02, -3.765384437830312e-02, -5.969079054960363e-02, -5.637245818453139e-03, 1.239253495513614e-01, 1.619655631550031e-02, 1.788420571996369e+00, 1.521885736312307e+00, -8.651493791875166e-01, 9.559494365011917e-01, 3.602213918457988e-02, -2.177686237215773e-02, -2.064040492417136e-02, 6.359306373540614e-02, 1.827318517811286e-02, 2.608766847930599e-02, -3.439531537898131e-02, 7.369113599395084e-03, -7.195222470695188e-01, -9.305602497784184e-01, 2.078051535263944e-01, -4.000981950851729e-01, -1.748257830514280e-01, 3.481107962671675e-02, -7.651835903061160e-02, -5.793537076777067e-02, -2.882174251886929e+00, 2.136212836920750e+01, -1.822525335493746e+01, 4.169287902861337e+00, -1.002753345170043e+00, -2.467229382643505e+00, 5.016050775499167e+00, 2.412992366157185e+00, -7.004754749197061e-01, -3.072450866106618e+00, 1.915015720702773e+00, 2.686561953293062e-02, 1.259622823918754e-01, -4.970359333141706e+00, 5.783742057113912e+00, -1.189926842266034e+00, 6.636981164819954e-01, 8.357526848189656e-01, -5.510279728063947e-01, -7.603378576264223e-01, -2.183557402672786e-01, 4.355239169680423e-01, -2.773866706206586e-01, 1.775026985925904e-02, -8.112456835610526e-03, -4.356999047896744e-01, -1.263368735280319e+00, -2.649391255264866e-01, 1.939487425254840e-01, -2.687043680733040e-02, -8.269256718150668e-02, 7.070447523517581e-02, 6.093746294146918e-03, -7.887710261152833e-02, -3.174522871259173e-02, 3.130661549365261e-02, 4.674322797154760e-03, 1.470183136119027e+00, 1.095307834900185e+00, 5.609753703823398e-01, -2.811820552346674e-01, -2.193718711863032e-01, 1.673339071341692e-01, 9.170615830792073e-02, -3.111843727315478e-03, 1.725967106259070e-02, 6.823781020200022e-02, 5.141154255535366e-02, 4.105652710595466e-02, -6.027576257018951e-01, -1.950082179020559e-01, -2.712311279565776e-01, 5.864944816999367e-01, 2.370446045485192e-01, 1.785041783284037e-02, -2.973960006780067e-02, 1.272392263396243e-02, 1.227330556434870e-01, 1.121291428299597e+00, -2.579036018296812e+00, -6.896482918311106e+00, -2.064156530828126e+00, -2.012371505001752e+00, -2.021275010694092e-01, -4.785684319107844e-02, 1.457100312582392e-01, 6.780128742206969e-02, -2.225637343173806e+00, -9.707852567774746e-01, -2.851983565716769e-01, 2.236138836553497e-01, 8.149938373230470e-03, 1.992405507466926e+00, 6.213818109289151e-01, 1.212488428212366e+00, -1.844535763150107e-01, 3.486149921929879e-01, 1.251474704884127e-03, -2.078537440099913e-02, 4.499966932494954e-01, -4.176564655018673e-02, -1.356744415468308e-02, 5.668440638413295e-02, 6.777127113301553e-01, -5.444615191732383e-01, -3.954430197948863e-01, -6.134013276109429e-01, 1.518790297385967e-01, -7.946313628452832e-02, 3.668093356499078e-02, 3.032953771907355e-02, -1.530140176205178e-02, 8.483899001204577e-02, 1.789155220691406e-01, -6.679288898998920e-02, -1.184323090316055e-01, 3.423789979106581e-01, 2.659403607545679e-01, 2.099175208133933e-01, -1.721609400474387e-01, -1.207026309399258e-02, -2.510945699233989e-02, -2.393035841344107e-02, 7.255763406265538e-04, -2.034990736754105e-02, -1.072939934558291e-01, 6.985095374353593e-02, 3.345677166541635e-01, 4.593752818866644e-02, -7.842066359469012e-02, -2.776848588764254e-01, 4.929639685262270e-02, 4.052898447805740e-03, -1.410315931015954e-02, -2.970760335039862e-02, -1.110463453460314e-02, -1.414290482360390e+00, 1.308609484124270e+00, -2.776369536958107e+00, -5.156823229990461e-01, -1.076689540128684e+00, 3.776125660541350e+00, -1.075014179845722e+00, -7.362122363223456e-01, 1.528394375995649e+00, -1.543910566977718e+00, -1.009537499272366e+00, -9.024335847881993e-01, -1.739848155286594e-01, -4.742267266184155e-03, 7.314770223153677e-01, 6.524330515369025e-01, 7.301488526959171e-01, -1.300171658511702e+00, -7.289924906448510e-02, 2.413438537700917e-01, -2.702132568122307e-01, 4.884541297336881e-01, 2.174276492837851e-01, 1.136499563386346e-01, 4.887723695352002e-02, 5.932461396271161e-02, 4.489721598568189e-02, -1.679876082256770e-01, -3.218139065206898e-01, 3.836297311367568e-01, 7.620033226340842e-02, -1.280054067612988e-01, -8.001369757484431e-03, -1.764939423343365e-01, -4.382374384394214e-02, 3.480353884710288e-03, 1.213284857039996e-02, -1.267499162719092e-02, -8.020431342233768e-02, 1.518844363996843e-01, 1.570568647007325e-01, -1.732703058593967e-01, -1.264211467882448e-01, 3.065460501711017e-02, 5.892309068741324e-03, 8.318471386660253e-02, 1.243418647006164e-02, -2.226551057246997e-02, 7.529834293242715e-02, 9.001678327399502e-03, 2.357133869093015e-01, 6.986161874404595e-02, -1.247905634637645e-01, 7.107585639927112e-02, 1.978531926741211e-02, -3.289516755020582e-02, -2.473223266996549e-02, -4.532747147596890e-02, -4.392353750665022e-03, 7.051360708221751e-04, -9.941533665303043e-02, 1.433818313381931e+00, -4.921313071475269e+00, 5.320732040184443e-01, -4.446559821865405e+00, 1.403639469126696e+00, 3.146551680959965e-01, 1.463545485051920e+00, 4.394438808084525e-01, -5.260852401697828e-01, 1.394978092422655e+00, 1.379824156894352e-02, 2.028785376197322e-03, 6.819998867474227e-02, -7.077106841767158e-01, -1.277595133880919e+00, 1.146086902447371e+00, 4.645007575254553e-01, 4.631242009119608e-01, 1.302269541734679e-01, 1.961688849905441e-01, -2.109943856535439e-01, -1.370978971598957e-01, 1.902186971572631e-01, 4.188241072130505e-02, -2.325541462949629e-02, -1.881522487981840e+00, -1.178455958376214e+00, 1.241525014137386e-02, 1.269686128356748e-01, 4.805771936026113e-02, -3.296554928918446e-02, 2.328364814785975e-01, -5.544679024324015e-02, -2.147068451963725e-01, -1.161943398825815e-01, 7.477701519404649e-02, -1.956418948769754e-02, -1.309790120397556e+00, -1.421801953744773e+00, -4.798036512819093e-01, 1.429207847321664e-01, -4.774770232977386e-01, -9.076497487035781e-02, 5.892694870545070e-02, -7.300122079660805e-02, -4.973010180542344e-02, -6.874301305090001e-02, 1.064198308993359e-01, -1.617163882909736e-02, -5.098999903107947e-01, 7.200493282509549e-01, -4.385073060802401e-01, -8.315747921653979e-02, -3.492462667300755e-01, -2.028893177603499e-01, -1.885408649582938e-01, 5.086656134065718e-05, 1.062620519247704e-02, -5.529736297796379e-02, 3.948544907643270e-02, -1.742130684030438e-02, 6.633151429548870e-01, 1.246596141687477e+00, 4.706783538235776e-02, -3.355244517556650e-02, -5.649419959607959e-01, -6.368765640350893e-01, -1.859334567060106e-01, -3.642298943594284e-02, -6.232073087392718e-01, -4.977067385920782e-01, -8.706198916046262e-02, -3.379801201802768e-02, 1.239683283729890e-01, -2.740513034438399e-02, 1.560619753645383e-01, 1.565414868817708e-01, 7.936485962336095e-03, -1.821608093412855e-01, 1.323670544473201e-02, -5.641362152122022e-02, 4.176080741582268e-03, 9.377139484015683e-03, -9.155385505709285e-03, -2.254058356629244e-02, 1.082680664380966e-02, -4.220091262552738e-01, -1.533027320080782e-01, -2.376241048417707e-01, 1.143151405293384e-01, 4.357388621480359e-02, 2.495418346144476e-02, -1.523936618454735e-02, 3.864544508136462e-02, 2.642716901061283e-02, -4.418892772790670e-03, -1.376185692973856e-02, -3.181514358181493e-03, 5.358556548629733e-01, -1.024473592836311e-01, 7.139138224821255e-02, 1.454978262294576e-02, 2.195211176177580e-01, 2.565454508801401e-02, -3.097518708773003e-02, -7.968315307007198e-03, 2.806547443914020e-02, 2.884233386724469e-02, -1.255322992954672e-02, -4.755904484429179e-03, -3.712272321227370e-02, -4.962012229717339e-01, 1.289506539858665e-01, -5.219697093568154e-02, -7.690937618064185e-02, 4.327028811273112e-02, 2.256467612343721e-02, -1.264280928907449e-02, -4.132352613067078e-02, -5.267415462329144e-03, -6.224972815784224e-03, 1.091764252607428e-03, 6.674093465239984e+00, -3.929632845154359e-01, 2.069567192460189e+00, -1.287062258737813e+01, 1.001498840892621e+01, 3.964270619750656e+00, -1.063614732472910e+01, -1.588244035056683e+01, 1.020895225123593e+01, 5.375190774263102e+00, -1.315939686425744e+01, 1.244549345015524e+00, 2.928588463734793e-01, -1.063479790117833e+00, -3.920740474282296e+00, -4.865446531180564e+00, -3.461541575784337e+00, 9.443139672644604e-01, 2.135785629594826e+00, 3.094392168515010e+00, -6.786131000733753e+00, -1.087906003162938e+00, 4.897455416718667e+00, -1.425030158869767e-02, -1.215515143494473e+00, 3.031084545327796e-01, 2.630063655487425e+00, 3.425782568410712e+00, 8.775211412368552e-01, -7.051809500280447e-01, -2.081721760806091e-01, -4.355618892216367e-02, 2.819362433130039e+00, 1.994589635601064e-01, -1.830285171061159e+00, -9.390612084878783e-02, -1.440593513959319e+00, 5.660808450656289e-01, -8.222029607836921e-01, -1.149977104101555e+00, -4.067964608471562e-02, 5.779219884367544e-01, -1.958043913180637e-01, -4.835778897148120e-01, -1.198186700415690e+00, -6.520311627038690e-04, 8.151482049624069e-01, 6.794686834886834e-02, -5.779670690356256e-01, -4.669301671028381e-02, 2.324035045646528e-01, -3.428670707645249e-01, 5.188605778169262e-02, 1.612139311140002e-01, 9.240342864375731e-01, 8.142076779688323e-01, 5.133030486815255e-01, -8.839079756809759e-03, -3.717202520843290e-01, -4.558460079997846e-02, -1.306934170610052e-02, 3.743525174019004e-02, -2.012551803252677e-02, -1.729423094503119e+00, -5.470470292383922e+00, 1.584506818626041e+00, -4.909332593000811e+00, 7.553400591051133e+00, 1.203248607761374e+01, -2.949953985962030e+00, -7.406195242330391e+00, -2.005516126520692e+00, -3.774570741830474e+00, 5.384209873030638e-01, -2.085837107437055e+00, -1.547718294094678e+00, 1.415592737847311e+00, 3.671199495178189e+00, -2.642271004297315e+00, -9.833619287729581e-01, -6.348464768920955e+00, 2.971658676371943e+00, 3.176428006593116e+00, -3.413492390744791e-01, 1.359326802597836e+00, -4.862982522076577e-01, 5.076871786397471e-01, -1.335237776476195e+00, 8.184519420574071e-01, -1.110796126641379e+00, 2.064390111507596e+00, 1.841958789753947e-01, 2.611959015906063e+00, -1.669353968257303e+00, -1.194214620002585e+00, 4.634811436966385e-01, -5.580798576287950e-01, 2.700346734014331e-01, -1.612330491372068e-01, -9.383590895199198e-01, 3.041513268799341e-01, -2.002597834124877e-01, -1.411072295332374e+00, -3.190178745699896e-01, -9.313009759871564e-01, 1.276124523692431e+00, 6.738106729613599e-01, -1.667707796386123e-01, 1.548865969210474e-01, -1.199488475949525e-01, 4.988319066374600e-02, 1.447159792381852e-01, -8.127120229809323e-01, 6.092145886913640e-01, 7.843530712971838e-01, 4.249409960772982e-01, 2.250723129650740e-01, -5.259878085885411e-04, -2.981825880936126e-01, -5.855145247948539e-02, -3.533142384513608e-01, 3.361461552036615e-02, -3.871376802202783e-02, 1.885355897842441e-01, 2.068595030937284e-01, 4.353214820285247e-02, 2.169326456395065e-02, -3.313265388385916e+00, -4.989856772227142e+00, 1.458908457674379e+00, -1.499646004115509e+01, 3.585984212795598e+00, -1.417871902964743e+01, 4.395275462825595e+00, 2.817162220601543e+00, -1.005389166802763e+00, -5.140498773824206e+00, 1.514428274090345e+00, 1.183844634663356e+00, -1.102865756989681e+00, 2.339220202519829e+00, 1.424055779165463e+00, 1.471854237534532e+00, -1.857421143863225e+00, 1.811556209780387e+00, -6.838723678525519e-01, -2.121585188489981e+00, -9.264272927110867e-01, 1.951960356159914e+00, -3.408310978900905e-01, -2.462690212227426e-01, -2.284734607754860e-01, 1.794465010510883e-01, -1.505552783935348e+00, 5.532922259588499e-01, 1.110371224974085e+00, 3.031254067213372e-01, -3.025507162798587e-01, 9.460157110142339e-01, 6.644275227067091e-01, -8.330109063383198e-01, 1.143214200363397e-01, 1.016233281454000e-01, -2.146425185051971e-02, 2.968661298850808e-02, 1.210536449221486e+00, -3.230115997645595e-01, -1.020954992518773e+00, -5.020228796010140e-01, 9.549478476305544e-02, -5.149577679412232e-01, -2.879000929920049e-01, 3.975799140245063e-01, -7.095101597373639e-02, -9.583953329614474e-02, 3.044487094805571e-01, -3.141135308782498e-01, -1.642582191303071e-01, 5.115283913152774e-01, 6.612999947293912e-01, 7.375157120848758e-01, -1.245248749745581e-01, 1.422579584149198e-01, 1.529181782868908e-01, -1.886848709572694e-01, 7.406026828345404e-02, 5.506463407981342e-02, 2.301298045741955e-01, 4.875771045019299e-02, -1.037341939511471e-01, -1.304207095223434e-02, 5.885944439397054e-02, -7.750356535097237e-01, -3.347804084424031e+00, -6.229689292931188e+00, 1.298839467521059e+01, -1.930470568112568e+00, 3.593468005979235e+00, -3.589668291195087e+00, -3.968210395971960e+00, 9.061098977816191e-01, 1.797469277830853e-02, 4.029879897825109e-01, 1.344674852709746e-01, -4.373798278707116e-01, 5.286128075054737e-01, -4.824001025401058e-01, -2.094924095863391e+00, 1.011839245576243e+00, 5.728333028158997e-01, 1.309302125500379e+00, 6.719640151631352e-02, -9.675529444760862e-03, -7.037908151356842e-01, -3.354855019845461e-01, 2.559003755744424e-02, 1.912795568517612e-01, -1.243148482106434e-01, 2.029030492101326e+00, -2.235795407135333e-01, -8.840038671547461e-02, -6.430364217855893e-01, 6.029235613298238e-02, 1.030336563433177e-01, -1.555761731327675e-01, 3.315209746441744e-01, 2.108176279263161e-01, -2.898339877891679e-02, 5.823256270776943e-01, -1.032912071647449e-01, -1.183314436409397e+00, 4.072332581749621e-01, 1.741712775411336e-02, 4.298094558487322e-01, -3.412776903943146e-01, -3.397646056507155e-02, 1.273814025873040e-01, -1.867754838320111e-01, -1.204675792202793e-01, 2.876762966257600e-02, 1.326382506708656e-01, 7.942589517860220e-03, 5.651665832554341e-01, -3.610576013270944e-01, 9.511163771733364e-02, -1.560256501313417e-01, 2.138472864713243e-01, -3.461329985499402e-01, -1.184219776894139e-01, 3.314577905907474e-03, 1.085796451522151e-01, -5.811317718239130e-03, -1.611031180036401e-01, -1.560038323804588e-02, -1.508291366709474e-01, 2.658959960231628e-01, 3.382074331641495e-02, -7.664558712061072e-02, 7.340725325177647e-01, -1.178894248454665e+00, -7.336000394296842e+00, 1.501192332206837e+01, 1.103139607743939e+00, 8.439198319997637e+00, -1.966395300247466e+00, -4.516976535136496e+00, 8.208339900029278e-01, 7.852125055668124e-01, 9.666893580074907e-01, 2.866438493367681e+00, -1.475036502157318e-01, 2.643696673264441e-01, 7.613323377275714e-01, -5.337484076316192e+00, 1.580064982352050e+00, -1.803423538010091e+00, 3.425060447985421e-01, 7.125182789706468e-01, 1.109130298554589e-01, -1.048812352610740e-01, -3.881613386809665e-01, -9.820522120056084e-01, -5.232213533843176e-02, -1.179190530405770e-01, 5.513456873735616e-01, 1.535697105285889e+00, -1.294712193505973e+00, 7.613839676288482e-01, 2.154151935261621e-01, 6.135051120834299e-02, -1.075497496061130e-01, -6.781894716655051e-02, 1.672021006231469e-01, 3.294885540769584e-01, 2.844304768056633e-01, 2.742143091073471e-02, -4.963762236808948e-01, -1.732164113044017e-01, 4.871059901369179e-01, -1.787681910965487e-01, -8.994660674771622e-02, -1.033447080276538e-01, 5.774686787784272e-02, 6.329130368626372e-02, -9.241231601550651e-02, -1.345373746995815e-01, 3.923247415021062e-01, -8.900877703034143e-02, 6.004700084772054e-01, 2.050228089284675e-01, -4.622761087829239e-01, 3.689138112721421e-02, -2.285402732798821e-03, 1.276434955987234e-01, 5.985755210305514e-02, -2.836470979087813e-02, 3.055765896279639e-02, 2.536110055088503e-02, 1.655917772376622e-03, -5.988525578863431e-02, -2.543227254666520e-01, -2.778763883970286e-01, 2.495582680256136e-01, -9.338857758524105e-02, -5.998440132137708e-03, 6.290173027190211e-01, -3.654707597835298e+00, 5.777461758085481e+00, 6.762791526128795e+00, 2.064539724334154e+00, -2.200574216309468e+00, 2.270804106823257e+00, 2.200761330721202e+00, 2.173344141505375e+00, 3.395480685201129e+00, -5.557684207865460e-01, 5.734177921436522e-01, 2.754620936660050e-01, 3.655824630620942e-01, -1.495127848446169e+00, -1.943830389551317e+00, 1.800242460627503e+00, 2.222482020321070e-03, -9.837398917102969e-01, -9.799677790299365e-02, 9.518748197876832e-02, -5.657210984093305e-01, 3.301030303914462e-01, -2.027628662577959e-02, 1.322106906951072e-01, -7.245622418301707e-02, 4.721129850114426e-02, 9.613605869723062e-02, -1.304457419803505e+00, 1.522637495662086e-01, 5.354694088611068e-01, 5.563966364593021e-02, -3.589030631909865e-01, 3.565187189334840e-02, -1.408937294939276e-01, -2.733807291890071e-02, 1.249161098166288e-01, -5.673010078644254e-02, 1.114767948937922e-01, 1.929902897146845e-02, 5.334982927212005e-01, -1.827672236402550e-01, -1.653751595954854e-01, 7.682871266823549e-02, 2.966054058180597e-01, 5.517963987104699e-02, 6.103241626490184e-02, 2.076211744013349e-03, 2.305725688355079e-01, -2.363860938930867e-02, 1.334818580935702e-01, -5.857441257961670e-02, -5.486419914833782e-01, -9.794555662242488e-02, 5.030556007868142e-02, 7.333276368786426e-02, -1.029658781823911e-01, -3.937491430741914e-02, -1.927385801870602e-02, 1.152535897850973e-02, 1.207044040620135e-02, -3.372396648004808e-02, -1.394194300674584e-01, -1.429672596602999e-02, 1.201599628795429e-01, 1.130539741537530e-01, -1.134747917230801e-02, -3.392038195818504e-02, -3.650449066775479e-01, -2.302498405339944e-01, -7.159190633968855e+00, 8.744433231370226e-01, 1.606198490588544e+00, -3.346098353910722e+00, 1.257920554065305e+00, 4.196604068165478e-01, -5.770893637815929e-01, 1.753504855563067e+00, -6.318254310188993e-01, -6.914689299565016e-01, 7.395348597158596e-02, 7.034234291567537e-02, 2.767316073304042e+00, 2.653311382355878e-01, 2.352407209011095e-01, 8.210750507303599e-01, -1.082496389934191e+00, 3.495006963845502e-01, -3.913898099816842e-01, 1.330107124002177e-01, 3.540874474278359e-01, 2.141775139091514e-01, 1.137763250772895e-01, -4.100806017239929e-02, -1.205928070581874e+00, -4.057890829280908e-01, -2.970389848626807e-01, -2.240023368261194e-01, 5.091942677092345e-01, -2.482213322048539e-01, 2.912229395423755e-01, -2.727570592428749e-01, -1.402911638192357e-01, -3.973245471754045e-02, 9.142017859515113e-02, -7.360674692397590e-02, 4.998725040891288e-01, 1.683092951336392e-01, 1.462415657315437e-01, 8.900955881358986e-02, -2.072345421605790e-01, 1.663532773517093e-01, -1.544709008043809e-01, 1.237459648271159e-01, 5.157913403271876e-02, -7.932596416493859e-03, 2.653695633740179e-02, 3.231111355276463e-03, -1.798957918414192e-01, 1.327818486961012e-01, -1.638267503534270e-01, -5.757521777944022e-02, 1.153771555711368e-01, -7.991414507464566e-02, 1.167426438113223e-01, -5.294568432658332e-02, -3.560703874736127e-03, 8.805964772170636e-03, 1.070274934580692e-02, -5.336666428476857e-03, 2.748658543435092e-03, -1.876740012647736e-04, -2.044688708617352e-02, -1.778245228050976e-02, -2.866142756270908e-02, 9.923928577740810e-03, -4.638440707884418e-03, -5.375647482220582e-01, 2.618849723120911e+00, 1.020487167562857e+01, -7.445620495435514e+00, 4.494183338850261e+00, 4.168208382290564e+00, 6.341375797632977e-01, -3.933051630363352e-01, -2.392157916354233e-02, -1.008542011711064e+00, 2.167299999791925e+00, -6.614868273548061e-01, -5.641805854515086e-02, 1.541445431057045e-02, -3.478348068814903e+00, 2.704814409448585e+00, -1.258676874172974e+00, -2.898501050702674e-01, -4.878133194862910e-01, -8.786821068146617e-03, -1.406351694352267e-01, 1.709035736157991e-01, -5.692677923599814e-01, 1.399016589049406e-01, 2.834637698379233e-02, -8.511031798651589e-02, 1.167079005888759e+00, -1.355900748392260e+00, 5.533835299315670e-01, -2.297777344554467e-01, 1.668467458217934e-01, 4.338044466667750e-02, 5.479217229315448e-02, -3.598612958758904e-02, 1.366312656259538e-01, -2.994329118405760e-02, 4.666224344470388e-02, -1.944336553413555e-02, -3.944819805070878e-01, 4.735981052256173e-01, -3.022910230328024e-01, 1.599594132033504e-01, -4.398614716269861e-02, -5.238184289815045e-02, -3.234351895339640e-02, 2.646955286214187e-03, -3.113660235615871e-02, 5.437533965853926e-03, 3.263490501568955e-02, 1.110965660188631e-02, 1.877004397744211e-01, -3.589955174541284e-01, 1.569520896503382e-02, -1.356798124076826e-01, 8.372921533234125e-03, 3.152426348851781e-02, -8.842724909577219e-03, 1.686820682280371e-02, 1.959784129362527e-02, -5.424526781564029e-03, 1.705864739533972e-02, -8.830758965284010e-03, -6.022746588590163e-02, 2.314818015269829e-01, 2.525123304230497e-02, 1.466098738003709e-02, 7.172360224351941e-03, 8.571842046642656e-03, 2.986744369798582e-02, 8.309819822116108e-04, -9.640816798949139e-02, 6.108909136064552e-02, 2.978681389637303e+00, -7.056497392480703e-01, 3.704767030941536e+00, -6.902146579522616e-01, 1.002111709210512e+00, -3.333316435318644e-01, 8.076885193372280e-01, 2.265741088924781e-01, 5.006122300235687e-01, 9.668332866391309e-01, -6.196430584754694e-03, -2.812642783403759e-01, -8.812705643673684e-01, 2.149070640608612e-03, -1.361384883672688e+00, -1.366069722430444e-01, -3.298321576654673e-01, -6.342462421340969e-02, -2.551172453958291e-01, -8.525810227765307e-02, -1.067370414007376e-01, -1.849820435101339e-01, 1.142358464221710e-02, 5.403743172777006e-02, 2.625217798818879e-01, -9.944600948017353e-03, 5.310580382985891e-01, 1.705572488374394e-01, 6.740928767310740e-02, 9.840924189865574e-03, 5.655424700347832e-02, 2.059724962959853e-02, -1.488944879960465e-02, 3.256242707738789e-02, -1.637036446659712e-03, -8.445229360962691e-03, -3.856257895167363e-02, -2.255021269213118e-02, -1.981071822467809e-01, -9.991626383283603e-02, -1.790868601709214e-03, 1.217019367725752e-02, -1.749598443497360e-04, 8.707702563548664e-03, 1.583104926708245e-02, -4.387802513673115e-03, -5.254024351711706e-02, -5.860125673870891e-03, 5.552058608194205e-03, 2.142047841350362e-02, 4.357834881440767e-02, 1.313358154789980e-01, -1.852616010793102e-03, 1.473207418881225e-03, 7.015508418639293e-03, 4.294062276793934e-03, -1.845012023232701e-02, -4.174744793888375e-03, 7.160468473746237e-02, 1.442367318584450e-03, 4.796618595303274e-04, 2.957510504695595e-02, -1.010274738611136e-02, -3.743629522050326e-02, 6.891517478559602e-03, 1.062233420616291e-03, -7.381974953646990e-03, -7.529829901977265e-03, 6.968800951102926e-03, -2.992675788942216e-01, -7.735538868260555e-01, -1.354887289648983e+00, -8.125041792279353e-01, 6.652301162478724e-02, -8.661457155825253e-01, -2.697320135154806e+00, -2.142618040482197e-01, -4.635300488960200e-01, -9.917294651003640e-02, -1.529890797590422e-01, 1.653859825748569e+00, -8.918680659305628e-02, 8.493714618769099e-02, 2.588569974134715e-01, 1.505106458801652e-01, -2.195468152757913e-01, 2.016468157084428e-01, 6.534050417955030e-01, -9.516371860618246e-02, -4.662681877638444e-03, 1.730644151100662e-01, 2.669342501155628e-02, -5.168224653904623e-01, -2.230125888018712e-02, -4.352742165834229e-03, 1.708962392464659e-02, -5.166348576504996e-02, 1.934224845911008e-01, -1.066399089983830e-01, -2.139282844368960e-01, 4.617234421549576e-02, 1.939453556326878e-02, -1.040658853061160e-01, -1.012195548414392e-02, 1.607207733711362e-01, -4.581380525323723e-02, 3.391266286657905e-02, -4.346066295872850e-02, -1.108975291306131e-02, -1.148741854475711e-01, 5.700544420694156e-02, 7.827914268563767e-02, -2.857767249358040e-02, -1.208504604879649e-02, 4.545809660903418e-02, 4.879097017035300e-03, -6.531034319850339e-02, -4.065065130490224e-02, -9.065595558993961e-03, 3.765881745547986e-02, -3.045124268461900e-02, 1.618365986008900e-02, -9.690170944662445e-03, -2.425224561708031e-02, 2.233137078135649e-02, 1.129960484506613e-02, -1.383815462658828e-02, -4.437431966479173e-03, 1.001292658045913e-02, 1.001911792174119e-01, -1.314900562199644e-02, -9.683644788228338e-03, 4.048190311329002e-02, 1.924280203461442e-02, -1.342887996785192e-02, 1.333967401033530e-02, 1.594190615530853e-03, 1.316874195783402e-03, 4.568252983499241e-03, 2.125065125600567e-03, 6.363786953080336e-03]
