elements:      [Ba]
cutoff:        7.0
pair_type:     gaussian
feature_type:  gtinv
model_type:    4
max_p:         2
max_l:         6

gtinv_order:   3
gtinv_maxl:    [6, 4]
gtinv_sym:     [0, 0]
gtinv_version: 1

electrostatic: 0
mass:          [137.3]

n_pair_params: 6
pair_params:
- [0.5, 0.0]
- [0.5, 1.25]
- [0.5, 2.5]
- [0.5, 3.75]
- [0.5, 5.0]
- [0.0, 0.0]

n_type_pairs: 1
type_pairs:
- atom_type_pair:      [0, 0]
  pair_params_indices: [0, 1, 2, 3, 4, 5]

type_full:    1
type_indices: [0]

n_coeffs: 1308
coeffs: [2.034970026837035e+00, -4.659821966689458e+00, 2.102583180179635e+00, 2.783968380616352e+01, 3.992613056520022e+01, -1.460675400679218e+01, 8.645112501186411e-01, -1.542790150797896e+01, -1.367013645091717e+02, 6.862034669582739e+01, -1.956151132219275e+01, 7.149166863038752e+01, -3.369072034465146e+01, 1.494717687480028e+02, 7.090786993472699e+01, 1.170574793071325e+02, 3.963096580926307e-01, 5.270756073614387e+01, -9.032341273337782e+01, 9.791315890203094e+01, -4.274703659823957e+01, -1.059749718871582e+01, -1.347872943159939e+00, -6.385152255517175e+00, 9.734671925284408e+00, 7.935976877447438e+00, 7.021586240313874e+00, -1.537881288720611e+01, -5.737843270949432e+00, -2.819003175100646e+00, -3.740256464622515e+00, 2.021558709656486e+01, 3.172709591393513e+00, -3.231453838201169e+00, -8.729067229342256e-01, 6.675602927034201e+01, 2.340936413552948e+01, 4.383159268161978e+01, 1.483632469268143e+01, -8.287290873448358e+00, -4.315771842672532e+00, 7.728382458468727e+01, 8.690513370227794e+00, 1.470905142695598e+01, -6.037191965137875e-01, -1.617316308190010e+00, 7.571741868268796e+00, 1.245871102989984e+01, -1.034964591473817e+00, 1.113514657972055e-01, -6.762867748739886e-01, -6.760071097060044e-01, -5.300522239933751e-02, 8.212259404446737e+00, -1.464287200255100e+00, -2.274650718040898e+00, -1.064790993985501e+00, -1.342652013919311e+01, -8.088357416380266e+00, -2.608354683690105e+00, 2.814844837822530e+00, 8.053237183242803e+00, -5.281506530536231e+00, -5.190488474012416e-01, 2.260569651620397e+00, -2.235379569710245e+00, -6.925417239013351e-01, -1.265044771008925e-01, 8.896833420711482e-01, 3.400059084319425e+00, 1.518389291224626e+00, 5.762915207447368e-01, -6.523063871461451e-01, -4.024999677627634e-02, 4.009882426081254e-01, 2.963243819152484e+00, -1.348943375780928e+00, 1.712698188012532e+00, -1.099360890515915e+00, 7.673551351375859e-01, -1.148116759085166e+00, 1.365532498262302e+00, 8.860036385582972e-01, -3.201320618140846e-01, 1.120753505359121e+00, -2.738967826025684e-01, 3.038302297414433e-02, -6.678668711945573e-02, -6.260220697637683e-01, 2.878364858888534e-02, 2.299448046969311e-01, 1.449102060609921e-01, 7.921143562035869e-02, 1.870204188364289e+00, -5.821802256517050e-01, -1.118330344337181e-01, 1.921162247249503e-01, -4.792858660664766e+00, -7.307388899236056e+00, 2.754446044705032e+00, -3.627790522718803e+00, 8.363089646074067e-01, -2.774134905711963e+00, 4.210109921183046e-01, -2.976720484475440e-02, -7.605567420015935e-01, 1.752641034692758e+00, -6.507845745587876e-01, -8.139266121050754e-01, 1.679139459448951e-01, -1.711974650077639e-01, 6.441135608596252e-02, -4.658842766150656e+00, -3.330777178762794e+00, -3.610445090443795e-01, -1.529571611378537e-01, 5.901648751596983e-01, 1.423501229294613e-01, 1.025607883297383e-01, 4.188565847764421e-01, -4.262852622328154e+00, 8.194696834257241e-01, 6.018349778512649e-01, -1.504366162519905e+00, 3.663578480143969e-02, -3.846885459939063e-01, -2.245297696672946e-01, 6.540906913652382e-01, -1.011112402183094e+00, 2.780297162323008e-01, -8.747076052101052e-02, 2.171347738879223e-02, -4.659821941994833e+00, -1.367013649163712e+02, 1.384395488866014e+03, 6.862034635217432e+01, -5.365390621948018e+02, 1.034379352646543e+02, 1.956151072484511e+01, 3.571010101042751e+02, 2.539312868314795e+02, 1.888491599916419e+02, 7.149166874718645e+01, 1.054833830496504e+03, 1.669785096087731e+02, 4.118955706213639e+02, 3.526698366858159e+02, -3.369071978491674e+01, -8.982332264316669e+02, -2.508736870737931e+02, -2.378518355841557e+02, -4.561049838533298e+02, 3.568793762331533e+02, 2.943086302373584e+01, 3.179248095322425e+02, 2.626639101372495e+02, 1.974274162465864e+02, 5.621638118787640e+01, 4.771782592923267e+01, -3.263392213860645e+02, -3.908552592665454e+01, -8.832129376467399e+02, -4.326028841978261e+02, -4.986085787017140e+02, -5.870267510789928e+02, 4.066561326936080e+02, 1.236735261298219e+02, 5.687143341576433e+02, -1.166808297463325e+01, -6.950574117826044e+01, 3.541273833463217e+01, 1.251935165842029e+01, 2.783205818263273e+00, 8.657346354417212e+00, 2.784324724135539e+01, -1.220265481295552e+01, -6.385152234040566e+00, -1.135252256340705e+01, -1.621550489870361e+03, -7.392413667779059e+02, -2.009559845952839e+00, -1.391012475400021e+02, 3.910756777358565e+02, -7.391077694457849e+01, 4.032760956750719e+02, -3.740256862898358e+00, 4.148470984441781e+01, 4.403253156678099e+01, -5.754074951117993e+02, 9.219151573576404e+01, -4.596326869428590e+01, -8.977412549121505e+01, -3.777580766517773e+01, 9.410854784751308e+01, 7.181359296109217e+01, 2.021558699492011e+01, -7.191854721220294e+00, 1.412433518356800e+02, 1.225604830808083e+01, 7.198323959126441e+01, 3.887221823883636e+02, 1.377049011768903e+02, 2.718461548382426e+02, -4.412326696848285e+01, -2.606385522435736e+01, -1.368301596706129e+02, -3.172709246149604e+00, 1.643398988008573e+01, 6.467170107277383e+00, 3.890108094705353e+01, -2.477159859392462e+01, -2.632059964401570e+02, 7.397503394795496e+00, 4.919873591934579e+01, -1.196780302871107e+02, -1.831701221858538e+01, -3.143046961161358e+01, 6.112834492214384e+01, -3.231454418332433e+00, -1.890183334724470e+01, -4.486728987747144e+01, -1.034606432628163e+01, -3.665088007277620e+01, 1.375338098855662e+01, -6.134887110012212e+01, 4.687288122551056e+01, 9.076558549545649e+01, -1.410041831359341e+02, -4.234716245291223e+00, -3.624951152512227e+01, -5.659874256831576e+01, -8.729073077968066e-01, 3.518754530458583e+01, -5.286453350636274e+00, 1.097352111611588e+01, 1.024797991996554e+01, -2.268591015636455e+01, -3.541644064642410e+00, -7.168424248819681e+02, -3.557561136192193e+02, -1.980440800242677e+02, -1.978610614346917e+02, 1.620929918343935e+02, 1.402052770122511e+02, 1.681714416793323e+02, 2.694971008117215e+00, -1.541858520249864e+01, -4.686876115405477e+01, 8.077061547937666e+00, 2.464373650652620e+01, -1.772952430257170e+01, -1.223536966497621e+01, -3.282517002852357e+01, 1.923259210974068e+02, -2.066679374942085e+02, -1.517239350923328e+02, -6.873197657612138e+01, 5.546403133282424e+01, 1.034474561254269e+02, 6.412627788206957e+01, 1.017437742712572e-01, -5.531685368906471e+01, -3.405517273740428e+01, -4.570792061651590e+01, -3.941321429174383e+00, 1.566888733252798e+00, 2.745851801880627e+01, 3.419828161733317e+01, -1.990485701085937e+01, -1.019088747376902e+02, 7.144726198427890e+01, 1.209097393140714e+01, -1.507506953437534e+01, 8.633282892572241e+00, 1.321366030912099e+01, -2.343264206378956e+01, -4.754790610593639e+00, -3.182302713079360e+00, 9.746508447486351e+00, -4.737730563395846e+00, -5.031258143850092e+00, -8.679118060472275e+00, -2.357895648310969e+00, 1.234415093298376e+01, -1.617316284741464e+00, -1.192078564670106e+01, -7.360189689412840e+02, 1.877000467720945e+02, -5.955447028841406e+01, -2.175030326722636e+02, 2.243420576207633e+02, -6.990898809677996e+01, 3.452688919172062e+01, -1.471705375344141e+00, 1.154794286049044e+01, 4.796190511273995e+01, -1.673729346203834e+00, 1.894439346454882e+00, 2.659399727034056e+00, -4.898079659127352e+00, -4.838046011889593e+00, -5.300349679973546e-02, 1.389637296213881e+00, -1.491969607437241e+02, -1.756744474939773e+03, 4.204010004953125e+02, 2.697515365458922e+02, 9.052174482833877e+01, -4.604469535083647e+02, 6.000769167518163e+02, -1.143581534164387e+03, -2.982942502938046e+01, -2.151856426989488e+02, 2.369678036168401e+02, -1.536443638877857e+02, -9.266192847998850e+01, -3.561018474081912e+01, -1.276184003471125e+02, -2.091255029909476e+01, 8.212259340925177e+00, -3.842059318284392e+00, -1.407833766713756e+01, 3.735029921168148e+01, -1.419166627763575e+03, -1.721936420056051e+02, 9.599408169834040e+02, 5.473998779412967e+02, 3.280620198793528e+02, 7.216664354880124e+02, -5.636139130664995e+02, 7.979222532374187e+00, -1.070282514753742e+02, 1.813152852352504e+02, 2.541385287544857e+01, 4.512656021760334e+01, -1.712906950700461e+01, -8.211256423497838e+00, 4.323662810222821e+01, 1.464287537560928e+00, 1.906155229386040e+00, -1.252446657109903e+01, -5.868983199669433e+00, 5.648256901497463e+01, 2.168937222061078e+02, 4.501939167375717e+01, 1.024428192489791e+02, -1.304046014924386e+02, -2.483013365974225e+02, 1.585541705648353e+02, 1.011937882781040e+02, 8.740831105124131e-01, 6.794194706339759e+01, 2.319225430644751e+01, 7.323596257933479e+00, 4.673725209369162e+01, -4.685813199666084e+01, 3.419403996072666e+00, -1.457038203721357e+01, -2.274650700373656e+00, 1.992663398681158e+00, 3.383312866800866e+01, -2.690195483330888e+01, 4.567010722620100e+00, 5.531020829425398e+01, -1.320137409906422e+03, 1.566017971804145e+02, -2.270588731240263e+02, -3.019636477965586e+02, 5.643785450782028e+01, -2.990419701000644e+01, -4.044738462426836e+00, 7.821119899165128e+00, 3.733354628319337e+01, -7.504398062911105e+01, 2.354359788066434e+01, 4.753457753888241e+00, -2.522837552775782e+01, -4.964439828346713e+00, 2.272054189981411e+00, -1.064791613317525e+00, 6.962193460781683e-01, -1.201443467587725e+01, -1.564743616683022e+01, 1.910234073813728e-01, 7.374161434398334e+00, -1.325764643458318e+01, -8.076564212218921e+02, -3.047925312335424e+02, 7.774102405671155e+01, 7.213470495003914e+01, -1.300448487481168e+00, -3.524834208215603e+02, 5.181867232446145e+02, -6.988565413278281e+00, 4.015673928725234e+01, -5.072273409197888e-01, 3.403049296773180e-01, -2.003241266929922e+00, 1.931622698856297e+01, -2.377191302401673e+01, -2.042067764517487e+01, -1.008104593525440e+00, -8.003380208492738e+00, 5.491178244475727e+00, 4.169452809884404e+00, 4.913146025468383e+00, -2.623391918491479e+00, 1.375534090292876e+00, 5.547783480128447e+01, -1.973349572929594e+02, -5.315307983194830e+01, -6.401904718319044e+00, 1.480560017920709e+02, 2.342029078329105e+01, -1.620756110307058e+02, 2.932198689856794e+01, 1.287202857344717e+01, 6.511682054967230e+00, -1.528738496611031e+01, -3.402738477349715e+01, 1.621989213931305e+00, 2.520996775325185e+01, -6.512947580128222e+00, -2.586371251469489e+01, 2.145236395988285e+00, -5.240306279533859e+00, 3.203543168844482e+00, -1.672859138426855e+00, -5.350415228618643e-01, 1.443104609591691e-02, 4.543862757599658e+00, 2.579054941085567e+00, -2.086648299909242e+01, -1.083206395372437e+02, 9.601713770981337e+01, 5.368624463187030e+01, 2.085489190380726e+01, -1.086944345691198e+00, -8.453977546681440e+01, -2.026551579636362e+01, -4.404556114822094e+00, -7.484718445305509e+00, 3.582178476950721e+00, 9.694030304413068e-01, -9.985443144848981e+00, -1.451625946199927e+01, 2.954402829414739e+00, 4.805508608839698e+00, -9.515393697346688e-01, -1.971456821523735e-01, -1.726096654882666e-01, -1.353875953561601e+00, -8.078591612831277e-01, -3.021354827800230e+00, -6.432160031860554e-01, 1.469726191133939e+00, -1.265045051764261e-01, -2.716733228059616e+01, -2.748300697130178e+02, 1.561507133073453e+02, 3.452122945887390e+00, -1.628011213059343e+01, 1.019564080702783e+02, -2.127151671187693e+02, -3.572437153684298e+00, -4.629132581194519e+00, 2.593089253816104e+01, 4.020537848378259e+00, -4.236560997489162e-01, -1.286498222876132e+01, -2.428320014911416e+01, 1.238859201034392e+01, 5.071330178809186e+00, -3.790751075945137e-01, 9.623547480324780e-01, 1.696635143024975e+00, 1.012045806001495e+00, -8.349076455760328e-01, -2.909859990512424e+00, 2.485314110683513e-01, -1.372677305743288e+00, 4.009884146138920e-01, 5.612061092037079e-01, -9.991137439845875e+01, -2.137471712847517e+02, 6.060719192554973e+02, -1.213242473271012e+03, -5.754410403748156e+01, 1.087384923378554e+03, -4.660034932086385e+02, -6.335028673704662e+02, -4.150816914343496e+01, -2.031260885940895e+02, 1.446623790137104e+02, 2.795214423813753e+02, -1.063803996103924e+01, -1.362776613744767e+02, 6.476910330879981e+01, 5.552607198334167e+01, -1.431316302898534e+00, -1.364919049826515e+01, -1.863819792160453e+01, -1.126618743860368e+01, -2.472611564208127e+00, -2.173973611258070e+00, -7.337005941862331e+00, -5.263096012901978e+00, 2.963250085188605e+00, 2.342434364200891e+00, 6.938350718495021e+00, 9.152337317163853e+01, 2.406018053880272e+03, 9.500370019978354e+01, -6.081402875426795e+01, -1.199880171777916e+02, 6.276416084894455e+02, -2.203257614468931e+02, -2.383044685424606e+02, 1.947359015732457e+00, -1.964562567851106e+02, -1.130613661631988e+02, 2.777167888976171e+01, 1.923135506563039e+02, 5.300158921057486e+01, 6.079231983687009e+01, -3.444442905502158e+00, -7.676131979098438e+00, -7.200581370160772e+00, -5.656082582258382e+00, 5.135561875030843e+00, -1.245103636151652e+00, 4.159374803793721e-01, -1.128475542425734e+00, 1.398777251372358e+00, 1.348941875643502e+00, 2.731949393942068e+00, 4.015806642624379e+00, -1.375829183119199e-01, 1.280795873430618e+01, 7.897519415246074e+02, 1.066128450575508e+03, -3.818714176828883e+02, -2.244805734202100e+01, -6.668519310348133e+02, -1.831745950371339e+02, 5.268557678034435e+02, -3.538151410843330e-01, 3.016575405123993e+01, 1.251159639227655e+02, -9.537161158998619e+01, 6.866750961773451e+01, 9.858719174886083e+00, 7.337125967492846e+00, -1.205342825186719e+01, 1.442547841856204e+00, -6.336540597144820e+00, -3.823183015537892e+01, 4.436005182619499e+00, -7.820386185904355e+00, -2.483135094449504e+00, -2.733707726467767e-01, 1.078420765760195e+00, 1.712698387526977e+00, 9.638678128533795e-01, 4.051002261432610e+00, -4.097243129634450e+00, 3.454595680177054e-01, 7.220727403421311e+01, 1.141018072143742e+03, -3.882360692680577e+02, -4.478585592877721e+02, 9.278083557201828e+01, 1.099658243843796e+02, -8.041314615116517e+01, 2.452755421563849e+02, 1.336999071389024e+01, -7.086674721278720e+01, 8.663581304545330e+00, 5.723140918269517e+01, 1.792133951735880e+01, 1.014850406012665e+02, 3.661119333688816e+01, -1.002051412238477e+01, 1.259069694148876e+00, 6.158803597459515e-01, -1.264201282479710e+00, 1.349611644834423e+01, -1.732462802402867e+00, -3.511111475535501e+00, -2.392323818984997e+00, 3.136363111001029e-01, -1.099360978121315e+00, -4.312840698210936e-01, 1.295544698419188e-01, -1.629191762761952e+00, 2.358767561722144e+00, 6.698682917489043e-01, 1.613276198696264e+02, 3.375190854066254e+02, 4.321478839894782e+02, -2.574809267322108e+02, -1.034550884488765e+02, -9.709747605099287e+01, 2.512882864182622e+02, -7.482676507569583e+01, 4.885403999070014e+00, -5.234888000212334e+01, -4.893154082698971e+01, -4.154282372158445e+00, -7.667611296653170e+00, 4.931264058330696e+00, -2.303699215009942e+01, 2.731438088273902e+01, -6.351078995680886e+00, 2.360095103175985e+00, 2.767410350214996e+00, 9.950107687617482e-02, 3.762813523592565e+00, -1.459201862838057e+00, -4.040659951273130e-01, -2.828755359835218e+00, -1.282102353766347e+00, 1.515949453506892e+00, 2.870449961536655e+00, 2.705414748327016e+00, 1.305366605646714e+00, -1.548992416745578e+00, -5.388296328640576e-01, 4.609787735794772e+01, -9.726572709066348e+02, -4.603082982409082e+02, 8.165227611652316e+02, 1.707817604524517e+02, 8.538851589519305e+01, 2.865291799626198e+02, -2.462770980965745e+02, 1.193249945877788e+01, -8.147955849978665e+00, -4.613130564802994e+01, -2.899004827401799e+01, 1.371880893008298e+01, 7.855188809392310e+00, -1.256590786812866e+01, 8.035569669446053e+00, -1.235768620618585e+00, 1.223071347197717e+00, 1.589850198606183e+00, -1.406114252159164e-01, -2.226311705379516e+00, 7.185534049623211e-01, 8.554948851713520e-01, -6.878126235590108e-01, 2.535275990584464e-01, -2.921608835027887e-01, 9.715658225694514e-02, 1.239362376655078e+00, 5.522718670325157e-02, -3.441526947401828e-01, -6.094148935845479e-02, 9.252721434568861e-02, -1.623356094206011e+01, -2.821525245499796e+01, 2.463241237544997e+01, 4.652597781322474e+01, 5.760701487302408e+01, 3.150294475112392e+00, -6.105464865108568e+01, -1.151744291004061e+01, -5.382366316557539e+00, -9.805984081270291e+00, -9.800304657043181e+00, -2.557506921051096e+00, 6.236392439182210e-01, -1.987656421853723e+01, 2.409775472067553e+00, 4.813378795936849e+00, -1.560929811694710e+00, -3.243833023752696e+00, -1.199353286751407e+01, 4.818438495407427e-02, 1.293713796731624e+00, -1.112074622042468e+00, -1.417015447301542e-01, -2.764640826012252e+00, -3.141193837181587e-01, 8.103161249612743e-02, -5.180346972011262e+00, -9.605047374837833e-01, -1.480254981789332e+00, -4.600726469073756e-01, -4.860735102897544e-01, -1.470098267953148e-01, 2.878367213139552e-02, 1.011846045354657e+00, 4.742598906173900e+01, 2.249808644030751e+02, 8.367292358175219e+01, 8.982724319668576e+01, -1.469171560719288e+01, -1.912575855030019e+02, -2.291752404775687e+01, -9.956873017510743e-01, 5.063675021540934e+01, 3.238994329556135e+01, -1.196819672527256e+01, -8.335493631418863e+00, -4.917554725677850e+01, 2.232912586019205e+01, 1.376447000798194e+01, 1.076121483882301e+00, 1.419827829427517e-01, 9.726102353856247e+00, 1.997764723588217e+00, 3.519640122537731e+00, 3.339296745462430e+00, 1.512303984417850e+00, 3.464267711201105e+00, 4.390662261339500e-01, -1.033840367336599e-01, 3.798903716396125e+00, -8.230712781616047e-02, 8.434943433348160e-01, 1.184754892925390e+00, 8.661578432835512e-01, 1.143401522289643e-01, 1.921166510403506e-01, 4.790759476028860e-01, -1.463126050291167e+02, 1.944521158119891e+04, -6.721395051795893e+03, -3.776321148459180e+03, 2.110108784250353e+03, 2.759656587233062e+03, -4.065359103182927e+03, 1.419439771312126e+03, -7.127558052537491e+01, -4.131234071825734e+01, 6.895266040443643e+01, -4.248223009592014e+01, 8.015585147924760e+01, -1.296926951556926e+01, 3.017246851808728e+01, -3.267024326012207e+01, -5.010023469770475e+01, 5.556255905595662e+01, 1.859805503077654e+01, 5.668458984677677e+01, 3.203718401522475e+01, -3.791834665255949e+00, 4.078706262218828e-01, 2.962109367707662e+00, 8.862935397638653e+00, 5.205853651746991e+00, 1.826510863108919e+01, 1.594007804558249e+01, 5.389275073830865e+00, -8.773285436110546e+00, -1.389156641825719e+00, -6.326181646504361e-01, -4.792827998808638e+00, 1.105625533770905e+01, -3.275931914606551e+00, 6.495145330376643e+01, 1.858307979403985e+03, -1.740759164086146e+03, 1.895156821639202e+02, 1.411129137201246e+02, 8.695353630435064e+02, 1.046531142064059e+02, -5.959883734755221e+02, 5.320309507602141e+01, -2.019082387195852e+02, 1.937347585128631e+01, -1.188935750420115e+02, -2.472618589182511e+02, -3.027667706593927e+02, -3.666200418074764e+01, -1.397743311602085e+01, 4.967795249110326e+01, -2.340798816894678e+01, -5.705911272138003e+01, -1.780336607069046e+01, -1.959283290491556e+01, 1.203582551804475e+01, -7.812023743052340e-01, 7.231694645121736e-01, -1.662027422558952e+01, 6.251991952458099e+00, 3.329172519196424e+00, -7.911659915166585e+00, 6.012420998857888e+00, -4.027543783702503e+00, -2.766524087202514e+00, -8.986318952144399e-01, 7.307399143864963e+00, 5.374445314491399e+00, 8.034970307942537e+00, 1.032770375795093e+01, -7.351936452938448e+01, 4.208366267376356e+03, 1.914044201089762e+03, -9.498224892329033e+02, -7.619327955384443e+02, -1.908106220931376e+03, -1.446568544984853e+03, 1.508765683737985e+03, -9.315987946814767e+00, 2.879808172947139e+02, 2.674441015388336e+02, -2.265729941294510e+02, 1.335551550351948e+02, 1.587039121847262e+02, 2.609141238924798e+01, -4.039666226031409e+01, 1.061135415939290e+01, -1.466035679941967e+01, -2.435688495250341e+01, -4.807123205216541e+00, 2.556763475486536e-01, -8.678174937676539e-01, -5.929859920171333e-01, 2.378273046433617e+00, -3.269971569136804e+00, 3.151240589347363e+00, 3.635008880709906e+00, -3.895478140573838e+00, -2.158547217897422e+00, -2.027570018265978e+00, 1.441579046769651e+00, -3.823416625594332e-01, 2.754449869110183e+00, -3.872676597832795e-01, -1.004463100299011e+01, -2.009275963466593e+00, -2.117731202257149e+00, 1.734758239247662e+02, 7.714572233864429e+02, -7.505932907077083e+02, -1.290478781103150e+03, -6.944771405253740e+02, 5.370028579959816e+02, 3.138419874831055e+02, 2.824950000432289e+02, 6.464366673753467e+00, -1.292133124041825e+01, -1.392986596190981e+02, -1.439776390672155e+01, 1.383546828433994e+02, -3.130310446027596e+01, 6.189956746013634e-01, 5.001668728969173e+01, -9.307541853912316e+00, -6.800092325116672e+00, 3.182049846581183e+01, 2.098446623033293e+00, 6.326595273702709e+00, -8.596627272456265e-01, 1.290063916897034e+00, -1.733554856656068e+00, -9.390014148661722e-01, 2.531321637841044e+00, -2.802548457789594e+00, 1.657654654096789e+00, -4.163856410685458e-01, -1.878953418916626e+00, -1.232893582883992e+00, -8.328167722481575e-01, -3.627792807402828e+00, 3.349441060663079e-02, 5.768334458768453e+00, -1.503640952279206e+01, 1.103438259950147e+00, 7.436095213872027e-01, 3.606326009924706e+02, 1.799583302459061e+03, 2.209533586213934e+03, -1.599981719900101e+03, -1.283148143633023e+03, -9.156041434542904e+02, 7.765559426681432e+02, -1.651004725670257e+02, 3.000292684651107e+01, 2.277148977139501e+01, -3.048824576518934e+01, 4.616645455354313e+01, -4.027071471444937e+01, 7.605549619170304e+01, 3.287436538945381e+01, 2.346540554923333e+01, -5.256875444010668e+00, -7.207325341700344e+00, 2.301662904093532e+00, -7.770000220971678e+00, 1.492460011623148e-01, -2.249586500076564e+00, 1.400787757675057e+00, 5.290939274469354e-01, -1.754425250130410e+00, 1.971546489291972e+00, 7.388530405407289e-01, 9.174006782829482e-01, 1.023935588987685e+00, -6.125043502781732e-01, 9.982741619271523e-02, -8.158983229453663e-02, -1.741492033396648e+00, 1.267770344200343e+00, -2.416471204940758e+00, -2.005088937976764e+00, 1.882404502200561e+00, -3.451246515272262e-01, 9.741826598329781e-01, -3.453323254701075e+02, 1.543874698895072e+03, -6.581045185446152e+02, -1.025595176445548e+03, 2.164069876379220e+03, 4.539204083033635e+02, 1.355645583586760e+03, -7.057212475234008e+02, -1.641448241623502e+01, -1.323841686074723e-01, 5.214013816083446e+00, 1.176726709553250e+02, 1.801368628626594e+01, -4.659387176356422e+01, -3.484632665002349e+00, 9.322477317466197e+00, 5.287433187217898e-01, 1.194583493800786e+00, 7.505753923651111e+00, 1.192133545894017e+00, 3.426726956019009e+00, -2.015712863131689e+00, 8.685456416037912e-01, -3.528955075433818e-01, -2.598964433344460e-01, -2.480091825585190e-02, -4.244037129519023e-01, 4.732805442656140e-01, 2.330783828245463e-01, -1.037712146073705e-01, -8.967825495696227e-01, -3.477783378221769e-01, -8.058021736888494e-01, 3.873546105406798e-01, 1.564054745035460e+00, -1.486627939077273e-01, 1.124301436687956e+00, -1.171086860622446e+00, 2.692060261372751e-01, -2.656103428053446e-01, -7.872371634951161e+00, -1.963320041050144e+01, 3.082014878466291e+01, 1.967675642198981e+01, 1.488719557141552e+01, -2.702868343651791e+00, -1.874477017229299e+01, -1.029789563351390e+01, -2.619201454978624e+00, -2.631586522487721e+00, 1.629620884318946e+00, 3.825636532388502e-01, -1.241989296127583e+00, -6.602644905127498e+00, -1.212495670481933e+00, 2.544650152431184e+00, -7.001916611600782e-01, -1.045723759736002e+00, -1.199090037106205e+00, 5.720526851438100e-01, -1.953192112322421e-01, 1.698415735378749e+00, -1.411176289198800e+00, 7.170789689705193e-03, -4.429874984651511e-02, 1.709528761424617e-01, -8.039626401433543e-01, -2.901163341997357e+00, 1.020136412648856e-01, 2.597055605169004e-01, 7.575407475282396e-01, -4.611755581033993e-01, 4.411538268098629e-02, 7.614476729458756e-02, 6.680472434825716e+00, -9.767021008114813e+00, -1.626581114963869e+00, 2.611301958710269e+00, 2.140227518172698e+00, 1.717416950331541e-01, 6.441136241083310e-02, -5.490613434284406e+00, -1.662438283088862e+02, 5.425577769961810e+00, -8.962065484441142e+00, -3.079357784717693e+01, 3.660518639483232e+01, -8.196325069194009e+00, 1.373033600420785e+01, -7.860858736457131e-01, -7.949962728398742e+00, 6.763115674931137e+00, 3.867554350070737e+00, -2.908185429041827e+00, -1.196544619671945e+00, 1.065055071866950e-01, 2.078520469897200e+00, 5.199199361560098e-02, -4.960986117308751e-01, -2.521862396092772e-01, 2.546982834683221e+00, 2.094339200423340e+00, 1.917036486259367e+00, -4.558161670236901e-01, -8.033408192455834e-01, 1.108218673984387e-01, -1.957340503715012e-01, -1.247718086800243e-02, 4.407101259733068e-01, -7.951520052109402e-01, -7.918612414776730e-01, -3.856331000200018e-01, 3.697694937031465e-01, 5.358685854920158e-02, -5.142814454298557e-01, -8.591262290513002e+00, -4.503669473478235e+00, -2.090444899073354e+00, 1.361961555476997e+00, -3.684139325878840e-01, 3.706148733985075e-01, 1.025606299743202e-01, 7.429920082701356e-02, 1.674794951886760e+01, -1.731627968269494e+03, 8.388398380760568e+02, 6.488284361101399e+02, -2.663041591998174e+02, -1.238778201528419e+02, -8.943350100174356e+01, -5.813535464597833e+01, 1.630627235526621e+01, 1.289588900051671e+02, -1.625744568056330e+02, 8.800592683071059e+00, 2.431367045757021e+01, 2.078248959079005e+01, 3.815612761634792e+01, 3.511264194433497e-01, 1.364678699244910e+01, -1.740621630605674e+01, 3.874345938039826e+00, -1.136051266808321e+01, -8.159767272208089e+00, 3.716978392913454e+00, 2.040914531649723e+00, 1.842676961927042e+00, -3.652500456784235e+00, -2.745707773742460e+00, -1.396132352122190e+01, -6.119324092975637e+00, -3.486873291620818e+00, 1.847153029031304e+00, 1.843026146518720e+00, 1.453267910740761e+00, 1.248316503366307e+01, -1.355457428630326e+01, -3.847644703217501e+00, -4.013261006647165e+00, -1.448894550915505e+00, -1.592329791717055e+00, 2.501585168114037e-01, -2.312502792408170e-02, 4.188570545191879e-01, 4.076825900039648e+00, 7.152151141747947e+00, 1.277739574059779e+01, -1.594767078684415e+03, 2.651130632612222e+02, 5.482224388047016e+02, 8.757226584610753e+01, 1.478975535898086e+02, 1.446727461422976e+02, -1.618741770914011e+02, 8.738214175853024e+00, 8.047816310551216e+00, -9.679737409661376e+00, -6.611749909690863e+01, -2.450788009293107e+01, -1.254518328975995e+00, -2.513808537920258e+01, -1.118724663293954e+01, -4.307307934678891e+00, 1.112776398994112e+01, 5.534961881890650e+00, 1.271572921771384e+00, 3.044068304261669e+00, 2.695222050408077e+00, 5.070254832215068e+00, 2.544228365831602e+00, 4.434566045641060e-01, -2.032482456634785e+00, -6.107039537265663e+00, -1.693369336166600e+00, -4.098843366853360e+00, 9.297520658633259e-01, 1.986598105809300e+00, -9.739205387640799e-02, -1.594196344942739e+00, -1.794876708083047e+00, -1.326998793206244e+01, -9.058995825578651e-01, 1.657032614668050e+00, 3.354025666528178e+00, 2.681890646163842e+00, 4.749864422634386e-01, 4.262851939216436e+00, -1.002597003479085e+00, 1.090419413867595e+01, 2.747578829082572e+00, 2.844881120488186e+00, 1.908510215166459e+02, -1.397028892720369e+02, 8.819909086682621e+01, -1.152361503423710e+02, -8.235805987458966e+01, -9.320401453243217e+01, 1.263952255005309e+02, 7.504199122688716e+00, -2.174846435563070e+00, 1.209858977976470e+01, 9.573906917294076e+00, -3.588380672052094e+01, -4.049886521985722e+00, 2.497867588269596e+01, 1.046191771418449e+01, 2.806762246735223e+00, 2.142782613358104e+00, 1.194922618362474e+01, 2.744189150076284e+00, 7.948413385084124e-01, 3.922248535940121e+00, 2.685084372756235e+00, 6.748993384339367e-01, -1.530997977558202e+00, -1.233603286952191e+00, -3.632459656400949e+00, 1.006342791944078e+00, -4.519040481769472e-01, -8.305933482003598e-01, -6.313711290473243e-01, 3.236135450226602e-01, -8.943448373081116e-02, -6.330305221303266e-01, -3.172394591012961e+00, -2.475772253854827e+00, -4.022482659938101e-01, 1.047635269683222e+00, -7.350573464097472e-01, -2.296918756140887e-01, 8.194698078658811e-01, 7.994464230819135e-01, 4.615661186875024e+00, 1.121327552165563e+00, 1.573030078342762e-01, 3.207265870557596e+01, -5.202417195852317e+02, 1.879775862107935e+02, -3.573575098970574e+01, 4.582408266837189e+00, -2.563354965410987e+01, 1.561929644563715e+01, -8.445982922826303e+01, 2.065333771097366e+00, -4.989571021865889e+00, -6.851127020493499e+01, 9.771210989972195e+00, 7.838839708849320e-01, -1.622809095544752e+01, -2.640662415565712e+01, 8.055468577215457e+00, -1.421712709528226e+00, 2.407040517610020e+00, -3.631962887810608e+00, -9.066569410811743e+00, -5.433897575976077e+00, 1.026821745532737e+00, 9.704140192749516e-01, -6.282047480281637e-01, -3.114172574445668e-01, 1.979065847743453e-01, -9.856417579013723e-01, 4.681537961135477e-01, -1.048353163713188e+00, 1.118225619824692e+00, 5.748293251157297e-01, 4.225856461620769e-01, 3.587747492095473e-01, -6.579185231778456e-01, 5.551681492383704e-01, 6.671131873731023e+00, 2.759636659660992e-01, 5.042275627566323e-01, 1.263034871493188e-01, 2.718272333358024e-01, 6.018356970892271e-01, -6.286177438708577e-01, -1.052613122935506e+00, -1.001815000850249e+00, 8.445888470615944e-01, -6.453007351860544e-01, 1.376909610253087e+01, -4.052628160826857e+02, 1.014819323295645e+01, -8.109898527717766e-01, -8.883496726459084e+00, 3.476534280145006e+01, 5.025047543275476e+01, 1.025394998664609e+01, 3.498077161129353e+00, 1.588241522138622e+01, 4.130436991967036e+01, -1.239618609028146e+01, -1.111010659112148e+01, 1.119899682913815e+01, 1.968417618716199e+01, -1.839240242963274e+01, 3.756607603799741e+00, 4.755498695927170e-01, -8.623352577231753e+00, -2.076688496712808e+00, -5.883342877866174e+00, 2.063218843011555e+00, -1.285063681055542e+00, 1.022226399066142e+00, 7.209645069067236e-01, -1.467574788734974e+00, -9.092415715427424e-01, -1.791049377307402e+00, -8.808701430466788e-01, 1.492193862829499e+00, 2.944328688946468e-01, 5.896469015453017e-02, -5.188223500926176e-01, -3.714468357149109e-01, 1.946603244291243e+00, 2.700312339806367e+00, -9.488731570793554e-01, 2.334820530485019e-01, -1.465724605291469e+00, 2.621400734000688e-01, -7.050211638903860e-03, 1.599397244150109e-01, -2.172434687675418e+00, -1.952646324755784e+00, 8.689217673509877e-01, -6.118840447807047e-01, 4.129360964591218e-01, 1.649907386592471e+00, -4.260044383943954e+02, 6.444473354316256e+01, 9.304886368164529e+01, -5.255107309863384e+01, -2.398100794039336e+01, 3.708951323136771e+01, 9.308762993539129e+01, 2.804767281417277e+00, 1.743050215026690e+01, 3.796964221523105e+01, 8.975930562746887e+00, -2.109657465785316e+01, 1.587076921399332e+01, 1.155430383627580e+01, -7.152634736443275e+00, -1.647604926806247e+00, -4.013097390162589e-01, -4.780064890129963e+00, -1.604995562755442e+00, 2.795967234117842e-01, -4.656151671543421e-01, -1.768069528373461e+00, -2.491798475304720e-02, -9.108043046055200e-02, 4.141160471085206e-01, 6.546878937085318e-01, -1.045072403119215e+00, -3.247281500289428e-01, 2.681254226555883e-01, 5.073590194595096e-01, 1.189989031894327e-01, 4.814780386297211e-01, -4.107991373614740e-01, -1.059731569438682e+00, -9.197209408957104e-03, -4.678785561605195e-01, 1.174097759387960e+00, 8.120713872678254e-03, 5.394677859111330e-01, 3.137982151723941e-01, -3.608059634733776e-01, -9.438732196652883e-01, 4.759981256479929e-01, 3.246447712905482e-01, -5.277887705736574e-01, -2.849139021875428e-01, -2.152404958136948e-01]
