elements:      [Ba]
cutoff:        10.0
pair_type:     gaussian
feature_type:  gtinv
model_type:    4
max_p:         2
max_l:         4

gtinv_order:   3
gtinv_maxl:    [4, 4]
gtinv_sym:     [0, 0]
gtinv_version: 1

electrostatic: 0
mass:          [137.3]

n_pair_params: 14
pair_params:
- [1.0, 0.0]
- [1.0, 0.75]
- [1.0, 1.5]
- [1.0, 2.25]
- [1.0, 3.0]
- [1.0, 3.75]
- [1.0, 4.5]
- [1.0, 5.25]
- [1.0, 6.0]
- [1.0, 6.75]
- [1.0, 7.5]
- [1.0, 8.25]
- [1.0, 9.0]
- [0.0, 0.0]

n_type_pairs: 1
type_pairs:
- atom_type_pair:      [0, 0]
  pair_params_indices: [0, 1, 2, 3, 4, 5, 6, 7, 8, 9, 10, 11, 12, 13]

type_full:    1
type_indices: [0]

n_coeffs: 3850
coeffs: [1.274630450572483e+01, 4.970253627073229e+01, -1.439638195666270e+01, -4.253903278606020e+01, 1.354248449655690e+01, 4.847978240890456e+00, 2.395143764450843e+03, -3.767427160760444e+02, 1.471438226264846e+02, 2.841013445775800e+02, -4.648060599316135e+01, -8.263548554375426e+02, -4.441918696389753e+02, -3.144000072078788e+02, 6.551548898353198e+02, 4.237123406227535e+02, 2.042394368245481e+02, -3.704760109164736e+02, 1.161919192040360e+02, -2.846315958997232e+02, 3.831601720907990e+00, 3.901721105347731e+00, 1.171165386009668e+01, -5.745235928503943e-01, 2.887239747553272e+00, -5.857431792888539e+00, -7.623696171232156e+01, 2.527263161270269e+00, 2.311544053262089e+01, 1.702565554814709e+01, -1.658067863692145e+00, 1.577307213198309e+01, 9.705570793018559e+00, 2.159403122686349e+01, 2.720563372678536e+01, 1.714574274039645e+01, -1.552303423113329e+01, 2.827498589101334e+00, -2.191477327387155e+01, 4.191417962571326e+00, 6.201789677046242e-01, -1.166220337899491e+00, -1.275123422268333e+01, 1.112514758953319e+01, 1.173618797522273e+01, 1.221325444738110e+00, 3.749500541784630e+00, -3.876082052130560e+00, 1.041973760182751e+00, -7.819807621897549e+00, 4.650968698253693e+00, -6.931515073967281e+00, -5.811164190783840e+00, 2.987054820273192e+00, 2.492876679299434e+01, 1.471322460498029e+01, 7.769786913890480e+00, 2.530547109498344e+01, 1.757590197392211e+01, -2.425615542206128e+01, -6.659516151450544e-01, -1.854635869807246e+00, -3.321114339096667e+00, 2.112049367377590e+00, 6.730278163993742e+00, 1.197202223696081e+00, -1.767474689442647e+00, -3.385683530106236e+00, -2.430748277231201e+00, -7.719944651204810e-01, 2.717360241745579e+00, 1.755210021250996e+01, -7.877278924959567e+00, -2.208889247887280e+00, 1.051211129309479e+00, 2.417118159393491e-01, 1.524437605489318e+01, -5.969779816281821e+00, -9.497352176614658e-01, 2.918442788374557e+00, -2.581091528854069e-01, -3.866340551181565e-01, -4.238547769696252e-01, -9.480331513154717e-01, 1.548817954272275e+00, -6.206610428497005e-01, 6.591941644645019e-01, 1.966664442209947e-01, 9.213155233283783e-02, -1.652954508054321e-01, 3.885948054072130e-02, 1.961311037851454e+00, -7.162799289255196e-01, -2.252164933232411e-01, -1.490911696015474e-01, -7.868908624936682e-01, 1.254460015936457e+00, 1.082240691788947e-01, -7.390046746421480e-02, 2.880263223425615e-01, -5.537852698721675e-01, -1.166212012284523e-02, 5.504759430512814e-01, -3.635640854370368e-01, 3.052913170273481e-01, -4.743843235718622e-01, -5.666597863774002e-04, 3.259616651220742e-01, -2.659012626961058e-01, -1.626760849671162e-01, 4.552142940796809e-02, 1.320776268882126e-01, 1.035750385511145e-01, -1.758692583781472e-01, -1.121844825230473e-01, 1.080782204525429e-01, -1.201210808180564e-02, 4.874570856482766e-02, 2.411378961061248e-02, 1.619071571241365e-02, -3.439126226842336e-01, -2.366153578630941e-02, 2.705723416862596e-01, 7.708276143566350e-02, 6.499459599104106e-02, -4.219080453547758e-01, 3.062897996501807e-04, -1.556319850498693e-01, 2.802423765203482e-02, 1.567642467751896e-01, 5.880528860766286e-02, 5.019866259487352e-02, 2.403311513372209e-01, -4.154760536452311e-02, -3.628769281815186e-02, 2.511611273823909e-02, -9.667462706616999e-02, 4.016720769783826e-02, 6.217262896862120e-02, -2.299591601746741e-02, -4.348367125378962e-01, 1.465323109326507e-02, 7.363768748983937e-02, 2.326444871710387e-01, 9.086223425622575e-02, -2.174100567147192e-02, -7.685209370639505e-03, -2.890009022885923e-01, 8.667174207919458e-02, -2.746256600410166e-02, 9.576037747320127e-03, 1.847006545283996e-02, -4.615785103225797e-02, -4.068891200645697e-02, -2.367843770070682e-02, 5.227589344094018e-02, -1.307417228134602e-02, 3.971748913158499e-02, 5.806622627433868e-02, -1.136764873806826e-02, -4.432708446106777e-01, 5.724496641126178e-03, 3.260680649786707e-01, 1.816990078383247e-01, 2.071720581740417e-01, -4.570011486714211e-02, 4.169543907686432e-03, -2.993469436019202e-01, -5.360062731075714e-01, -8.912904444303456e-02, 3.579591776448580e-02, -2.147401663401458e-02, -3.567956649703785e-01, 3.462086800442660e-02, 5.206699823373628e-02, 9.381998048215143e-02, 2.558762681652461e-02, -3.105876013491646e-02, 8.958055462035727e-03, 2.759274126715609e-03, -2.657322442641890e-01, 3.988260300282441e-03, -2.233153223415678e-01, 1.208916571338484e-01, 1.831351600374417e-01, -6.938370348733430e-02, 2.895762321062130e-02, 5.472513962737189e-01, -1.275515413467070e-01, 2.747502391445905e-01, 1.599719745705769e-01, -3.162178157183969e-01, -4.194601811361955e-01, -9.682305616035766e-02, 3.163455175559860e-03, 7.397512561010861e-02, 4.068147608114934e-02, -7.455521127609693e-02, -2.143553509341222e-03, 4.405275727699753e-02, -2.419899199613630e-02, -3.955867535329984e-02, -1.594032373784950e-01, -1.085594223214596e-01, 7.516532642085631e-02, -9.272494423264228e-02, 2.543280624036169e-03, -1.141541283321455e+00, 1.444702380947513e+00, 7.623351289593642e-01, 6.345802584909861e-02, -9.932941438963128e-02, -2.736990008613090e-01, -2.539041061933606e-01, -1.051168417008567e-02, 1.459493442682642e-01, 2.522379905734459e-01, 4.177912050090730e-02, -9.045943295348695e-02, 1.189933184447473e-03, -1.196660631970293e-01, 2.530389037789262e-01, -8.756394038357668e-01, -5.897676454355012e-01, 1.311088389600755e+00, -5.434831101349660e-02, -6.188723380324606e-01, 3.207861703516918e-02, -1.145855744060316e+00, -3.973689800317892e-01, 6.959492552283153e-02, 2.209248102183571e+00, 1.655279423499754e+00, 5.219205165959109e-01, 7.980996440851579e-02, -3.543199407131328e-01, 1.663296962927202e-01, 9.371892589679816e-01, 9.758910855879503e-02, -2.187622775193768e-01, 4.970309529182065e-01, 5.277710191407636e-01, 3.533212038712724e-01, -5.994044218045033e+00, -3.419489190987022e+00, 2.090591337829910e+00, -5.218861001477379e+00, -1.555442994738646e+01, 6.461044296279509e+00, 6.807671975520450e-01, 8.673662366790512e-01, 1.325759822819188e+01, 1.118148177776022e+01, -1.511042750845779e-01, -2.090029342657705e+00, -3.619327088377850e-03, -1.403921779597065e-01, -5.733463644503106e+00, 3.167756771279874e+00, 7.002689633603875e-01, -1.180242593864715e-01, 6.735011305045564e-03, 3.073421887545722e-01, 1.727715808382858e-01, 3.558391684125608e-02, -4.201606140301471e-02, 4.062356033978480e-03, -1.690643208715754e-01, -3.061301863540856e-04, -7.042083452651979e-03, 2.474464304174112e-02, 1.733542557194670e-02, 2.787120034232839e-02, -6.252783124847103e-02, 2.186434962073606e-02, -7.394253256842802e-04, 4.011378872813344e-02, -4.174704006110615e-02, -2.333465470908314e-04, 6.845856392650950e-03, 4.970253585263736e+01, 2.395143793019944e+03, -4.742747772736268e+04, -3.767427183362844e+02, -4.599951031047174e+04, -3.363358927976396e+04, -1.471438254670921e+02, -3.322687332924056e+04, -2.416912792741905e+04, -1.714938080133237e+04, 2.841013444355117e+02, -2.504369078166782e+04, -1.998746678422296e+04, -1.419563042585282e+04, -1.123918014477027e+04, -4.648061150517523e+01, 2.420027942812207e+04, 1.871349896908037e+04, 1.334061118638923e+04, 1.089442412699236e+04, -1.027040825046447e+04, 1.019116685110932e+01, 1.322554054352586e+03, 6.160598334126292e+01, 4.487751756864710e+00, 2.670921962868573e+02, -1.483780908472839e+02, 3.901721009625156e+00, 5.995078095825586e+01, 1.451822739548356e+04, 3.455324176964456e+03, 2.668343252239393e+03, 3.576533425784802e+03, -2.758790033001835e+03, -7.623696130807588e+01, 4.246169904538416e+02, -1.005397698957275e+01, 2.715653936803491e+03, 4.378241656044213e+02, 4.103327544061846e+02, 5.462589766572153e+02, -3.922916961256794e+02, 2.527263371593913e+00, -1.331035697875165e+02, -7.143669369601480e+01, -1.112204760532585e+01, 3.394044279849168e+03, 1.111577140574489e+03, 1.015133933824852e+03, 1.019672552224384e+03, -7.927204175232356e+02, -2.311544063951310e+01, -1.181364823477592e+02, -4.834443345917732e+01, -4.523295561535706e+01, 8.008454967685974e+01, 3.169473206438803e+03, 6.472259253291440e+02, 6.060533122101668e+02, 8.325667706087389e+02, -5.567786568238428e+02, 1.702565541554861e+01, 1.495393025532421e+02, 1.008634771072088e+00, 1.978865354164286e+01, 6.400162117592404e+01, -4.667842180692283e+01, -2.817609734390186e+03, -5.970645700572270e+02, -5.442306923194412e+02, -6.726738494919915e+02, 4.871439475435992e+02, -1.658067788974616e+00, -8.757860750891929e+01, 2.872244254871871e-01, 1.321947107276103e+01, -5.452052799527407e+01, 2.604871757536054e+01, 6.854755919011737e-01, -4.957095576417979e+01, -5.578928743853220e+02, -5.338405663932107e+02, -1.110717526435731e+02, 2.406494429170383e+02, -1.066740409824520e+00, -3.914101678840886e+01, 2.348426819137205e+01, 1.000056415079241e+01, 2.079276891356829e+01, -4.482128730417494e+00, -1.166220556616368e+00, -2.424203602142398e+02, -8.267368659655264e+02, -5.349881830469879e+03, -4.438501148013668e+03, -1.506849526898341e+03, 2.226736449515533e+03, 1.120329723469461e+01, -1.102032244094455e+03, -3.988388791859220e+02, -2.206194063721420e+02, -1.465630458113008e+02, 2.363601018866457e+02, 3.749500316298666e+00, 5.023351725305509e+01, 1.138555336415834e+02, 1.207732316127219e+03, -9.790686772627841e+02, -1.292663128120499e+03, -3.791697322674305e+02, 2.375732654989395e+02, 8.402157496845728e+00, -4.189157820746114e+01, 1.228218788104993e+02, 7.274325913765331e+01, 7.722421031520265e+01, -9.480869748214801e+01, -3.876082074174232e+00, -9.569870057503076e+01, 3.038133724553982e+00, 5.488417207218998e+01, 1.240938685756892e+03, 5.831495768583834e+00, -4.229120432887513e+02, 4.266804402516569e+02, -3.930141360969814e+01, 1.329885664514057e+01, -1.344444600084018e+02, 1.255701754142927e+02, -5.506488128621908e+01, 6.200558999524763e+01, 1.971936804876572e+01, -1.041973650290373e+00, 9.475129894597383e+01, 2.810811536408305e+01, 1.544922748098498e+01, 6.519578164008260e+01, -2.652731856014991e+02, -1.270097233551807e+03, -1.231736060566016e+03, -5.142507950734879e+02, 5.310176347248030e+02, 1.362631466094571e+00, -3.487942544419901e+01, 1.119147620621413e+02, 6.339856044282715e+01, 1.650672428784946e+01, -5.822376061565833e+01, -7.819807534353849e+00, 3.093985060832427e+01, -2.932667436382501e+01, 5.045260040434616e+00, -1.668462058340273e+01, -5.749779696728173e+01, -3.638017574942967e+03, -3.621703596717637e+02, 7.010204006934204e+01, -8.803628947934726e+02, 4.234969170633136e+02, 2.522134850817176e-01, -2.767303166985013e+00, -8.479076397925735e+01, 1.948821010792800e+01, -9.043124647408747e+01, 2.898651062336853e+01, 4.650968751639225e+00, 1.630527915242049e+01, 1.160654780496179e+01, 6.226238520690920e+00, 1.609113388517416e+00, -1.210210219837009e+01, -1.672064628391927e+01, -1.602630258561581e+03, -1.233140939310163e+03, -7.981813789303354e+02, -4.079978679664286e+02, 6.755821303568600e+02, -3.177357976936192e+00, 1.102348960914878e+01, 3.204399244204809e+01, 2.895613424298588e+01, 1.609798598025149e+01, -1.349872333594644e+01, -2.043589949133701e+00, -5.314815789157564e+00, 3.403984482807255e+00, -6.358232179170080e-01, -1.140818700409781e+00, 4.776641398875024e-01, -1.854635900712333e+00, 9.869519717228738e+01, -4.451548152589295e+03, -8.165663756227240e+02, 1.834022273151063e+03, 1.848738536064283e+03, 6.823436442690351e+02, 9.556177785511315e+00, -1.338621396140570e+02, -5.452296592064602e+01, 3.270562440583859e+02, 1.083775142335986e+02, 1.460890655079717e+01, -6.501832157463123e-01, 5.233812975361695e+01, 5.303138645855559e+01, 7.219535097455669e-02, -1.068898447853488e+01, 2.265736250433075e+00, -1.767474468068812e+00, 2.051957847021979e+00, -7.610228661700427e+01, 1.102272657605143e+04, -1.006900591309156e+04, -1.053985561982154e+03, 1.684180391768333e+03, 4.901430391796581e+02, 3.783706552617367e+01, -6.823568814314941e+02, -5.294825581210600e+02, 1.269123012976477e+02, 2.690386890584064e+01, -5.263696458598848e+01, 1.003352805151628e+01, 1.957394059800436e+01, -1.172664347289749e+01, 2.046880204534004e+00, 2.283837306405797e+01, -7.981023434786909e+00, -3.385683582094421e+00, 2.202994270254883e+01, 4.923131478934823e+00, -1.848554085194443e+02, -6.757814630871705e+03, 2.508084492076303e+03, 1.886091228057610e+03, 4.175755563021142e+03, 2.641260226649572e+02, 6.233254029707778e-01, -4.156676641873708e+02, -9.654173589198814e+01, 8.075142445302944e+01, 3.705722113300404e+01, 1.568888477528555e+02, 6.556551447466632e+00, -5.568410693052888e+01, 1.487358714882092e+01, 2.345238620130729e+01, -5.111291016145804e+01, -2.012156727836891e+01, 2.430748075748741e+00, 2.278881344171782e+00, -1.110191885984212e+01, -3.004380132206443e+00, -1.259407234639713e+02, 3.287897784989673e+02, 5.975212612047507e+03, 4.626413888125093e+03, 1.606093357527276e+03, -2.071567397029474e+03, -8.696825916089098e+00, 4.396081260314822e+01, -5.881471170233274e+01, 9.406996160972518e+01, -8.621868836001725e+01, 1.100570821626431e+01, 1.851776225296841e-01, -1.713153554554479e+01, 1.784325437319767e+01, -2.958141986864427e+01, -1.413519645554397e+01, 3.371669795578080e+00, -7.719943471389092e-01, 7.813618222346843e+00, 1.538838435008924e+00, 2.375107927440636e+01, -3.836504210547862e+00, 9.572462831030116e+01, -5.443278570201771e+03, 2.803657792945353e+03, 1.017601297806094e+03, -2.310403952843883e+03, -7.402158890881711e+02, 1.315354102108972e+01, -2.488456293388066e+02, 1.907030902650195e+02, -3.086107442769435e+01, -1.507317056361954e+02, -2.009774541469524e+01, 4.441136331583793e+00, 2.138109306149730e+01, -4.865356092184572e+00, 6.619699492294158e-01, 1.873363168252759e+01, -1.656553549101036e+00, 2.717360435643871e+00, -7.078205371899956e+00, 2.296468031566141e+01, 6.153293779004903e+00, 1.293872893235767e+01, 6.552291245099386e+00, -2.506961850447519e+01, -1.098225258218040e+03, -7.682373072179249e+02, -4.839359486670010e+02, -4.008966915787062e+02, 4.434800632879642e+02, -1.070900518463989e+01, -5.125211935954133e+01, 5.366842751281926e+01, -3.623437918110330e+00, -1.373332325285336e+01, -1.461647340038565e+01, -3.004431761051060e+00, -4.444434691166117e+00, -1.670968552169381e+01, 7.715810934531899e+00, 5.377781787606589e+00, 5.019339815463698e+00, -1.018818358818579e+00, 6.625466665405229e-02, -1.097811657023773e+00, 2.442478250549414e+00, -3.138532563940697e-01, 2.363094771468592e+00, -3.866338811096390e-01, -4.492518531227996e+01, 1.795790805414197e+03, 1.450478203479423e+03, 1.082914092764851e+03, 1.043721803278284e+03, -6.183806765238171e+02, -1.407430163206483e+01, -2.492056289010306e+02, 1.808088092894734e+02, -5.844530208754789e+01, -6.074329504915726e+01, -1.588184109654151e+01, -1.477118677257621e+00, -1.594573859666814e+00, 2.330152950647926e+01, 3.485032472168048e+00, 1.956495362487074e+01, 2.752511707932084e+00, 7.658917610590075e-01, -4.791352575322765e-01, 3.921256011893235e+00, -2.208910050008737e-01, -6.006489805008556e-02, -4.236280394542585e+00, 6.591942863517625e-01, -1.495892515449660e-01, 3.768400113303018e+01, -1.689599346171177e+02, -3.760757776941452e+03, 1.984700320021902e+03, 1.263959143906567e+03, 6.890733694056539e+02, 3.973810300672195e+01, -7.811599980739402e+02, -2.982972636378425e+02, 2.980053035830452e+02, 1.652273826738958e+02, 2.060213871031767e+01, -1.659648288233159e+01, -1.991589996536741e+01, -7.979069775288943e+01, -3.465006063197527e+01, 1.346262470051100e+02, 3.855816389571211e+01, -2.265979405967846e+01, 1.664566994810129e+01, 1.639941956243745e+01, 2.171300566835603e+01, 2.663866461223602e+00, -1.762961619755475e-01, 1.966659450700009e-01, 3.229586057994634e+00, 4.862165326418163e+00, -3.620969997908451e+02, 4.900410548491302e+03, -1.187071575737641e+03, 4.596261125217023e+02, 8.579149061542541e+02, 3.236776020701814e+02, 1.188139089392967e+01, 3.816657197925143e+02, -1.704253099002545e+02, 9.118340461274006e+01, 2.491508556580116e+01, 9.985794792477918e+01, 5.388728046061000e+00, -8.700931499782618e+00, -7.951228729378988e+01, 4.153290097288835e+00, -1.899999824048261e+01, -5.383528222071295e+01, -4.459785492982065e+00, -1.802687876161532e+00, 2.696093428171728e+00, 2.368637274586948e+00, 3.319190939878295e+00, 4.788555366679081e+00, -9.213066734749494e-02, 1.317056236994089e+00, 6.087248376687767e+00, 7.237998036848908e-01, -1.105129126305678e+02, 1.162527823157548e+03, -1.443882598155785e+03, 2.756361858097376e+02, -2.118599232179411e+02, 3.821979834621432e+02, 9.406384906524226e+00, 1.439138247873018e+02, 2.956601754111056e+01, -2.009896609175804e+02, -1.408910204557038e+02, -1.256237826508577e+02, -2.973281359793910e+00, -5.240113446352323e+01, -2.210340691941932e+00, 6.604808890565350e+00, 1.864907795803017e+01, 2.955070675974790e+01, -1.322791120130204e+00, -1.716817101902568e+00, -3.526228298428463e+00, 1.397747813179028e+00, 6.823139060204801e-01, -1.124065399835061e+00, -1.652953744515550e-01, 1.358343474376449e+00, 4.080061519324341e+00, 1.105129840854409e+00, -8.919307724273232e-02, 6.626545658706500e+01, -5.519497401892752e+02, 1.644988588170817e+03, 5.537052068056058e+02, 4.988183380423806e+02, -6.140449865272456e+02, 3.320728003777528e+01, -6.911180122299542e+01, -1.435067969330511e+02, -1.221772322026040e+01, 7.758869596710957e+01, 6.289717471427085e+01, 1.797945694813065e+00, -4.918623856329452e+01, 5.818297140347389e+01, -1.879741115373842e+01, -2.904884481705597e+01, -1.127220458384436e+01, -1.097772304846906e+00, -1.500496134056139e+00, -3.542135853409687e+00, -1.948475627906678e+00, -1.954918259428703e+00, -5.034469761675389e+00, 3.885958348339565e-02, -4.490059781905293e-01, -8.320435298364107e-01, -1.681989940403758e-01, 5.285107609159218e-01, 3.824035982159311e-02, 1.747363549654315e+01, 3.167457141953561e+02, 1.452988771430836e+02, 1.353221064658833e+02, 1.183418776042666e+02, -7.990093608604639e+01, -8.011158657139843e+00, -2.270864644861178e+01, 4.297806105060121e+01, 1.229083619297434e+01, 2.691787180504470e+00, -1.349660740135390e+01, -1.587676614918051e+00, -4.657203469006327e+00, -7.904890207548873e+00, 1.311742246864033e+01, 4.967174257530318e+00, 8.213672799755422e+00, -5.125152132916021e-01, -2.700606022725576e-01, 7.509362585965157e-01, 6.391791792133185e+00, 7.090536237166490e-01, 3.379712081916780e+00, -3.158295500033176e-01, 1.002081472399348e+00, -9.255192123669774e-02, -1.537263088942412e+00, 7.355859083145344e-01, 1.060209604740763e-01, -1.166144834229144e-02, 2.511365888710864e+01, -1.222421423342074e+02, -1.924871096865114e+02, -1.046432178380909e+02, -6.884642519891658e+01, 1.266798937750024e+02, -1.976695322740672e+01, -4.949134593993975e+01, 4.921185936390238e+01, 8.255380678243142e+00, 7.492447903341152e-01, -6.623822612635997e+00, -3.623902293588635e+00, 5.928916385978953e+00, 8.307230184764363e+00, 1.281908825877450e+01, 4.671684623034254e+00, 9.279145377706582e+00, 6.164870847763955e-02, -5.071708648597244e-01, 7.598502497892210e-01, -2.034556975510376e+00, 3.361176194329255e+00, -4.733602700837605e-01, 1.251599144905846e-01, -2.251680118040100e-01, 1.091920792643099e-01, 6.881342682240422e-01, -3.561457936638374e-01, 5.183011228385234e-02, -5.666843163129615e-04, -2.592011044346245e-02, 8.185644795996950e+01, 5.727060738162838e+02, -1.138620785730898e+03, 1.238438697598572e+03, 7.555886647843865e+02, 5.691580169982741e+02, -8.829291628295621e+01, 6.066215871484385e+02, -3.356085049957852e+01, -2.118821420784230e+02, 1.037581565161124e+02, 7.810827925424830e+01, -2.634308039795339e+01, 1.123198265887378e+02, 6.603068217481159e+01, -9.909739752238899e+00, -3.212353934849576e+01, -1.364347713255154e+00, -1.527116833364820e+00, 8.511741831827424e+00, 5.439371407080771e+00, 2.030478380144355e+00, 1.124884798036907e+01, -5.322611876066879e-01, -5.451717155364963e-01, 8.922254123205032e-01, 1.420578091411819e+00, 1.682591171618544e+00, 3.715027420941244e-01, -1.193830601076029e-01, 3.259634678215506e-01, -3.150222847586304e-01, -3.232558843467576e-01, 3.763898815530808e+01, 3.533767446788526e+03, -5.692291771632001e+01, -5.516900058458555e+02, -9.123968002176055e+01, 3.860926931777870e+01, -1.573235494639030e+01, 2.925642452997374e+02, 2.465077262058029e+01, -1.107744126646401e+02, -1.351898949254694e+02, 7.902775638539165e+00, -9.933535570600698e+00, 4.247814393982677e+01, 6.100017046784645e+00, 3.427465308983978e+01, -6.726614649795660e+01, -4.375374559583643e+01, -1.178810262544114e+00, 7.474790380463496e+00, 6.220708593382234e+00, 7.008992767549844e-01, 1.165343642217751e+00, 5.753931806198849e-01, 1.240422031406454e+00, -9.971696258867353e-02, 5.351360875026147e-01, 2.225969962792622e-01, -4.840962106843676e-02, -4.290909728405747e-02, 2.659025366130071e-01, -3.066807071862047e-01, -4.947751608119961e-01, -1.958123890117341e-01, 3.176109647097300e+01, -2.353308654288106e+03, -5.454909065823447e+02, -3.464975241481578e+02, -1.017238197780308e+03, 1.887717605873827e+02, 1.537390428328548e+01, -1.494754307757900e+02, 2.664968018485180e+02, -1.848192659474985e+02, -1.194841328942335e+02, -1.453098488678010e+02, -3.181947679699018e+00, -1.466527002489939e+01, -4.652982592119875e+01, 5.551578311154867e+01, -1.055289932448231e+01, 1.562141266972904e+01, -1.329616363197864e+00, 8.776466555020944e-01, 4.982526434492905e+00, -1.857482165763532e-02, 1.901172879570722e+00, -1.309496939368946e+00, -7.353129577573786e-01, 2.867672171837560e-01, 2.397708664856540e+00, 1.093592069296629e+00, 5.349633752887640e-01, -1.889567804384981e-01, -1.626759598675463e-01, 1.586961359034147e-01, -2.244921210723686e-01, 2.264597642596664e-01, 1.080857106125308e-01, -4.831091226044190e+01, -6.342581178080446e+02, -4.218163079398603e+02, -2.551840121057838e+02, -1.364452597097340e+02, 2.576680554312165e+02, 3.430161036756970e+01, 5.209353467266703e+02, -1.728426712719920e+02, -2.610435594833187e+01, 6.393398919327875e+01, 2.167464623090506e+01, 1.165678263941724e+00, -5.296643306723270e+00, 3.775019594501366e+01, -2.112677841331093e+01, -3.982127082419556e+01, -2.194070487399719e+01, -2.019680951054365e+00, 4.713499967863521e+00, 1.711772218537094e+00, -2.214369030920728e+00, 2.050075560097659e-01, 9.484411675435430e-01, 1.001359815390944e-01, -9.077772158958562e-02, -2.679000429920676e-01, -5.008708699077558e-01, 3.041078968697306e-01, -3.239067720762787e-01, 4.552119047209017e-02, 6.675604621374849e-02, 1.049729625435457e-01, 2.283324401552271e-01, -1.086013412014545e-01, -4.810892455021981e-02, 1.675926269779367e+00, -1.191148648477213e+02, -1.112093536875920e+02, -6.046587692541349e+01, -2.818365963396388e+01, 5.588011611892695e+01, -3.864498471851438e+00, -2.091308428462341e+01, -1.961472287719250e-01, -9.644957885442937e-01, -2.480143869674930e+00, 9.239790575608992e-01, -1.101666932061080e-01, -1.218902670844124e+00, -7.460989462796387e+00, 4.781032197077159e+00, 6.675857592057329e+00, 6.275239858845393e+00, -6.062003004319650e-01, -2.609642168638436e+00, 2.774866539397876e+00, 3.802923575561085e+00, 1.471367909466303e+00, -6.428379508355535e-01, -3.708230018574867e-01, 1.456218171836248e-02, 1.469053972970386e+00, -8.844495883286959e-01, 1.572528892305857e-01, -4.175414337212380e-01, 1.001272458848433e-01, 3.463189021764322e-03, -5.439601603858683e-01, -2.787637953175398e-01, 5.471691534215192e-02, 2.972351759814791e-02, -2.366166552157820e-02, 5.305181070897803e+00, 9.809628855609283e+01, -9.062274142724403e+00, 4.607361350570147e+01, 5.898869631949415e+01, -3.994961745849310e+00, -6.295674203928301e+00, -2.561470803608636e+01, -7.231492144947643e+00, -1.618169373987518e+00, -3.580573799489149e+00, 5.613108144490667e+00, -6.406080951204042e-01, 3.002600295311229e+00, 1.161720194673524e+01, 1.060443646948202e+00, 1.384625589776238e+00, 3.976216850801873e+00, -3.750673164028327e-01, 1.861864685767924e+00, -9.716536632940974e-01, 2.447864910547246e-01, -1.590931988355232e-01, -1.486236412110601e-02, 1.472922351902344e-01, 8.967420634204970e-02, -1.404539171838105e-01, 1.612188758305939e-01, -1.121560974703258e-01, -9.095347571341131e-04, 1.701127449506590e-01, -1.212137600655142e-02, -9.641404922392295e-02, -3.113968089867260e-02, -9.395050606475006e-02, 7.413261062743468e-03, 3.062443091839814e-04, -1.845963491265151e-02, -1.899913081744931e+02, -5.566034951408001e+02, -1.465580630600032e+03, 1.700336553332956e+03, 1.910548451162314e+03, 8.385270982367296e+02, -3.654169709004208e+00, 8.747777316969117e+02, -4.744597795708704e+02, -1.941005003727937e+02, 2.449283476753025e+02, 1.417390200607696e+02, 1.284458278313751e+01, -1.386933806211749e+02, 1.213288132775152e+01, 4.653104617090832e+01, 1.369334276924422e+01, 3.780145462271609e+00, 7.876722809494441e+00, -8.941342291668352e-01, -6.548103866194128e+00, -9.591042571138830e+00, -5.102388127651726e+00, -6.280021311259884e-02, 1.995364225208300e+00, -2.156964177450235e+00, -1.778257830316741e+00, -2.139262182829468e+00, -1.761765609542048e+00, 7.046674625869136e-01, -7.439911679532877e-01, -1.008585856296747e-01, -7.066992028922228e-01, -3.355875143734188e-01, 9.499195448284975e-03, 3.648523676398360e-01, -1.556315901635055e-01, 1.375685603387222e-02, 1.217744063144505e-01, 1.921831050649255e+02, -3.353763097912978e+03, -1.837282407007148e+02, 8.173081337220366e+01, -4.143185483910258e+02, 4.611425308282756e+02, -9.371199917501144e+00, -1.172282470313701e+02, -2.737344062354372e+01, 2.190648774511962e+02, 1.493897888050418e+00, 3.896995826453650e+01, -1.472711521441697e+01, 8.688721411736303e+00, -1.419353270461580e+00, -5.882086748986482e+01, 4.852744742901223e+01, 6.333160969626634e-01, -5.379723438807510e+00, 7.308051304773584e+00, 5.307822983711709e+00, 7.300683081110342e+00, 5.421044628279916e+00, 1.094941090035508e+00, -1.519702657730473e+00, 8.343969664707906e-01, 2.382563243556726e+00, 1.287915250985418e+00, 1.030736837123048e+00, -8.501892547544002e-01, 1.125643354717584e+00, -1.689899840171555e-01, -1.452506127438269e-01, 3.648195483788704e-01, -1.550404967195196e-01, 7.110989344075562e-02, -2.802313552604235e-02, -2.489273633269903e-02, -1.175614244852221e-01, -1.625115796613318e-01, 1.122918959071952e+01, -1.020604488106626e+03, 1.627510300043848e+01, -4.556123808345179e+02, -6.283412542512989e+02, -1.748859212649096e+02, 4.477147551482026e+00, 2.510862461696680e+02, -1.548719156036254e+01, -2.445515872423863e+02, -7.380968263635162e+01, -6.291507219337725e+01, -9.667108718473332e-01, -5.551087683806828e+01, -5.062552630901198e+01, 5.652675986562092e+01, 2.377361084343967e+00, 7.110519568820903e+00, -7.242542149524150e-01, 1.407914168625141e+00, 3.308106129618580e+00, 1.249564809977544e+00, -1.568286112059477e+00, -9.695449957070140e-01, 2.286959136476871e-01, 4.569768801509040e-01, 2.363578481708759e-01, 2.814792715463044e-01, -1.566833300440591e-01, 1.001110656936274e-01, 4.513639973245958e-02, -1.217999129439346e-01, -2.200214657272693e-01, 9.104315832444181e-03, 3.010408375963814e-02, 1.607861354594421e-01, 1.567655439333381e-01, -2.749291049143281e-02, 1.688453013015711e-01, 3.671489886461268e-03, 1.543054723591991e-02, -1.349054747345163e+01, 4.127078154977571e+02, 2.571768395394695e+02, 1.000758468481043e+02, 4.453352033118955e+00, -6.428832837948859e+01, 2.090807122929952e+01, 2.385162304026117e+02, 2.080183839143535e+01, -5.125936709183825e+01, 1.434801198279209e+01, -3.530389089933861e+00, 2.497673690904592e+00, -5.516975417082353e+01, -1.411215928809653e+01, 3.259096933737722e+01, -1.440310330511064e+01, -1.546501810782696e+00, 2.531897298725161e-01, -1.403478138046880e-01, -1.708857630976526e+00, -8.795106228103901e-01, -1.726268106541590e+00, 4.767063120942480e-01, 1.691939963699674e-01, 8.548340297094041e-02, -4.826520215576130e-01, -3.914327523782126e-01, -2.398250214478310e-01, 7.665601020393063e-02, -1.133100892562976e-01, -6.998666402161696e-02, 1.462818957408825e-01, -7.983337064646528e-02, 4.811387609745252e-03, -2.641137282345699e-02, 5.880581277048735e-02, 1.619986304772344e-02, -1.333122153316510e-01, 2.327931897492651e-01, -6.814327432507723e-03, -1.575883476436982e-02, 1.094669081678840e+01, 1.603814115165428e+01, 1.795453343286657e+01, 1.902365061102529e+01, 3.350917347173448e+01, -1.509291669357366e+01, -6.599566242712929e-01, -9.901813965031689e+00, 1.032356340056762e+01, 1.770337555761116e+00, 1.098351840540713e+00, -5.037018793123111e+00, -5.202147869424681e-01, 8.888355313754118e+00, -1.024181755965191e+01, 2.908572473774794e+00, 6.428899723780961e+00, 3.900429467370847e+00, -4.315891390097022e-01, -2.776734905029229e-01, 3.251499902016797e+00, -2.193730278587787e+00, -1.032178179861087e-01, -1.514983140070758e+00, -1.785527207164516e-01, 2.328152498256697e-01, -2.558473483344559e-01, 1.700623767845942e+00, 5.303603931223481e-02, -2.614570686204414e-01, -3.466952669021486e-02, -2.823703301837422e-02, 1.317366251483836e-01, 2.263497041469582e-01, 1.219434473210445e-01, 1.056895188475832e-01, 5.466575680644297e-02, 4.355615927711556e-02, 1.200307267338034e-01, 9.971048042576147e-02, -2.801448450286048e-01, -4.345074610438281e-02, 1.465332130363686e-02, 5.311547178211581e+00, -2.012601822128131e+02, -6.044704852043461e+01, -2.808505777449239e+01, -3.026919160033846e+01, 3.319077853268758e+01, -1.574838103481601e+00, -3.605560049238531e+01, 8.158767096818430e+00, -3.170661850586586e-01, -4.752187874816566e+00, -2.487453296908549e+00, -2.321217539927828e-01, -3.678318618519374e+00, 1.235198810703503e+00, 1.338940734305729e+00, 9.808330691119079e-01, 1.859249387874364e+00, 7.667760564154294e-02, 5.533261320092074e-01, -4.146859845337337e-01, 5.428885994731463e-01, 1.024275956732216e-01, 4.722092742752140e-01, 6.229858289043894e-02, 8.464682419755357e-02, -4.442986565246971e-02, -2.493400141996605e-01, -5.407440896698436e-02, -1.873261060764265e-02, -2.758788766733417e-02, -1.502702652185453e-02, 5.910198973919050e-02, -4.977652004857123e-02, -4.154603129844435e-03, -3.727132044413362e-02, 2.354536999111841e-02, -1.758884739644832e-04, -1.178403293872007e-01, -6.386574791526084e-02, 3.799439722898215e-02, 1.639968014192657e-02, -7.685287337045656e-03, -4.082454138271652e-03, 5.231439106644991e+01, 4.432022712875356e+03, -1.826540684758551e+03, -6.656409985956099e+02, -6.928439893949044e+02, -3.789814649327538e+02, -2.693732728667417e+01, 2.763160989994557e+02, -1.906168822890836e+02, 2.665309513858984e+01, -1.901529204192156e+02, -1.891455233497651e+02, 1.417546769488653e+01, -3.815137919012729e+00, 7.269493042260679e+01, -7.371238460464025e-01, 1.067806952809286e+00, 4.561150993900391e+01, 2.170014450494200e+00, -9.154663797972631e-01, -6.252837958898011e+00, -1.614371907504501e+00, -3.444936232045977e+00, -6.659082881259250e-01, -2.731740928453931e-01, -2.027916790058726e-01, -2.163987393575858e-01, -8.852696565993873e-01, 1.059263934679924e-02, 4.728376813739832e-01, -7.571481034482577e-01, 1.703354837252622e-01, 5.847077490491812e-02, 1.393611778465112e-01, 3.946095714504748e-02, -1.359967666114942e-01, 2.237475751169713e-01, -8.617568699280052e-02, 1.319947784227635e-01, 3.588493986314566e-03, 1.297690016555676e-01, 4.868727318389203e-02, -2.890023458528785e-01, 4.354474127579487e-02, -1.541529059228185e-02, 3.516675809980597e+01, -1.709976769785942e+03, 5.858958024745132e+01, 3.407679100199339e+02, -3.473197363448591e+02, 2.617153052826240e+02, -1.087533826493356e+01, -4.140031804186312e+02, 1.890221084622513e+02, 1.468739563223513e+02, -1.763567724515592e+01, 3.863120395855245e+01, -1.068499451797786e+01, 3.515532969049092e+01, -1.511782063803991e+01, 4.621911361279366e+01, -1.658440256504018e-01, 2.613240008070793e+01, -3.426602600873820e-01, 2.434506852796870e+00, 9.447467595450291e-01, 4.680682491997907e-01, 1.268692943921266e+00, -1.453783799000489e+00, -1.096438323394563e+00, 2.710323532801266e-01, 7.053911728733920e-01, 2.008850787778843e-01, 2.838326488881261e-01, 2.806463521782196e-01, -3.777232857447648e-02, -7.931812045256016e-02, 2.913770394390311e-02, 8.627898037390808e-02, -9.810339887977030e-03, -5.434551882877048e-02, -5.685982313658797e-01, -2.316830608522781e-02, 1.380111159325558e-02, 4.409191193818645e-02, 1.011850289058907e-01, 5.444706696253485e-02, -8.667175140592290e-02, -5.933107323874433e-02, -3.347213232614059e-02, -3.769848422699630e-02, 3.158600843325492e+01, -9.145055090466968e+02, 7.362929465191131e+02, -1.163686803103573e+02, -6.269218224570258e+02, -5.483347100027768e+02, -4.082883715614764e+01, 8.774437266605788e+02, -2.227849405124621e+02, -1.332367067573591e+02, -1.104357494106626e+02, -7.420230519230806e+01, -1.106667816399529e+01, -1.146579097233538e+02, 3.870208076654647e+01, 2.555291963458194e+01, 3.803905927547175e+01, 9.184656354099491e+00, -3.256320448349226e-01, 8.362141263428269e+00, 1.342501470378587e+00, 1.080592712210177e+00, -2.534258471479966e-01, -3.855249530283772e-01, 3.662770621976019e-01, -4.578362044243618e-01, 3.920624390077537e-02, -1.954067937110574e-01, 2.420158454602516e-02, 1.252440201951698e-01, -1.551627221755173e-02, -8.962611626289695e-02, -1.396122621166150e-01, -7.602690723461242e-02, -1.333349051594771e-01, 5.292833772051066e-02, 9.471378632869538e-02, -1.167785221385459e-01, -1.305595340574712e-01, 1.130240888968905e-02, 5.108892725264729e-02, 9.645666350314876e-02, -2.746157014825648e-02, -3.524546943161154e-02, 1.894691951561294e-02, -2.052901399982869e-01, -7.177641383740732e-02, -1.427213088158935e+02, 9.599602255185789e+02, 3.938250430103135e+02, 6.272076290503197e+02, -2.621553489230973e+02, -1.152270598083514e+02, -1.586740102854079e+01, 1.137193777903490e+02, 2.015021173802822e+01, 1.296766675420629e+02, -6.996358734370534e+01, 3.142899082718139e+01, -4.929363000919646e+00, 3.482802040021305e+01, 5.288359230869941e+01, -5.614713346813568e+01, -2.488142258173712e+00, -1.449108900489027e+01, 9.989655869165898e-01, -1.313060491613962e+00, -9.936836763388892e-01, 3.169978346315909e+00, -2.178034027066705e-01, 5.274922569417364e-01, 4.055212962646530e-01, -3.995109947827115e-01, -5.314254899412767e-01, -2.228615561407592e-01, -9.116450545019859e-02, -6.196840818058706e-02, -7.142798391845256e-03, -2.268752460166543e-02, -7.128346204009656e-02, -5.264150342599841e-02, -6.401221815477850e-03, 9.719600575122619e-02, -7.224497435267453e-02, 1.433008143197871e-02, 2.821456792998391e-02, 6.282953821916111e-02, 2.751933790956501e-02, -7.255246855585093e-02, 9.575652626055087e-03, -1.578923166010155e-03, -7.045566887670732e-02, 7.894197227988392e-02, -3.786337844052069e-02, 1.953318550226610e-02, 6.627762627341837e+00, 2.646615696284809e+02, 2.155567944317925e+02, 1.484102195107700e+02, 1.207229952274245e+02, -1.198419965578401e+02, 6.792496272522449e-01, -2.536757177088823e+00, 2.056504013941131e+01, 1.035913799654288e+00, -1.398332242081580e+00, -9.083500726922271e+00, -9.055439829346498e-01, 9.727383423824179e+00, -9.542231087413745e+00, 2.774941523200630e+00, 2.825776256001476e+00, 7.755231691908067e-01, -5.878580558217363e-01, 1.066622723672249e+00, 1.505914860675797e+00, -9.373840530589815e-01, -4.390050683394861e-01, -7.938049131582215e-01, -6.864068773588922e-02, 7.687627337797601e-02, 1.093813074324477e+00, -4.770518024501841e-01, 1.273707372448073e-01, 2.007049889436121e-01, 2.019099793040815e-01, 9.144157091827629e-03, -9.347580274175294e-01, -4.000726829039971e-01, -1.830833197003020e-01, -7.893021321146465e-02, 2.045643928715099e-01, -1.536264197263893e-01, -4.871428829712097e-01, 2.754089473993742e-01, 2.899903383480806e-01, 1.283965846527535e-02, 6.739810222627772e-02, 1.351354661354557e-02, 6.734271455250854e-02, -3.154817044700064e-01, -1.405857836440031e-01, -6.189166303930942e-02, 5.724454065634436e-03, 2.965867596807525e+00, -3.278238223011653e+02, -8.001161862844940e+01, -6.862960088850178e+01, -9.768066148712330e+01, 5.228385371806129e+01, 3.115167935400445e-01, -2.254264049102713e+01, 2.832071285724042e+01, 4.626870809460089e+00, -5.073619321795741e+00, -1.137281775911972e+01, -2.432393066911079e-01, -3.823302305714027e+00, -1.193517313224457e+00, 1.197558742254550e+00, -1.664521327717214e+00, 9.706964114346244e-01, 8.116621985356351e-02, 6.671790195776859e-01, -5.679331656400786e-01, 8.621204878306177e-01, 9.232423987662261e-02, 3.579570807418610e-02, 1.398577928589438e-01, -4.513933344893845e-02, -5.698636021726131e-02, -2.237383734402910e-01, -4.332677861295457e-02, -1.043151127720478e-02, -8.610130658613627e-02, -6.856789958664880e-03, 1.414565284176628e-01, 1.075675735591095e-01, 4.357672983445435e-02, 8.419564989492463e-03, -7.599843261092040e-02, 4.640985019791137e-02, 6.089654514555165e-02, 3.873661491139944e-02, -8.017534037683434e-03, -3.646963581480153e-02, -1.161069880189607e-02, 1.732232384734464e-02, -4.646479718097943e-02, -7.134274475706230e-02, -3.376375472041050e-02, 8.506481906658843e-03, 4.169489969371790e-03, -1.155822464116106e-03, 4.309634685373304e+02, -2.933456577672330e+02, 1.233230557341531e+03, -4.623520020366794e+02, -5.744846039251523e+02, -1.369080345353639e+02, -2.656504893104589e+02, -1.895093668701697e+02, 6.800192040643429e+02, -3.208517873069709e+02, -2.351406284151887e+02, -2.454268926783681e+02, -8.341574982269346e+01, 5.562721876287168e+00, 2.502287971321054e+01, 1.207361642457345e+02, 1.155885566618488e+02, 2.234116641332307e+01, 3.901737313292592e+00, 6.147593246341205e+00, 1.356122561627008e+01, 1.148044645231035e+01, 9.212647773819983e+00, -4.901667132383265e+00, -2.213346638248166e-01, -5.976471076074246e-02, -4.702377991694027e-01, -4.936037248712082e-03, -2.263111073857023e-01, -6.318692818398296e-02, -8.981447410549352e-02, -1.356917139046407e-01, -3.197046300456254e-02, -2.047340181335005e-01, -1.130270962569736e-01, 2.950258337850971e-02, -4.204444628458979e-01, -3.580526252841603e-02, 8.825369276499827e-02, 8.285169361680540e-02, -7.309015907476912e-03, -1.737362138504188e-02, -4.532090248138631e-01, 1.177891489175319e-01, -1.565243531776938e-01, -1.710772979459494e-01, -1.189012805119644e-01, 7.010102255610691e-02, -2.993442277358149e-01, 4.065933687801336e-02, -5.336426927016183e-03, -2.730958208649470e+02, 3.004760835739926e+03, 1.916197840892425e+03, 1.286870691343451e+03, 1.063208968225420e+03, -1.150192934866793e+03, 2.858067786111040e+01, -4.187577268178010e+02, 2.244473773264146e+02, -6.656400463538634e+01, -2.015693691033164e+02, -7.314225003652200e+01, 1.350242602591820e+01, -1.994248383320500e+01, 1.476043281542275e+01, 8.327577540469528e+00, 2.904807150675724e+00, 8.433427000482512e+00, 5.024888267149772e+00, -3.639660348551695e+00, -5.487965499000924e+00, -5.023686304159245e+00, -3.312095027143043e+00, 5.829756558290826e-01, 8.087449386015461e-01, -4.263081538146425e-01, -1.393511225927364e+00, -7.497809549066539e-01, -4.957532433719822e-01, 3.053969456262190e-01, 4.322763416603569e-02, 4.461396847857559e-02, 4.437188806879043e-01, 1.805569202682465e-02, 8.004741283549607e-02, -5.313442716939140e-02, 9.732914923829448e-01, 3.435626940555611e-02, -4.097710118995725e-02, -3.102042711417960e-02, 3.095925523561248e-02, -1.919964989166630e-02, -7.012655457521694e-02, 9.786682720646135e-02, -8.555118184509834e-02, 6.745478939374337e-02, 1.138841972121888e-01, -1.774754262268943e-01, 5.360073974830680e-01, -2.177530049777805e-02, -9.123721093677773e-03, -1.121589859060272e-02, -1.505561951119937e+02, -8.647965114346965e+02, 7.387593369127823e+02, 7.176084951125312e+02, -9.057576713434240e+02, -7.047093996268928e+02, -3.336746196335991e+01, 6.900263423459479e+02, -6.104912834708317e+01, -6.146456403418059e+01, -1.609349540724913e+02, -2.794697289492856e+01, -1.350422700644805e+01, -5.609804393526648e+01, 3.066279080181669e+01, -5.891174350785260e+01, 5.222208298224263e+01, -3.280802035888234e+01, 7.816034463136862e-01, 1.241824916612391e+00, 2.678838947670488e-01, 5.415661607006352e+00, -4.369051450949867e-01, -6.712128469075557e-01, -2.356347897037501e-01, 8.288839763693534e-02, -1.321808163723180e-01, -6.608020162368852e-02, 1.935631430044316e-01, -5.322345349244292e-02, -2.234753258409636e-01, -5.492703212280518e-02, 2.709528028720359e-01, 2.305826334867838e-01, 1.546224534650716e-02, -1.043276087016706e-01, 1.086575840794494e-01, -2.559378519160540e-02, 1.393391393828703e-01, -9.665366147922000e-02, -1.010692488786324e-02, 4.291616853598518e-02, -1.723069300068754e-01, -6.195216469060529e-02, -6.905464519923800e-02, 5.161558492893272e-02, -8.897789165420038e-03, -1.169083146928560e-01, -8.912893356648979e-02, 6.644579112894958e-02, -5.895703959547196e-02, -2.550852302671733e-01, 2.062830827806603e-02, -2.919636244524364e+02, 2.168871470845112e+03, -8.830690899069963e+02, 7.037164289145959e+02, -8.474502874202597e+02, 1.141070602059916e+02, 4.545684848395759e+01, 7.930362147813906e+01, -3.267088800568750e+01, 2.889855617255478e+02, -2.605935492541934e+02, -2.580072956914146e+01, -2.277462567443185e+00, -6.510885673869619e+01, -7.177402739136855e+01, 1.853146899012103e+01, 6.303936616419898e+01, 7.828593642960010e+00, 1.212661091153165e+00, 2.432119217071833e+00, 3.190609678055722e+00, -9.698743697355686e-01, -3.583103686074399e+00, 4.394363282944328e-01, -5.132663780613088e-01, 1.594828624935564e-01, 3.174766641844095e-01, -1.914352424315063e-01, 2.299098668115233e-01, 1.362572053520429e-01, -3.533022797983527e-01, 1.670149499578382e-01, -4.660387730986266e-02, 1.763399251476030e-01, 3.966134761377808e-02, -9.598334091980965e-02, 3.401501957563441e-01, -6.041006748989793e-02, -1.013825269978234e-01, -7.872385882279004e-02, -5.011194842604674e-02, 4.871397434201738e-02, -2.731369199788997e-01, 5.718483186845161e-02, 3.020177760579544e-02, 1.176959280440843e-01, 8.814240047310369e-02, 2.302572267351772e-02, 3.579593561850863e-02, 2.321039330350404e-02, 1.558357570115156e-01, 8.076648790837156e-02, -4.584449378229361e-02, 2.296753630341057e-02, -1.253565191609574e+01, 4.970476351449017e+02, 2.599117166224668e+02, 1.953423792625813e+02, 1.681829579812972e+02, -1.495148164684499e+02, -4.578261665352408e-01, 3.207147559962100e+00, 1.036859765352156e+01, -6.718771937681203e+00, -6.707369948068438e+00, -3.256843051062687e+00, -6.575171857378324e-01, 2.529262551535543e-02, -7.451654020297773e+00, 3.729172279260604e+00, 3.486422759764332e+00, -1.410636760079699e+00, -4.958113230274560e-01, 1.038097617137617e-01, 6.285231621562549e-01, -1.805948339169788e+00, 4.041864095607640e-01, -2.431445356533248e+00, -4.379539236577132e-01, 1.820388549864345e-01, 1.095920993194764e+00, 1.017268016508970e+00, 2.266706687651548e-01, 1.185111158326663e-01, 1.697516694552549e-01, 7.622199047166033e-03, 5.462266411024385e-02, 2.579202398394094e-02, -1.501038815074298e-02, -1.424160371620376e-01, 1.905508770698660e-01, -5.227220414795328e-02, -3.604736328479025e-01, -2.500139111241931e-01, -2.154750928568737e-01, -7.264935471736924e-04, -5.545719051820567e-03, 1.861569801708291e-02, -4.789238922783713e-01, -5.702884783641917e-01, 2.226791887431189e-01, -1.079432072129781e-01, -1.028575197262984e-01, 4.272941408669327e-02, -1.760602271353998e-02, 2.096794397772979e-01, 1.738802421157165e-02, -3.249278664746721e-01, 3.988137234148508e-03, -2.171948147727311e+01, -1.331790610390094e+02, -1.146697098179219e+02, -7.404486899553781e+01, -9.689896760372106e+01, 6.705755632874880e+01, -7.886159192845380e-01, 1.313492270141176e+01, 1.906803458471010e+01, -6.085683720828174e+00, -1.042445512462523e+01, -6.526517576125825e+00, -1.117610712153343e-01, -4.549969796707997e+00, 2.226787128760958e+00, -1.421487270694316e+00, -5.518615097140699e-01, -3.779984941114999e+00, 4.090843801624929e-01, -1.002454529730086e+00, 1.745423774908187e-01, 9.260483041764704e-01, 6.938306197192482e-01, 1.432457575364793e+00, -8.658108917320813e-02, 6.946883227318795e-02, -4.913324766719050e-01, 6.283682347867520e-02, -1.244527163674551e-02, -6.774679346618800e-02, -1.138209610527544e-01, -1.848938510044174e-02, 1.708011906781499e-01, 6.827101373835863e-02, 8.095743216793781e-02, 1.463291537366426e-02, -6.976666532971705e-02, 4.526452947681676e-02, 1.353855335733092e-01, 1.087516695024089e-01, 1.100753959413728e-01, -1.422380648055019e-02, -2.223428342481207e-03, -4.592443827735362e-02, 8.272901794394373e-02, 1.224634481538563e-01, -1.493257180294505e-01, 2.664911893866576e-02, 4.790804838260580e-02, -3.545214016064901e-03, -7.360574082167978e-02, -5.037743113585625e-02, -1.680541880918501e-01, 1.478853398008871e-01, 2.895759491440236e-02, -4.599372322100097e-02, -7.743816844576132e+01, 4.133174679051418e+03, -7.570021157061969e+02, 1.717615644752813e+03, 1.179060676153490e+03, 1.503450694335705e+02, 1.044962376924290e+02, -4.860560581892993e+02, -3.517545453443733e+02, 4.121809640518248e+02, 9.146285943650642e+01, 2.214820181343529e+02, 2.820635042649316e+01, 1.142703958068209e+02, 1.690301499701568e+01, -8.419646002757212e+01, -1.117689660793910e+02, -4.840698929973878e+01, 1.108712260800614e+00, -5.739640358491070e+00, -7.334145955356943e+00, -2.678488413842484e+00, -8.939068985926952e-01, 4.590462159645522e+00, 6.962420489561376e-01, -3.462751296782270e-01, -6.192490532474265e-01, -8.779797510366282e-01, -8.680555884117088e-01, -2.805847476628061e-01, 6.595172890029334e-01, -1.321470338575140e-01, 1.925263228080072e-02, -2.179760866040186e-01, -5.619606687167131e-02, 2.805245986389687e-01, -5.744242047197505e-01, 1.931100902521105e-01, 2.106401407591392e-02, -6.401147668663991e-02, 7.575716112902896e-02, -1.544055989669205e-01, 3.419047686928146e-01, 1.188266733788987e-01, -2.402540849260783e-01, -2.231773874089953e-02, -1.045174967631472e-01, -6.333756950246133e-02, -3.685097537127684e-01, 1.756207404058460e-01, 2.478383121444377e-01, 3.463915497590174e-01, -9.097630582740303e-02, -7.708485621966220e-02, 5.472526333247815e-01, -3.801661191676061e-01, -5.913246964350057e-02, -2.036662107078557e+02, -5.766010198696332e+03, -3.868236135582027e+03, -2.484928587970654e+03, 7.190918337716066e+02, 8.357162946310317e+02, 2.192167730556289e+02, -1.814420606566198e+03, 1.081107276332358e+01, 4.182695013248119e+02, 2.506382345304366e+02, -1.805016073222340e+02, 4.732462925812553e+01, 1.331902071813775e+02, -1.691130854367818e+02, -6.652654961137142e+01, -4.724149095899103e+01, 1.364577025775073e+01, -2.050479233669248e+00, -8.569390015369986e+00, 9.282039422843833e-01, -5.361371632388277e+00, -6.095545951533262e+00, 3.739576485639261e+00, -6.171014565999009e-01, 9.002153658344991e-01, 9.122270971979224e-02, 4.946365590874982e-01, 2.285723871839773e-01, -4.286652124020445e-01, 9.854967578644733e-01, -2.250599629615302e-02, 7.552702041080607e-02, 2.298295213172382e-01, 4.027565517301609e-02, -2.438104052088438e-02, 1.701291443562784e-01, 1.009250925183015e-01, -2.884896344123929e-01, 2.014334645511785e-01, -9.739435120725905e-02, 1.806913624932442e-03, 1.597502054229250e-01, 1.763379090998683e-01, 1.564380169131276e-01, -1.188183239496832e-01, -2.671020508052341e-02, -6.229239898467178e-02, 2.230563883942799e-01, 1.630133939713245e-01, -2.851979381508238e-02, -3.786049573577439e-02, -5.994424204915540e-02, -1.926528936655801e-01, 1.275508358106099e-01, 7.892153095575177e-02, -7.025583803706766e-02, 6.354346247415929e-02, -3.716971281928351e+02, 2.024204571933010e+03, 9.303538621657200e+02, 1.143030299382282e+02, -1.273654477030695e+03, -1.152718046837131e+03, 3.563512378165037e+01, 3.313512799098935e+02, 4.394654835269815e+02, -4.067693536124644e+02, -2.242674209062354e+02, -1.881305605422312e+02, 2.497489464668252e+00, -1.223156695256901e-01, -1.379685528168959e+02, 5.379634664312366e+01, 5.038723134265822e+00, -1.957566179107310e+01, 4.444727530397998e+00, -4.899307036689662e-01, 7.498600224222628e-01, -4.912950544429983e+00, -1.914239284926065e+00, 1.449956883298080e+00, 6.809241448037266e-02, -6.839374934228994e-01, -4.137299472665728e-01, -5.430767727001395e-01, -5.368802897782802e-01, 3.689697869172197e-01, 3.928869508252744e-01, -5.983568508975916e-02, -1.313552535933439e-01, -3.329879627569984e-01, 1.203750947271414e-01, 3.965284120804593e-02, 1.899836056281261e-01, -4.012877910551589e-02, -1.360237894938097e-01, 8.614216993027642e-02, -8.757545092108984e-02, 2.360494584436075e-02, 2.777604977396251e-01, -3.199724241523451e-03, -8.412744666618859e-02, -1.096057772935327e-01, -2.092155988923773e-01, -2.080397226067802e-03, -1.337645119455126e-03, 4.704761328869632e-02, -1.988362744690129e-01, 2.916984114176449e-01, -5.516304973261148e-02, 1.754895096208065e-02, 2.747504597707320e-01, -2.219571401152605e-01, 2.110785640835877e-01, 1.263914994570776e-01, -6.185345932294389e-03, -3.536231287760733e+02, 1.837428368415384e+03, -2.748992977961985e+02, 1.009158327831329e+03, 1.635458078313518e+01, -2.711763803168931e+02, 1.255477386436012e+02, -9.908537188310666e+01, -1.120787860590807e+02, 1.357095119914556e+02, -1.580324583617681e+02, 6.472899743386687e+01, 2.398691111740066e+01, 5.381150524863631e+01, 4.911256056105266e+01, -9.123574263828344e+01, -8.770896187741924e+00, 1.796490235629732e+01, 4.740779628335897e+00, -9.408994416866486e+00, -1.222613536302114e+01, -6.281419597366393e+00, -3.699928748589712e+00, 1.069943642409562e+00, -1.182367836459271e+00, 1.109602317907955e-01, 4.104026443568121e-02, -3.792191673223084e-01, -3.806866194680640e-01, 3.182106221265213e-01, 1.681091310309450e-01, 1.985792863244246e-02, 3.697363582885347e-02, 1.805590562918206e-01, 4.743035357635746e-02, -8.377619679209562e-02, 5.438886230268141e-02, -4.415873510399267e-02, -1.950803329581516e-01, -6.837455820311669e-02, -6.777260338155222e-03, 8.917351248478878e-02, -1.985114224715264e-03, 7.820578834694301e-03, -2.052541890691745e-02, -3.005773271521129e-01, -1.343935425666955e-01, 1.832560820331577e-02, -1.148654834457400e-01, 1.227531864736020e-02, 2.557750728538813e-01, 1.608916355843817e-01, -4.902836336139248e-04, 1.414729864116079e-01, 1.599720927422170e-01, -1.652008401032979e-01, 1.962278294008581e-01, 1.994271204050220e-01, -2.579036883841420e-02, -1.297886221557439e-02, -7.091530812322136e+00, 9.487161072923546e+01, -9.087029114879304e+01, -7.806541212655928e+01, -1.536345026537929e+01, 4.816235560964811e+01, -4.372457293524914e+00, 6.500946950260251e-01, 1.184205654690955e+01, -8.647506554018488e+00, -6.849186615367259e+00, 1.124857351495021e+00, -1.528696835235649e+00, 4.141491633206717e+00, -1.196037744067891e+00, 8.695976718908060e+00, 1.178719659407743e+01, 4.795423681627598e-02, -2.255913657355910e-01, -1.208072519952788e+00, -8.385341014846663e-01, -1.169860678436306e+00, 9.986781369549279e-01, -1.458386793776939e+00, -1.058788460444472e-01, 3.353050126004914e-01, 4.600101416159088e-01, -2.313847802526320e-01, 7.035122858317458e-02, 2.608527242093391e-01, 1.082972756151951e-02, -3.194222932595101e-02, -6.278685091058558e-01, -4.608515643619895e-01, -7.378087076926590e-02, -9.094940670641671e-02, -4.857967108691803e-02, -6.565971639963254e-02, -1.111452781106998e-01, 4.224163779243118e-01, 2.561572901850404e-01, -4.177967894951821e-02, 2.425011655487821e-02, -8.258213550175485e-03, -2.727426555049005e-01, -3.410946965437039e-01, -1.466300520125292e-02, 5.061556039034575e-02, 2.979613486959277e-01, -1.420686301404148e-01, -9.903911343134330e-01, 8.058533721318509e-01, -2.570470881474416e-01, -2.838554347263540e-02, 2.056253278797649e-01, -1.319233565731962e-01, -1.007563798158386e-01, 7.868032077841086e-01, -4.860633955102465e-01, -2.558237795768997e-01, -3.955858512818791e-02, -4.198222338709006e+01, 1.207218680800029e+03, 4.688675694682473e+02, 3.734744836317715e+02, 3.552589591601811e+02, -2.676635897297871e+02, -1.834119771099814e+01, -1.698302348950792e+01, 1.974778234122924e+01, -1.646253576200505e+01, -2.338474770797401e+01, 1.105843743327732e+01, -3.828365605055568e+00, -1.303113162045723e+01, 1.559011470494009e+01, 8.570758329447001e+00, 5.593381718381932e+00, 7.389563027689117e+00, 1.334405577474199e+00, 1.311366179498612e+00, -1.483742577999108e+00, 2.339332428019845e-01, -4.329534694239501e-01, -8.679520843104876e-01, 3.900371743186042e-01, -4.831317883678491e-01, 2.093227006310248e-02, -3.311085151067767e-01, -1.942428752145800e-01, 9.776930035029174e-03, 1.218379643807769e-02, 1.574924308545084e-02, -3.498889184382997e-02, 6.671836277912135e-02, -6.204290953498429e-02, 7.898726500585521e-02, 7.491049088371599e-02, 2.349523947304604e-02, -2.755083622874038e-01, -1.943908895819091e-01, -9.248620323872436e-02, 2.333261481743815e-02, -9.313976872390119e-02, 7.077976195945462e-02, 4.385466035568129e-02, -1.976301842820082e-02, -1.464368006739230e-01, -7.311719286018727e-02, -1.440672100624635e-01, 1.231590148474256e-01, 3.995911986795062e-01, 2.262658047501269e-01, 1.090242481257691e-01, 9.020934916193081e-02, -3.102070126594467e-01, 1.491736091660655e-01, 4.511863565025102e-02, -6.075359535089241e-02, 4.208706162996790e-01, -9.513263162072530e-03, 2.543992248050951e-03, 3.736599954027046e-02, 4.448060288844412e+02, 7.578756437426650e+03, 6.802576926581268e+02, -7.549922318135574e+03, 7.744505153621250e+01, -1.181981087475884e+03, -2.049294564479760e+02, -3.337689218001849e+03, 1.555519159317226e+03, -7.635413806353957e+02, 6.911662634463886e+02, -6.984608147732175e+02, 6.989574112436522e+01, 2.078873540114363e+02, -2.521538930575587e+02, -5.379195559544680e+01, -4.788841386442297e+01, -6.451787670818482e+01, -6.295703753414783e+00, -1.147980576159228e+01, 1.128285695953687e+01, -7.600703025390439e+00, -2.958752983594292e+00, 5.075853500471655e+00, 2.393141993353575e-01, -5.456669377350151e-02, -2.501095837323297e+00, 4.789614432759820e-01, -3.559455697885275e-01, -5.572743709131739e-01, -1.268961413182820e+00, -2.556697683396970e-03, 6.158740040541932e-01, 1.772560015360600e-01, 3.236996116050579e-01, -1.083782762555258e-01, -1.201007452378292e+00, 1.214210372066901e-01, -1.064122414162501e-02, 1.712612813475335e-01, 2.105619907600258e-01, -1.434427039379479e-01, -1.465349920608939e-01, -2.390220580927554e-01, -3.880508685621654e-02, 2.137491172428104e-01, -4.059087907556839e-01, 7.798086960435845e-02, -1.471909280762997e+00, 1.309210466049312e-01, 2.857770531965573e-01, 2.497920761769933e-01, 5.802454071340111e-01, 2.260173726445903e-01, -7.083624850887157e-01, 7.885023655178000e-02, 5.759579861495268e-01, 2.187317142410622e-02, 3.622399185093231e-02, -2.089747201469292e-01, -1.141522727851912e+00, 7.103898488025010e-01, 2.408967343572683e-01, -3.756019882156838e+02, 1.243351764785085e+04, 5.774327252617471e+03, 3.540913837452347e+01, 1.026299441912076e+04, -2.995661335784569e+03, -6.891984643423027e+01, -2.623427439196335e+03, 5.854263831473801e+02, -5.415643248950618e+02, 5.791167148968425e+02, 2.422469937347892e+00, -2.367220750292273e+01, 2.004923618342352e+02, -4.928909432175671e+01, 4.260533169308140e+01, -1.739563139038999e+02, -1.599101713391863e+02, 5.137679024156191e+00, -5.413623028785038e+00, 3.788466792762275e+00, -4.836808727397897e-01, 1.000897776238292e+01, 7.640273328899397e+00, -9.560724422656345e-01, -1.577946241173709e+00, -1.643225118479936e+00, -7.269398176494622e-01, -1.040253467423461e+00, -5.839329498103959e-01, -6.145750185449121e-01, -4.431095699779180e-02, 1.882171310576114e-01, 1.846785428930243e-01, 8.435053878273382e-02, 3.832859736097187e-01, -3.199675949150124e+00, 3.335760909768487e-01, 3.707967640565054e-01, 4.660553613984382e-01, -7.853655760862990e-02, -3.122198306483777e-01, -3.468606358223022e-01, -1.332870654803081e-03, -3.526162803320206e-01, -5.965057365244243e-01, -2.771258890943605e-01, 2.861737221549480e-01, -1.818284802349024e+00, -2.487601140643641e-01, 6.214360446490444e-02, -4.313450538339517e-01, 5.048110002740155e-02, -1.972001650231968e-01, -1.391359578662587e+00, 4.508097030201486e-01, -8.302765437204742e-01, 7.728327307306381e-01, 2.666506101220494e-01, -5.997337087145285e-01, -1.444697603604076e+00, 3.844451895889210e-01, 1.339119257552380e+00, 4.915511859232810e-01, -3.160640236758108e+01, -1.830473243081241e+04, 4.657171225980514e+03, 1.225393688284139e+03, 6.662890164346678e+02, -2.402136867738227e+03, -8.282067708430444e+01, 4.088946926788417e+01, 1.795073863412381e+02, -7.725956848705035e+02, 4.738501503806942e+02, -2.103929786852482e+02, -8.203565444242169e+01, 1.892228948275361e+02, 1.164565092873030e+02, 1.219193040193093e+02, -1.011981227161527e+02, 2.356965063322088e+01, -8.033900156890654e+00, 8.132434626452117e+00, 2.398985760325685e+01, 1.856610679874285e+01, 1.456716894940716e+01, -1.511419531555424e+00, 1.419019794287236e+00, 1.538909836612486e+00, 1.198151536332013e+00, 1.964686193665796e+00, 8.351308375375335e-01, -1.194361761693142e+00, -4.424614258798261e-01, 1.777252191655582e-01, 1.457330552764950e-01, 2.220283669919646e-01, 3.109781203677646e-01, 5.632606279109978e-02, 1.212065693290481e+00, -7.190604159563668e-02, 1.862345964717363e-01, 7.439318231010660e-02, -2.210970857173035e-01, -1.767227504459528e-01, 4.593681798872936e-02, 1.467971280601090e-01, 6.033400847340167e-01, 1.568534066989518e-02, 5.519774312631728e-03, 1.871210869386224e-02, 1.224689650164747e-01, 1.764280240378709e-01, -4.945580320529148e-02, 1.444314136662658e-01, 4.278581254780289e-01, -7.040521687302749e-02, 1.387934098196083e-01, 3.005490423550116e-01, 6.764184439723981e-01, 5.846476219122488e-02, 2.615775364743010e-01, 8.125336935427405e-02, 7.623420725973661e-01, -7.324744870779150e-01, 1.709070952834131e-01, 4.162889572359652e-01, 1.295672027593197e-01, -2.607800348004179e+02, -6.028245715315444e+03, 4.812533600609599e+03, 1.822080035614569e+03, 8.599514213177836e+02, -1.881021617488666e+03, -9.052214376263260e+01, 1.235790008657905e+03, -6.368074970579572e+02, 8.138969904109901e+01, 2.014375530858208e+02, 2.305329115568094e+02, -2.249634320388796e+01, -2.896035407854486e+01, 2.058613357866497e+01, 1.151658408059576e+02, -8.187920214440302e+01, -5.234421169091978e+01, -8.041162245824576e-01, 4.244816433149095e+00, 3.844765863402685e+00, 1.533337195790131e+00, 7.985167218012887e+00, 1.426594927659187e+00, -1.036692085378504e+00, 1.534731194287712e-02, 1.301936350827476e-01, 4.404887734857764e-01, -3.049147492480273e-01, -4.522221326938491e-01, -4.795979425896816e-01, -2.139674012436405e-02, 1.503229182869717e-01, -2.592803309645739e-01, -3.822194343622706e-02, 7.511183880933740e-02, -5.434133651615513e-01, -4.089852166207174e-02, -5.926813054793256e-02, -2.008122067541282e-02, 3.955624794367476e-02, 1.281436042922570e-01, -1.195291349260698e+00, 4.523086890638683e-02, 6.402141507532522e-02, 4.067423343638647e-01, 4.395886580121262e-01, -1.647457557708509e-01, -1.163660656634898e-01, 1.456181855527134e-02, -3.524598478400189e-01, 1.028440997551173e-02, -1.651999734003363e-01, 9.185062002285561e-02, -1.330867154652032e+00, -2.389532948287221e-02, -2.428867486875419e-02, -7.922652654122080e-03, 6.560214154696783e-02, 1.042545900678800e-01, 6.346606712054015e-02, -2.127174517266782e-01, -1.166350507021670e+00, -2.939902508609641e+00, -1.483623561440321e+00, 2.641148355057943e-01, -7.913790145864122e-01, -6.860529767300503e+02, -6.343639305565628e+02, -4.973317125717318e+02, -3.474934695084636e+02, 3.393111536551583e+02, -1.356400295849012e+01, 3.903714001410997e+01, 4.366453902910207e+01, 1.451317367932407e+01, 2.787575236533493e+00, -1.989753638246736e+01, -3.006785594342796e+00, 1.743031894673598e+01, -2.157753730097598e+01, 2.313584533548223e+00, 6.390270711834007e+00, 6.225442421906607e-01, -1.308449046666357e+00, -1.911083509458800e+00, 2.689897596040798e+00, 1.075200908984395e+00, -9.186191890454299e-01, -1.544312260050330e+00, -1.974297410649987e-01, -4.001939977116490e-02, -2.789948818250458e-01, 1.462176639367929e+00, 2.955714556693188e-01, 6.516920605759061e-02, -2.082594412774842e-02, 6.143564229692092e-02, 1.743731823335789e-01, 1.350578968988143e-01, 4.543057239049157e-02, -2.456356845452663e-02, -1.069377608309083e-01, 6.650915027436638e-02, 3.364028666864417e-01, -4.031924620602660e-02, -4.535614245560029e-02, -1.337118350406082e-01, -1.169848850642249e-01, -7.753005752862061e-02, -7.044800864294418e-02, -2.353532246684429e-01, 2.975396060690738e-01, -1.820478421265882e-01, 2.749322445201642e-01, 1.724943376680290e-02, -8.546071297814851e-01, -1.186989375501021e-01, -7.540897944598604e-01, 1.790994226914991e-01, -1.243363374164941e-01, -1.811837855763283e-01, -1.641711874526140e-01, -7.614903826824362e-01, 1.858128163718965e-01, 8.383005949311603e-01, 2.166292180751507e-01, 1.548288709425323e-01, 5.646370213723040e-01, -1.557429141093158e+00, -1.018881292549457e+00, -7.136187393949405e-01, 2.530404765870119e-01, 1.375178039407862e+00, -2.139124711689659e+02, -6.816815947619731e+02, -4.940685085041698e+02, -3.309305360218902e+02, 3.380368910854178e+02, -4.855176033385253e+01, 7.161408330394224e+01, 1.282381374803639e+02, 4.914146171608061e+01, -7.198883992497862e+00, -4.826385094346065e+01, -7.353867406692593e+00, 4.298765130341253e+01, 1.361303993600985e+01, -1.228952822282273e+01, -1.567233694791152e+01, -1.034854471033091e+01, -2.741276517669190e-01, 3.163884177827009e+00, 3.730010057563133e+00, 5.208275488783260e+00, 4.361313124965729e+00, 3.616631136819853e+00, 4.969040133020900e-01, 1.538518765513007e-01, 2.155466539298849e-01, -9.977350581768820e-01, 1.339461120582061e-01, -2.318808931528577e-01, -2.563870670866889e-01, 2.813847002038529e-03, 9.708345106753315e-02, 1.284819641121483e-01, 1.304132270096630e-01, -7.293870824201622e-02, 2.078882109304621e-01, -7.582997114152136e-03, -3.099115976530235e-01, 1.980676545717022e-01, 8.150673353722894e-02, 7.631601685016641e-02, 4.126809397537244e-01, -2.112906453575160e-02, -3.437139083567581e-02, -1.185120182362129e-01, -3.999510051908910e-01, 1.777811336740528e-01, -3.079759848633572e-01, -3.532071019089776e-02, 5.558164331555282e-01, 3.799352064200612e-01, 6.577449764476644e-01, -2.243029555403239e-01, 3.779985140677115e-01, 1.621001073721957e-01, 5.299784060302757e-01, 9.991170739847769e-01, 1.017755285943414e-01, -6.595151325655280e-01, -4.239638140249234e-01, -9.017547419043147e-02, -9.461020015575057e-01, 1.111416255895082e+00, 1.740975001469188e+00, -5.799596215730302e-01, -6.188754550832749e-01, 1.034137403630156e+00, -5.783756369838172e+03, -7.694160267723566e+03, 2.440715374213547e+04, 7.411761590656339e+02, -5.138508085312652e+03, -8.214662298414432e+03, -4.810480462923543e+02, 1.235069479231163e+04, 2.888693437936212e+03, -4.656740318752165e+03, -3.283358685754612e+03, -2.054878258689359e+03, -1.845902581091122e+02, -6.323468667725126e+01, 9.659331810483715e+02, 4.264903181426388e+02, 2.407457071175990e+02, 4.704658028330378e+02, 3.669811341980703e+01, 2.427431875117033e+01, -2.080760773209386e+01, -1.068884269632246e+01, 5.533086610010559e+00, -2.807558653190155e+01, 1.808955760833847e+00, -3.781599553151219e+00, 4.390248240939579e-01, -1.124677277217385e+00, -2.831891230307653e+00, 2.653925644216176e+00, -7.537536562739188e-01, 8.442224951102261e-01, 6.510747962608096e-01, 4.690450715376430e-01, 1.000828757533848e+00, -4.687946225939058e-01, 3.814903267725757e+00, 1.378962206541870e-01, 5.815083251621866e-01, 6.592118608287935e-01, 2.927829809692815e-01, -4.770621870059871e-01, 7.407821233394714e-01, -1.761588997598266e-01, -2.732070557940626e-01, -3.638168461241164e-01, 2.828189816333553e-01, -6.159646668671170e-01, 5.883701250936451e+00, -6.749098179445295e-01, -7.681383062113263e-01, -2.484408577512877e-01, -1.041426812258972e+00, 5.552590219438169e-01, -1.218618963640691e+00, 5.082312862430558e-01, 7.979726280153074e-01, 3.241441877536858e-02, 1.306347156777064e-01, -1.537234705369015e+00, 3.684911761702431e+00, 1.415955538869684e+00, 5.838090023025491e-01, 9.247063144316017e-01, -6.268441407216205e-01, -1.558562256877902e+00, 3.207400208188149e-02, 8.076531012577064e-01, 5.106514476578766e+00, -2.004318447388696e+03, 2.071743556821939e+03, -2.077396146531499e+04, -1.547100604142677e+04, -1.375808048988512e+04, 3.794289062576229e+03, 6.132938855939655e+02, 9.248536960804100e+03, -1.066029455673977e+03, -1.410363897273760e+03, -2.443082471690866e+03, -1.836709654980619e+03, 2.016050277278389e+02, -7.160808889837576e+02, 5.687427676076325e+01, -2.730557124667566e+02, 2.843982806173797e+02, 2.573450878903075e+02, -7.123619648782503e+00, -1.776167007829267e+00, -5.075671274052073e+01, -2.991784451377227e+01, -2.666589323522978e+01, -3.221765637284842e+00, 4.397121873142859e+00, -1.220375333853621e+00, 4.493192498194452e+00, 4.916185892062565e-01, 7.138406536917355e-02, 6.657404777312688e-01, 4.302771316267140e-01, 1.328154348228020e+00, 2.364364823643139e-01, 6.223382764389166e-01, 6.424540367829277e-01, -6.918051362834392e-01, 5.031720361799377e+00, -1.320717841701427e-01, -5.325560151593162e-01, -6.034323808290687e-01, 5.974724860286118e-01, -2.068095499257861e-01, 3.004789580837863e+00, 1.955750161205849e-01, 3.002742779700189e-01, 1.887454533190958e-01, -1.755597763927328e+00, 2.675390222978215e-02, 3.984236842788323e+00, -3.107857125504362e-01, 2.089953133018045e+00, 1.548454456950967e+00, 2.234663482210562e+00, 5.159732769690674e-01, 4.655327357225383e+00, -2.216291213449621e-01, 2.803044139181106e-01, -3.296948977886563e-01, -5.588642720859522e-01, -7.147904632655552e-01, 2.881296653153537e+00, 4.036241723794421e-01, 1.155225525286433e+00, 3.100633250521231e+00, 5.006389558810785e-01, -1.774898483286653e+00, 1.145924298345285e+00, 1.587911214449952e+00, -6.275339935031564e-01, -6.821763646151944e-01, -2.870798488761296e+03, -3.029075580771051e+04, -9.448369829293080e+03, -9.937800408029043e+03, -4.508958075598891e+03, -6.821333524749353e+01, 2.864161444098164e+02, 3.472188987297901e+03, -9.931144261618002e+02, -1.007785321603282e+03, 1.155165308415279e+03, -5.580306975927464e+02, 8.250140669668801e+01, -3.663160138441381e+02, -2.872885724555210e+02, 4.403412512290537e+01, -1.073957949042072e+02, -1.974675291267972e+02, 3.686061137155511e+00, 2.589823191090530e+00, -1.170099031561210e+01, -3.103991921983966e+01, 1.601388249606691e+00, 1.298983584528093e+01, -7.658892615996634e-01, 6.803161256361717e-02, 1.171493218644011e+00, 1.125610145876115e+00, -2.061302950778649e+00, -5.650016865084804e-02, 6.139911238250765e+00, -9.778950469203943e-01, -8.002239930109892e-01, -8.280430074809938e-01, 2.004521573411912e-01, 4.583929285718225e-01, -4.049170249256110e-01, 1.565788561921054e-01, -2.821450238480543e-01, 3.858399376065365e-02, -4.592554254772034e-01, -3.077648798071924e-01, 3.147826011802166e+00, -4.767996148920312e-03, -3.764679202430072e-01, 7.138880855611110e-02, 1.573827345965297e-01, 2.311378999033461e-01, 1.392267607358162e+00, -1.615432016756167e-01, 7.998970356979151e-01, 3.118836587446593e-01, 6.477214082921524e-01, -2.115368008673711e-01, 8.332269577553100e-01, 1.034369548085101e+00, 4.468992500515442e-01, 5.847175722898610e-01, -6.344381916795123e-01, 1.354164911067442e-01, 1.307976161264255e+00, 2.536036858088146e-01, 3.397055175196002e+00, 2.068560232175833e+00, -3.738015330759824e-01, 1.724679707449251e-02, -3.973692021567222e-01, 2.511912411334904e+00, 2.786904857961116e+00, -2.955207047490318e+00, 3.932149644931028e+00, 2.496487564094489e+02, -5.412398113521952e+04, 1.725762429773488e+04, -1.537110226484529e+02, -4.001764560309974e+03, -1.817707330493167e+03, 1.550712840371497e+02, -5.022829076377667e+03, 2.507772531423047e+03, 4.795735355647300e+02, -8.135825337801563e+02, -5.325161398592317e+02, -7.306986361569199e+01, -1.376883517411156e+02, -3.315154126558714e+02, 2.439456651847812e+02, 5.329252142654153e+01, -3.129358597206708e+00, 1.886979184124230e+01, 4.072131152454296e-01, 4.806704592268202e+00, -1.613855707329150e+01, 8.012627479311732e+00, -5.540118536997375e+00, -1.287434336352809e+00, -2.744353423947214e+00, -1.994596403088202e+00, -2.312120776786271e-01, -2.050991288531100e+00, 6.941477156405998e-01, 1.052022125112114e+00, -1.669221203034795e-02, -5.852159902660842e-01, 5.730366422009245e-03, 6.525744314549400e-01, 8.322407956086170e-02, -1.189208245092780e+00, 8.244914229317658e-02, 2.437510959467732e-01, 6.962413785332264e-02, -2.389514452540771e-01, -3.674933412577074e-02, 8.882997597330677e-01, -6.758658892742682e-02, 1.628023253255918e-01, -7.344245698929470e-01, -2.603017096837808e-01, 3.886218864936596e-01, 2.042230640237586e-01, -4.886094774169568e-01, -7.822021583985586e-01, 1.240777314958437e-01, -1.540838902671220e-01, -1.752460339629441e-01, 5.645696979535587e-01, -1.196406719335699e-01, -1.365234361759839e+00, -2.605876709712814e-01, 1.280398051470566e+00, -1.602287049560200e-01, 1.499603748574386e+00, -1.163027687931695e+00, -1.259088525547956e+00, 1.601835771084579e-01, -2.348719754279712e+00, 1.573449191930299e+00, 6.959596418735020e-02, -1.978258397320012e-01, -1.104412868540720e+00, -6.955183231089114e-02, -4.781774424040958e+00, 6.808086233366843e-01, 4.937808280917302e+00, -8.939225045328039e+02, -8.783081061563754e+02, -6.277560750613247e+02, -4.833934440722170e+02, 4.545021189355845e+02, 6.457582477297580e+00, -2.018747970163798e+00, 4.630504229321522e+01, 1.845821859929662e+01, -1.439440912205640e+01, -2.018760119163369e+01, 6.039442150017512e+00, 3.612976249660072e+01, -6.021252955520213e+01, 1.959668473112976e+01, 3.098861084075502e+01, 1.467436793909854e+01, 1.211358229790566e-01, -3.167002010214721e+00, 1.140369320469726e+01, -4.319654787279234e+00, 1.605872391145438e+00, 6.344410883419797e+00, 1.489091608904882e-01, 1.232780760084814e+00, 2.286431417561603e-01, -2.531648192945985e-01, -1.289527264336376e+00, -3.434474019443559e-01, -1.841535948003569e-01, -2.423108503448217e-01, -5.421079588443984e-01, -6.776666993899414e-01, 3.449640555695472e-01, -5.594482223519942e-03, -3.832881498973034e-01, 4.132049492779719e-01, -8.213766319868839e-01, 3.025416285409450e-01, -4.085106615401058e-01, -4.782373708327051e-02, -2.438553120134668e-01, 8.226405730352307e-02, 1.186684254909270e-01, -3.190358307715414e-01, -2.901993045835723e-01, 3.879303194685298e-01, 5.076917796933609e-03, -6.357189191633779e-02, 2.332861913470041e-01, 8.579549691423838e-01, -7.510620325992064e-02, -2.829954305709089e-01, 4.944036108187196e-01, -3.571486278410332e-01, 2.159804833565550e-01, 2.603765635967357e+00, 1.275132117698932e-01, -5.378694317290383e-01, -7.751832636966703e-01, 1.609821769222870e-01, -3.494332154431369e+00, -2.388672679791007e+00, 3.186444870968663e+00, -3.209779512560947e+00, -8.146645375956045e-01, 3.123647817691638e-01, 5.415258086169930e-01, 1.328212572564629e+01, 5.223502421756303e-01, 6.738119785899169e-01, 5.277676993678797e-01, -1.167798448874980e+02, 9.058350979969560e+03, 3.470336238840514e+03, 3.637032759592232e+03, 2.533860392111525e+03, -2.267367205331631e+03, 2.186832971993724e+01, -4.934987577219958e+02, 2.028821485265765e+02, 8.884405864040613e+01, -1.994468472766296e+02, -3.907969370850797e+01, 2.970092835571540e+01, -2.231615989890366e+02, 7.553190928203907e+01, 3.185006708976289e+01, 6.559419173797068e+00, 4.347749046936767e+01, -3.570612522081613e+00, 1.339644425643015e+01, -2.361160835818583e+01, -3.012402984672703e+00, -1.500710495353252e+01, -1.835121152130663e+01, 2.133415364130110e+00, -3.725803470033362e+00, 1.177088237116751e+00, 1.525257529363828e+00, 2.438824433419262e+00, 1.057932754078089e+00, 1.385696671634399e+00, 4.773410756646594e-01, -3.374304656255710e-01, 3.905958077759399e-01, -8.997741806737163e-01, 1.270088967943926e-01, 5.965927692971909e-01, -6.092407884432673e-01, 2.480662738636248e-01, -4.614693221113985e-01, 8.458781729078690e-01, -9.114238700901833e-02, 1.382346271879385e+00, 6.690989679395698e-02, -7.072517720216224e-01, -3.821217614542237e-01, -1.414600499787239e-01, -6.052632170195485e-01, -7.172947805897085e-03, 2.741453528990497e-01, -7.094997654290198e-01, 1.141996471383902e+00, 8.137418716783404e-02, 3.459835849085267e-01, -1.912564621126440e+00, 1.802732155189773e+00, 1.382178717320010e+00, -1.983326612164352e+00, 1.039734282261256e+00, -1.254739492661890e-01, 1.290536303849325e+00, 6.420601958901272e-01, 3.864064879546536e+00, 4.958667058023039e-01, -4.403414940326140e+00, 4.194991656857947e+00, 3.361361775271801e+00, -1.883087832308229e+00, 1.056662470904367e+01, -1.532287152327546e+01, 5.370781954073732e+00, -1.776289172891193e+00, -5.218861455952398e+00, 1.165989150161035e+01, -2.416970399459219e+04, -1.361428599157473e+05, 6.239046559923262e+04, 7.585486530608627e+04, -4.495671810605021e+04, -3.873906843563056e+04, -1.766023605446608e+03, 2.425846862594127e+04, -1.356254481654920e+03, 5.491314524840153e+03, -1.229782086552335e+04, -7.240398065782916e+03, -1.228827840134509e+02, -1.744332797000134e+03, 1.934813220912051e+03, 1.471092691697040e+03, -1.202651011504908e+02, 2.071813766450371e+02, 8.472911557200354e+01, 1.178040417081907e+01, -1.777207639560421e+02, -4.621143915740817e+01, 3.921783411968531e+01, -2.912554727961029e+01, -2.483230763582586e+01, -7.836473277752824e+00, 2.664634758294802e+00, -1.933718141858145e+01, -8.601861960334615e+00, 6.603175701804228e+00, -2.584663637238108e+01, 4.587144680436926e+00, -1.311178900072438e+00, 3.570057060871261e+00, 2.039241371321514e+00, -1.172544667737382e+00, -1.069753926117734e+01, -6.838984355260807e-01, -2.446364424821331e+00, -4.888317485415154e-01, -4.757877332582262e-01, 1.499455263796684e+00, -1.236770756172793e+01, -1.070520564526583e+00, 4.617152944522786e+00, -5.913937780904100e-01, -4.182672654917938e-01, 1.395900217416229e+00, -1.918163380460149e+01, 9.544123455644273e-01, -1.044300844177000e+00, -1.818522152154264e+00, 2.435664906038417e+00, -3.593527649839023e+00, -1.518595489464383e+01, 2.444820519226888e+00, 5.278981083455423e-01, -1.845641254218866e+00, -4.842101243409030e+00, 3.356546121522291e+00, -1.522037707215642e+01, -2.692297680870066e+00, -9.732490831325419e+00, 7.058866793838913e+00, 9.868966889373267e+00, 1.587527338394554e+01, -4.914853004682119e+00, -2.456018378793532e+00, 8.914871525832194e+00, 3.587739034431456e+00, -3.595523221906647e+01, 1.342291112336756e+01, -1.555457777630705e+01, 1.638909656580390e+01, -2.242236438437793e+01, -1.529472494430481e+04, 1.662063356381220e+05, 3.127206724296583e+04, 1.390055678692065e+04, 1.982213989167242e+04, -3.923947249521446e+04, 3.344042755666907e+03, 3.034810748281726e+04, -9.547920729394147e+03, -2.107419450659285e+03, -9.056502257375780e+03, -2.127143138857868e+03, 5.423877756529713e+01, -3.292936722545648e+03, -1.764393150572600e+02, -2.397668796138676e+03, 9.761517606640518e+02, -1.285176483741958e+03, 2.953731663646025e+01, 6.624020902961844e+01, -1.148024606549872e+02, 3.446795088469505e+01, -6.949665222362250e+01, 7.266126607389478e+01, 9.339869943098707e+00, -1.729484920949952e+01, -9.605058649216208e+00, -3.120126316620002e+01, -8.975192756711232e+00, -2.803785999255532e+00, -2.605926818401539e+01, 3.077174683816567e+00, -1.782378213192721e+00, 4.181802369615952e+00, -1.237191843066802e+00, 1.806985341406059e+00, -2.857676604782072e+00, 1.467211148173870e-01, 8.024820021813834e-01, -1.528278405755715e+00, 8.032055797719732e-01, -3.788465628257861e-02, -1.652223284372125e+01, 3.969315752230461e-01, 2.919468190075358e+00, 2.134213971039819e+00, 1.975762348214123e+00, -1.145523400470446e+00, -1.146709725977248e+01, 3.516658966095241e+00, 9.995090245362732e-01, -5.090357095785266e-04, 1.282342559501709e+00, -1.244365374187684e+00, -6.766044893196367e+00, -3.106365329303240e+00, 6.257854127099535e+00, -9.617417335919082e+00, 4.602531554085638e-01, 3.962708542941167e+00, -5.235179001585692e+00, -2.079380594736880e+00, 2.806858071702931e+00, 1.001731677647182e+01, 2.558711958464347e+00, 6.196844505267956e+00, -1.185045508645117e+01, 1.354374466732220e+00, -1.003556174445205e+01, -2.038905010427604e+01, -3.382145855916919e+01, -1.478068588589568e+01, -6.461277843924166e+00, 8.304423662391869e+00, 4.246976761123241e+01, -5.378475694439856e+01, -4.307132477959767e+03, 1.276347791470744e+05, 1.596094825953766e+04, 1.065251795078251e+04, 3.109712862883270e+04, -6.795768382257747e+03, -2.704250386558288e+03, 1.905046580252010e+04, -1.961023268389864e+03, -3.628366623863025e+03, 1.685174426415295e+03, 3.576771595439326e+03, -5.485180631126045e+02, -8.052512839034559e+02, 1.820145299320506e+03, 1.477737570346016e+03, 4.523630081023995e+02, 1.873829281259560e+02, 6.504869306326701e+01, 6.248648401247713e+01, 8.649985940773032e+00, 3.936527779477383e+01, 3.779102606123755e+01, -3.697057754601002e+01, 1.431605060144282e+01, -2.815391308182358e+00, -1.270764921563902e+01, -1.575209657403551e+01, -7.665765211432211e+00, 1.141893692312648e+01, -1.863610208074703e+01, 2.491796951235391e-01, 5.034680307693131e-01, -1.335562402115499e+00, -2.865826624929319e+00, -4.044752362920358e-01, 3.588238971658704e+00, 3.514482816375080e-01, 2.626796658673577e+00, 5.824880909639171e-01, -4.417967843739785e-02, 9.506433195160583e-01, -1.240517783934406e+01, 6.656199800410739e-01, -1.357116572303913e+00, 2.174265333225182e+00, -1.088960104435327e+00, -9.983807886190840e-01, 8.430884527846764e+00, -3.094337619352121e+00, 2.026438873563227e+00, -6.470413595506757e+00, -2.064536888571724e-01, 2.189417358741620e-01, -4.438668719441749e+00, -2.878661554551404e+00, -4.204918415568303e+00, 1.643899272634930e-01, -3.476682024840203e+00, -2.167378008931805e+00, 2.825582106428066e+00, -1.471593842712282e+00, 3.253186160738231e+00, -1.080492644586521e-01, -5.491486688181825e+00, 2.979201024266089e+00, 1.689962906799039e-01, -6.253689506460990e+00, 2.303412383840586e+01, 1.300131923799025e+01, 6.533432429443343e+00, 1.273116535620041e+01, 6.805779516649454e-01, -1.165496374653431e+01, 7.570026904560313e+00, -3.940140150870589e+01, 4.275166886222954e+01, 3.415664419792925e+03, -1.023614730249257e+05, 3.687520166858990e+04, 5.512503076716472e+03, 9.790611596674913e+03, -6.364133797961382e+03, 2.558807397969212e+03, -1.599274941984484e+04, 3.168599360123002e+03, 3.838700872140033e+02, 4.113375128487504e+02, 5.458298039200309e+01, -1.502841115127581e+02, 1.609423691737947e+03, -7.785484738320827e+02, -4.818007762880762e+02, -1.398781812807178e+03, -5.273458313063603e+02, -1.086690225321987e+02, 1.677653301039922e+01, 1.437904159914983e+02, 9.255611711183576e+01, 5.691105067899932e+01, 4.104976589058454e+01, 1.599311865163064e-01, 1.718151775166700e+01, 1.107628381979235e+01, 1.186229247747147e+01, 9.180125860334758e+00, -1.215061821320250e+01, 6.764025130565416e+00, -1.712850711820805e+00, -3.209275408448901e-02, 1.553316071263754e-01, -9.934372705001783e-01, 1.795936054487929e+00, -4.936182005384348e+00, 5.571310502488980e-01, 5.052328302604412e-01, 1.036575178511262e+00, 3.773439001287358e-01, -1.637859138571091e+00, -3.026225194584632e+00, 2.965733963572793e+00, 5.373790474274990e-01, 2.814919203952294e+00, 6.681694562468133e-01, 1.747266696728432e-01, -8.618373752050941e+00, 2.394104692980764e+00, 5.107268139103625e-01, 2.064385017760295e+00, 2.735126185476573e+00, -1.796463735995033e+00, 2.712228836745076e+00, 8.181282964867562e-01, 3.624581008468471e+00, -4.890712969264138e+00, 2.153274963968946e+00, -1.081011521685662e+00, -4.478636131192851e+00, 9.407813931863429e-01, 3.044575870679838e+00, -1.986222139986481e+00, 3.708114044394069e+00, -7.276287964832371e+00, -1.417438382477443e+00, 3.165774182319998e+00, -1.239049850438646e+01, 4.096473550992267e+00, 4.548561129856199e+00, -3.859052812144371e+00, 8.674196344435396e-01, -5.209734754043117e+00, -1.321981428502835e+01, 3.253569918927818e+01, -4.053410111198842e+01, 2.524999690540429e+01, 8.738224438163829e-01, 1.921393977558246e+01, 1.903940041227763e+00, 2.555263369941127e+00, 7.813723278221123e+00, -2.223846804064165e+00, -5.015785678257429e-01, -2.341398266127037e+00, 4.175776525364252e+00, 7.429898828390993e-02, -5.184109716852172e-01, -1.441247292498347e+00, -2.182595204083080e-01, 1.568866572516889e+00, -2.514424304396125e+00, 1.399528807142720e+00, 1.688813443803932e+00, 7.262383110700773e-01, -1.515056600572755e-01, -4.969360074253296e-02, -4.224025139460897e-01, 2.228112100883892e-01, 1.440180215549060e-01, -7.175282373616922e-02, -3.978380845196122e-02, 8.219923358564396e-02, -5.833299025931785e-01, 1.929229385133976e-01, 2.637552359134514e-02, 5.815374153431967e-02, 2.311090928604613e-02, 2.336856122723797e-02, 6.408118169984572e-01, 4.749604265968818e-01, 8.456062171916856e-02, 2.593475484014405e-02, -1.573268845807255e-03, -8.096503397893987e-03, 3.747227326710018e-01, -2.067532213113192e-01, -4.574453855482530e-02, 1.513130760939692e-01, 1.070199657858290e-02, 9.622157361390360e-03, 5.510855545598152e-01, 7.662481777288354e-01, 1.672268638539196e-02, 3.922861981324802e-02, 3.670561988239376e-02, 5.838399580216591e-03, 7.737583306093924e-01, -1.344921045229438e+00, 1.295761716783380e-01, 1.953726706479763e-01, 3.060154536623052e-02, 2.470880814294636e-02, -1.539505515664110e-01, -9.261981644167171e-01, -4.969092718074296e-01, -3.669203112847699e-02, 3.881559306277585e-02, 3.790445881759232e-02, 2.328518726847275e+00, 3.895580906433054e+00, -1.221349219678884e+00, 1.839963163985677e+00, -3.600198720096796e-02, -7.362055162261395e-02, -4.647269340399490e+00, -8.690136111246060e+00, -4.619511553764780e+00, -5.056412750435220e-01, -1.233488379972039e-01, -2.330713233834646e-01, 3.565670957787300e+01, 2.962525186012697e+01, 8.050409410703386e+00, 2.970918511182298e+00, 6.735011173012502e-03, -7.712284942756225e-01, -2.125790117389295e+01, -1.595538703966553e+01, -9.111198175876524e+00, -8.225242788449732e+00, 8.663913918824440e+00, -2.764653100140556e-01, -3.522000368162771e+00, -9.139789824803222e-02, -9.295525730360399e-01, -1.342011957032139e+00, 4.934165304262667e-01, -1.317274746063320e-01, 2.996103091668054e-01, 3.434909604258712e-01, 4.087804501271026e-01, 2.837167834300461e-01, 1.551753244837469e-01, -2.653468021497987e-02, -1.666830904335334e-01, 8.649532591473619e-02, -1.357535806876625e-01, -1.811314273569124e-01, 1.185895385326622e-02, 4.958387964344410e-03, -1.552927446638055e-02, -1.138210770741818e-02, -4.031995732360084e-02, -2.206960663681062e-02, -2.450041734165354e-02, 1.355191015573652e-02, -5.831752857009319e-03, -4.454124056444000e-02, -4.980886879666436e-02, -2.133000839750424e-02, 1.167709768063934e-02, 1.949402494032055e-02, -1.170388385843353e-02, 4.630658050193077e-02, -1.266423059148350e-02, -2.197030918745107e-02, -6.720036917044641e-03, 3.087784266319159e-03, -7.645362799212336e-03, -1.415072761344884e-02, 3.191832416136599e-02, 5.282076865576430e-02, 4.366670826304123e-03, 6.441811549868543e-03, -1.116674724828889e-02, 3.765256379738698e-03, -1.831218247958850e-02, 3.795923470145728e-02, -3.664737530544056e-02, -1.940771949087351e-02, 9.036121681929299e-03, -8.589311552812090e-02, -7.457642875861631e-02, 1.086029796559551e-02, 2.489148835672716e-02, 1.121916458785792e-03, -3.114124001866334e-02, -3.422268977331412e-02, -1.078377212849870e-01, -2.756643126903069e-02, -8.737084493467981e-03, 3.850175386642591e-02, -5.034266132101059e-02, -1.854415513342267e-01, -3.579513568118052e-02, 4.405884146113865e-03, 9.503255649540968e-02, -2.123703478116476e-02, -2.182610770903261e-01, 2.237558326741031e-02, -1.216711216666847e+00, 2.551328501873019e-01, -5.374070665487847e-01, 4.062344871519604e-03, 1.079950641431999e-03, 1.370628477632976e+02, -3.297734018673775e+02, -4.678215684513269e+02, -4.166542022766017e+02, -7.456733326798270e+02, -1.547442993048416e+01, -1.755648908729056e+01, -8.379768160648496e+02, 4.682684492155429e+02, 6.891360928918277e+01, -1.641257767556653e+02, -1.302700230161026e+02, -1.466258877337655e+01, 4.251713526022787e+01, -1.090062678272195e+01, 1.814797152104002e+01, 2.897094783449687e+01, 3.589623495976285e+01, -1.312856241793205e+00, -2.860142831394759e+00, 6.982231306843337e+00, 3.323631184793022e-01, -1.970963685968779e-01, -5.653337580824122e+00, 8.691957443759273e-01, 1.799022268963574e-01, -1.565252613246353e-01, 3.095660857772683e-01, 3.278375149552484e-01, 3.335425818916025e-01, 3.049929203514271e-01, -4.399608249084593e-02, -2.063554904038946e-01, -2.595205963295315e-01, -2.726812452091932e-01, -1.723249525210117e-02, -2.914332559966824e-01, 1.175268937114444e-01, 4.674574211047094e-02, -2.904450275091601e-03, -2.231133867214986e-02, 3.908313380395407e-02, 2.918352357188597e-01, 2.961317653580095e-02, -6.582549085571920e-02, -7.185371583910061e-02, -9.363012786040283e-02, 1.203835817951319e-01, 2.454780965275673e-02, 6.116619417902015e-02, 2.839650820655395e-01, -6.585791447302726e-02, -9.997437453964149e-02, 1.091284883655359e-01, 4.941237213113233e-02, 1.019057150911621e-01, -1.423437274974469e-01, 2.086881205140221e-01, 9.022645738898807e-02, 8.902823296597671e-02, 5.280589674693141e-01, -1.358531001580037e-01, 8.980092125473344e-03, 1.060382255218846e-01, 2.636059029787966e-01, -5.103527604476406e-01, -1.936024158487620e-01, 3.312592031533836e-01, -2.034280192035322e-01, 7.332295038856190e-01, -4.797505521079376e-01, -9.955271577714730e-02, 7.744661111243072e-01, -9.390389134531800e-01, 4.167788690076700e+00, -1.288423402543950e+00, 1.285424225695746e-01, -1.567277276366356e+00, -1.690640657039779e-01, -5.001725073104903e-02, -5.757831440600006e-02, 2.184201345036469e+01, -1.002526908649079e+03, -2.220795230517240e+02, 1.526321349005976e+02, -1.017396696044448e+02, 1.497293977703137e+02, 4.483780875023252e+00, -2.165409053418257e+02, 1.285770033254383e+02, 4.336162414978531e+01, 1.776900328636587e+01, 2.059858446380347e+01, -1.011499083297168e+00, 1.726009018522626e+01, -2.073066683206649e+01, 3.588688862348466e+00, -6.835833362164616e+00, -5.310638939578546e+00, -2.269591600461917e+00, -9.431525291360964e-01, 4.941402985496826e+00, 2.786316361738185e+00, -3.880105925250297e-01, 1.076633653819687e+00, 3.855899630729931e-02, 2.139981742961462e-01, 1.425742539010302e-01, 1.872227218268041e-01, 3.185664305839357e-01, -2.934939334808598e-01, 4.579873425782720e-01, -1.552621642959355e-01, -2.196812129331156e-01, -1.542499973390653e-01, -1.690655730985484e-01, 3.992058384950191e-02, 3.062949971214173e-01, -1.156136114860427e-01, 5.907784105176229e-02, -2.935828894178426e-01, -1.747012861188053e-01, 1.411071669876003e-01, -5.507965441571451e-01, 1.356950268612524e-01, 1.318805409172285e-01, 2.821042955640260e-02, 7.068466246165665e-02, -6.921859384474779e-02, 2.428714822726407e-01, -2.167607966670079e-02, -1.267745715527116e-01, 5.184904169132091e-02, 9.634361198458008e-02, 8.181082996309010e-03, -4.655353921694568e-02, -6.028932335834419e-02, 5.834473894141142e-02, -1.345790847031682e-01, 2.787703741046620e-01, -5.992543736154497e-02, -2.459926148261199e-01, 2.974254380365229e-01, 2.409439992312297e-02, -6.788167066751859e-01, -1.326999077971591e-01, -4.459362605209297e-02, 3.303022086591635e-01, -4.854303903432478e-01, 8.372774802416660e-01, 6.887386604110373e-01, -4.505799877263185e-02, -1.117546483733617e-01, -4.439572272583246e-01, 1.070654449588327e+00, 1.399971788807264e+00, 1.636796518816804e+00, 1.366985822001988e+00, -3.373349984928577e+00, 3.060673182541540e-04, -1.893693396194253e-02, -3.394790970300010e-02, -2.947226794130717e-03, -1.619090563702219e-01, -8.200141682926599e+01, 1.360407261614639e+02, -1.428627877791094e+02, 5.521320026716634e+01, -9.722991773122621e+01, 2.456506789262626e+00, 6.542750605610031e+01, -1.287543060392887e-01, -8.035222689473338e+01, 8.213078461259595e+00, -2.329435519821233e+01, 9.192448685989389e-01, -3.533351068908746e+00, -9.353609205092312e+00, 7.829575419280695e+00, 3.716945498531208e+00, 4.991165634774757e+00, 1.160622350027816e+00, -6.126870949116937e-01, -1.854621967348465e+00, 1.754379545641131e-01, -1.309441068733523e+00, -5.222866368943567e-01, 1.450966980838286e-01, -3.728684999064909e-01, -1.564087300596266e-01, -4.578721987225448e-01, -1.703543620535094e-01, 1.432110007170025e-01, 1.474565112953646e-01, -1.044558218978379e-01, -7.040295857979526e-02, 2.280111259087480e-02, -1.301056615795597e-01, 2.222887691919255e-02, -1.916053204145121e-01, 1.563754015501560e-02, 3.518677853019647e-02, -4.977696377198648e-02, 3.757685228357367e-02, 1.858457810118670e-02, 1.067652580807890e-02, -3.929730971849759e-02, -4.679687917194412e-02, -1.331570406859201e-01, 2.566712228598920e-04, -3.812333116415093e-02, -9.331532746532049e-02, -7.157597502260773e-03, -5.453189724704509e-02, -1.382447037406759e-01, -2.096173284190486e-02, 5.511269829202443e-02, 1.217249630851902e-01, -9.333778922121830e-02, -4.883111750837866e-02, 1.022500329823234e-01, 2.299316709865817e-03, 4.237174609454378e-02, -5.293372750359272e-02, 6.396013997286479e-03, -2.844447000729616e-01, -1.954077389429860e-01, 3.134013361587088e-02, -9.542632073307661e-02, 2.437737382855815e-01, -3.550986578665457e-01, -4.846869401532249e-01, 2.546167274183775e-01, -2.036320645741612e-01, 1.453947787186946e-01, 2.141301807250801e-01, -4.259618323620831e-01, -1.294192071083383e+00, -1.070686186157630e+00, 4.320433979149808e-02, -9.523215085649632e-01, -7.042111260669461e-03, 2.998837048687125e-02, 2.452312953320071e-02, 1.656840921616430e-01, 1.845103479735191e-02, -1.603685901701498e+01, -9.638782574636183e+02, 2.507724913657932e+02, 2.399200361140678e+02, -1.329016852352172e+02, -5.017450784417574e+01, 7.177597011545550e+00, -9.239851335886962e+01, 3.589105147280502e+01, 2.808227740117258e+01, -1.137612867404207e+01, -4.482553439416663e+00, 3.761478142015879e+00, 4.262526856966120e-01, -1.136266642297347e+01, -1.349593900400962e+01, 7.488494645284531e+00, -3.670399741829585e+00, 4.355853995469779e-01, -5.115706549207371e-01, 1.907201056459973e-01, -4.413803497107335e-01, -9.743845984894647e-01, 7.223299442294692e-01, -8.787665344351775e-02, 1.487043752101459e-01, -2.334275546737272e-01, 9.811084649929898e-02, 8.497643894075443e-03, 1.038876273822140e-01, -5.448326949121145e-02, 1.192651838730083e-02, 1.822951023642496e-01, 3.582512869785080e-02, 6.840171853192739e-02, -4.037683596600528e-02, -3.842206468887450e-02, 4.700176508863520e-02, 2.866051700689470e-02, 2.028749597463105e-02, 7.392267881356021e-03, -2.198176971385195e-03, -7.802585799129516e-02, 3.665051038354009e-02, -8.367292666951654e-03, -2.551840153693585e-02, -3.621349880839380e-02, 1.968121198021954e-02, 6.015921890541356e-02, -1.829510792454288e-02, 5.239361170796988e-02, -3.498449013430245e-02, -6.262205211924133e-03, -2.714611622061375e-02, -2.271518999159181e-02, 2.946601436690733e-03, 5.912859560295473e-02, 1.012362845866450e-01, 3.030075002739724e-02, -8.436049365568382e-02, -1.380920067564767e-03, 2.359570266095244e-02, 2.405745159598285e-01, 2.134050091869096e-01, 1.979136933412335e-01, -1.305693529828571e-01, -2.929077228287760e-02, 3.250843809908419e-02, 4.907035159660136e-01, 7.481705259253388e-01, 3.640048863901164e-02, -1.552385264705795e-01, -1.973656500028445e-01, 3.997727600221867e-01, 1.748432875093694e-01, 2.675787563146928e-02, 4.423537758240275e-01, -2.570705284980869e-01, 2.474473638365385e-02, -1.537211479600853e-02, -6.200195545955678e-02, -7.302894888786152e-02, -1.530327524305423e-02, -1.588072585838047e-03]
