elements:      [Ba]
cutoff:        8.0
pair_type:     gaussian
feature_type:  pair
model_type:    2
max_p:         3
max_l:         0

electrostatic: 0
mass:          [137.3]

n_pair_params: 8
pair_params:
- [1.0, 0.0]
- [1.0, 1.166666666666667]
- [1.0, 2.333333333333333]
- [1.0, 3.5]
- [1.0, 4.666666666666667]
- [1.0, 5.833333333333334]
- [1.0, 7.0]
- [0.0, 0.0]

n_type_pairs: 1
type_pairs:
- atom_type_pair:      [0, 0]
  pair_params_indices: [0, 1, 2, 3, 4, 5, 6, 7]

type_full:    1
type_indices: [0]

n_coeffs: 164
coeffs: [-1.410692321749720e+01, 7.707653534788297e-01, 1.589614195752607e+00, 1.550639480606690e-01, -1.409695337090007e-01, -1.214694650140570e-01, -2.762437067770572e-01, -4.277745389072415e-01, 1.025799450514271e+01, 1.961131260519729e+01, -3.364484989319974e+00, -1.193437455846468e+01, -7.460013227521021e-01, -4.908074591554442e-01, -1.148193591524794e+01, 1.204846820463977e+00, 1.596681342766863e-01, -6.864141926084712e-02, -6.697189186574083e+00, 1.405729020062237e+00, 8.634243417677413e-02, -2.451326745065355e-02, 2.873214058587019e-02, 4.198211657854354e+01, -3.146482758461923e-01, -6.487303503039175e-02, 2.343150264844111e-02, 5.972799943434843e-02, -3.135093833280009e-02, -1.193783327260851e+02, 2.991668718494104e+00, -1.726529452108753e-01, 1.515291247492353e-01, 7.784187412262435e-02, 2.131447311442497e-02, 1.342879950275285e-01, -6.398348734206918e-02, 3.009355966427146e-01, 1.259154722818554e-01, 1.619681646872008e-02, -1.900970370711332e-02, 6.169978131266470e-02, 2.530618051323919e-02, -7.018279317808120e-03, 1.098635688788891e+02, 5.409182517959182e+01, -1.089012983782611e+01, 1.846720557495739e+00, -9.904331162815393e+01, 3.191740521491579e+01, -1.387797617441167e+00, -1.941132458599832e+01, -7.950878009909786e-01, -7.980954425214816e-01, -4.030548755080756e+01, -5.597998229503164e+00, -2.010706181693193e+00, -2.289026336537353e+01, 6.471680430101892e-01, -2.881985911288905e-01, -7.844084822248036e+00, 1.552750012844514e-01, -6.110974687395930e-02, -2.507692801102968e-03, 9.297496169145155e+00, 8.041870883681376e+00, -2.217629626047858e+00, -5.847563646878678e+00, -2.473205270841965e+00, 2.564403839946344e-01, -9.516811787456996e+00, 3.794628331692075e-01, 1.548715893818826e-02, 2.005035963504458e-02, -5.640108495538230e+00, 9.735413446703544e-01, 1.613456599914751e-02, 5.790267621967676e-04, -3.092552754313656e-03, -1.683160885877742e+02, -3.498064819158282e+01, -4.688180409587055e+00, -6.812892162406677e-01, 1.397111455549121e+00, 3.616595017001896e-02, 3.390507354623974e+01, -5.014813405909904e-01, 4.741450699114143e-02, -2.617665811168272e-02, 1.143256513486156e+01, -7.896998973270006e-01, -6.923544558467929e-03, -2.008821088554067e-02, -2.249849675123344e-02, -4.651621468720535e+00, 6.126953282748638e-01, -3.164566253335895e-02, -2.786945865512009e-02, -2.474573513425989e-02, -2.272990683521227e-02, 4.938796022489151e+02, 2.516736691068379e+02, 2.134820687722325e+00, 1.801470150735462e+01, 3.779667725431267e+00, -5.030436099589990e-01, -4.170387756684862e+01, -1.163961269302004e+00, 1.027695301707815e-01, -7.016679536793341e-02, -5.743153145120754e+01, 1.844579000034528e+00, -2.128979902284011e-01, -3.702352527042144e-02, -3.000289145943684e-02, 2.382752403826567e+01, -6.484463688432445e-01, -5.898997239511253e-02, -1.367428853721984e-01, -1.853591041667137e-03, -6.189940910535657e-02, -4.372932286982173e+01, -1.740839034315856e-01, 1.771741546114526e-01, 1.564294642416996e-02, 1.319679230881862e-01, 2.010545593491066e-01, 1.168836792001550e-01, -3.335840114581821e-01, 2.741445033741148e+00, -8.229088920225622e-01, -2.742395791833454e+00, -3.903992434258444e-01, -8.739678650767928e-02, -9.298381499091971e-01, -9.092171378047574e-02, -3.517690861646670e-04, 8.784952135812998e-03, -1.107238403096763e+00, 4.454035474224587e-02, -4.127677206518920e-02, -9.388835583382835e-03, 9.047655804661145e-03, 2.628875502358766e+00, -1.942969389486983e-01, 3.906017374296568e-03, 1.202816745899148e-02, 4.541595196306558e-03, 2.332133744548818e-02, -6.557561306596964e+00, 1.503108311967968e-02, 1.255464080476309e-01, 6.973025937762653e-02, 6.454170817216563e-03, 9.287524448585757e-03, -2.451750147806878e-01, -1.625384454474691e-01, -5.632042052112013e-02, -9.224076902288277e-03, 5.770804930753311e-05, -2.035433192615840e-04, 1.078690014772148e-02, 1.221147827452024e-02, -9.788814515307308e-04]
