elements:      [Si]
cutoff:        7.0
pair_type:     gaussian
feature_type:  gtinv
model_type:    4
max_p:         2
max_l:         12

gtinv_order:   4
gtinv_maxl:    [12, 6, 2]
gtinv_sym:     [0, 0, 0]
gtinv_version: 1

electrostatic: 0
mass:          [28.09]

n_pair_params: 6
pair_params:
- [0.5, 0.0]
- [0.5, 1.25]
- [0.5, 2.5]
- [0.5, 3.75]
- [0.5, 5.0]
- [0.0, 0.0]

n_type_pairs: 1
type_pairs:
- atom_type_pair:      [0, 0]
  pair_params_indices: [0, 1, 2, 3, 4, 5]

type_full:    1
type_indices: [0]

n_coeffs: 3912
coeffs: [-3.130987623897316e+00, -6.573167511835445e+00, -1.373441461968985e+02, 1.266291676549839e+02, 6.786974353253486e+01, 1.203087725731786e+01, 5.452243651793788e+01, -3.270605984962300e+01, -3.903669103532979e+01, 4.768820467236866e+00, -8.667702590725984e+00, -4.212682073052195e+00, 5.881513756590684e+00, 8.976203829220969e+00, -1.711603389643139e+01, 3.084438294987312e+02, -7.404982624477000e+01, -7.119155690922229e+01, 4.712053966950561e+01, -3.778516513443133e+01, -2.105000686324949e+01, -4.807865903757517e+02, -1.686302527389267e+02, -6.979325203459355e+02, 6.590752089593415e+02, 4.972863206466252e+02, 4.819798134372864e+02, -1.446816597817721e+02, -4.382138589643531e+02, -3.170675615394296e+02, -2.416060357043006e+02, 3.888415316237450e+01, 1.451174732704227e+02, 3.385711288019782e+00, 1.878701200430195e+02, -2.714082967027863e+02, 3.750615720193936e-01, -1.424214389358418e+02, -6.211693814412806e+01, 7.214793349556056e-01, 6.631755481362892e+01, -1.981799067568560e+01, -5.261050855577204e+01, -5.313628825837664e+00, -3.031499929686464e+02, 1.912633333449082e+03, 9.472364748577991e+02, -5.028138816399499e+03, -2.368684044240470e+03, -1.925979389546390e+03, -1.567301387732708e+05, -1.247240756942280e+03, -3.070173807140991e+03, -4.089732854947706e+02, -4.527941120084010e+02, 8.683591660837243e+02, -3.099155425844205e+02, -5.129932775087884e-01, 2.664918191533305e-01, 7.599287554027653e+00, 8.020515899541671e+00, 5.565931669038329e+00, 3.915575890100423e+00, 7.513836765084080e+00, 2.422321810579767e+00, -9.901830568675758e-01, -3.497794379156172e-01, 7.362986489379659e-01, 5.000093774377219e-01, -3.561171701239861e-01, -2.047334135019858e-01, -7.916676207036477e-01, 1.587697487490306e+01, 1.275312575836401e+01, -2.362912738271638e+00, -3.071266484880291e-01, -2.008798509476134e+00, 8.991356174668867e-01, 1.519538182821179e+01, -5.694229162037690e+01, -1.211859133638705e+01, -3.945720784449687e+00, -1.360722062383022e+00, 7.728154231427375e+00, 1.172900842778572e+01, 1.388113335624470e+01, 3.813088822681166e+00, -1.719388814735447e+00, -1.309452338023449e-01, -6.154899760089876e-01, -2.595825622461256e-01, 2.368873525357055e+00, 9.037092882244426e-01, 1.588479434953045e+00, 5.270862054775229e-01, -3.520166531036531e-01, -8.031669183396270e-02, -5.782098410717510e-01, 2.116499506412437e-02, 1.845237105841337e-01, -1.530615762703604e-02, 2.231105129031075e+00, -2.141749930295975e+01, -6.890705836454948e+00, -5.667497335586128e+01, -4.156604739151237e-01, 6.569028139760318e+00, 5.345673640394388e+02, 9.499566719528614e+00, 9.874549314731674e+00, -6.814664377486428e+00, -7.544837997003414e+00, 1.446934923448553e+01, -5.164091218886343e+00, -8.940981555664990e-02, 6.350396138395807e-02, 3.809042924976300e+00, 1.166443145662701e+00, -1.058634848016861e+00, 5.442227317649184e-01, 4.909013352916903e-01, 1.781287962278207e-01, 1.791471617253229e-01, -5.417629542076106e-02, -1.714056599185913e-01, -1.039637727730196e-01, 4.950446290925405e-02, 2.446963718818453e-02, -2.078200344556531e-02, 2.218896494328938e-01, -1.464504709872848e+00, -1.485545821196908e-01, 2.138106479907335e-01, 2.758459289929366e-01, -3.343663757207175e-02, -2.385586116070718e+00, -6.320968829061607e-01, -7.053608586212259e-01, 1.349242997459382e-02, 2.870278434673230e-03, -3.198536497999489e-02, 2.596608276472739e-01, 3.840154456259234e-01, 1.210743783394161e-01, -9.807675490063443e-02, -5.266114197980110e-02, -1.083679286379577e-02, 1.700319707086629e-02, 1.643530570496630e-01, 5.066492941917691e-04, -9.289123536042306e-02, -1.720205636071520e-02, 3.796188621266880e-02, 9.841232366177026e-03, 2.465314028975821e-02, -4.452705866378854e-03, -1.927718907926107e-03, 1.688466118325848e-03, -1.232251325930399e-02, -4.134798399143635e-01, 3.572923457326195e-01, 8.330187450736775e-01, 3.394548053863192e-02, 2.870282034030487e-02, 2.336059896627416e+00, -8.437650505793841e-01, 8.109336570201899e-02, -4.283857271783725e-02, -4.743197556422487e-02, 9.096874900246060e-02, -3.246091090073009e-02, 8.895338085966979e-02, 2.067119788756668e-02, -1.159461090633590e+00, 2.028767504691614e+00, 8.941213224991246e-01, 3.598987069136760e-01, 1.197963092610746e+00, 5.527661039779819e-01, 4.988269470866640e-01, 2.197950551477286e-01, 2.182256316719961e-01, 1.253506547201038e-01, -6.621394046631018e-02, -3.336164864349997e-02, 1.790134490840117e-02, -7.899444220786694e-01, 2.678266495577024e-01, -5.658521231049738e-01, 1.609665025294056e-01, -3.234616873557691e-01, 1.553938140740792e-01, 2.591654122233624e-01, -1.172233611610334e+00, -5.922035872681952e-01, -2.826367386553728e-01, -1.006530771945120e-01, 6.489699169029099e-01, 4.393259364869858e-01, 4.455922881576231e-01, 3.729541285972150e-01, -2.226642328197341e-01, -8.753924075327632e-02, -5.167256080195196e-02, 1.676564777158918e-02, 1.243783394063899e-01, 7.572472671496447e-02, 1.263054888958466e-01, 4.264995360470424e-02, -4.723211189693249e-02, -3.349299318604272e-04, -2.979754318262380e-02, -2.150312684728938e-04, 7.754308783328947e-03, 3.187323724771261e-03, -6.838269629228798e-04, 9.310992886330445e-02, -1.238411078815534e-02, -2.660552970817120e-01, -1.748032154641321e-01, -1.387488357964297e-01, -1.129102029214402e+01, -1.111231559582999e-01, 1.089839026003511e+00, 2.024090732236740e-02, 2.241082508429489e-02, -4.296655499933447e-02, 1.533713973904578e-02, 8.107579119646258e-03, 1.999285177367498e-03, 5.017876255564202e-01, 1.765625895332849e+00, 3.423770927729914e+00, -2.168599881289912e+00, -1.256981589151051e+00, -9.299359649711622e-01, -5.209706637789899e-01, 1.566632162586256e-01, 6.177196870724831e-02, 1.505633881045517e-01, -7.269307615765334e-02, -4.541539472958908e-02, 1.084393482895025e-02, 1.501662561893252e+00, 1.566994064023880e+00, -6.428735580237110e-01, -1.011899978183206e+00, -3.062653942491865e-01, -2.474382414641356e-02, -1.002076721346562e+00, 1.157017031416879e-01, 1.340067443702427e-01, 3.462202263633947e-01, 2.142093607918029e-01, 2.882564157249570e-01, -1.671950970061294e-01, -9.099862021236529e-02, -2.216203734365662e-01, 9.974365608685899e-02, 2.112613442286670e-01, 1.263094664843488e-01, -5.307553098043265e-02, -2.557108908318342e-02, -1.252490097248466e-02, -2.734017193528857e-01, -5.495367706760929e-02, 6.710122240893567e-02, 9.054748974744765e-02, 2.113583903160013e-02, -1.373839641502873e-02, -1.595611859433518e-03, -2.382576269624508e-03, -5.371229908042366e-04, -5.297646082948824e-01, -1.196359830471896e-01, 8.444684977213224e-02, -1.422651929239314e-01, 3.907248299161546e-01, 3.179920098294250e+01, -6.675963064383358e-01, -1.760476217701271e+00, -1.333195434273925e-01, -1.476586050588961e-01, 2.830721797174340e-01, -1.009810766861961e-01, -3.130188956006134e-02, 4.674885460921295e-03, -1.325220648885510e+00, -7.724531520316719e-01, -8.929644859891136e-01, 5.399840166315907e-01, 3.148271251098659e-01, 3.930930431961664e-01, 2.379334383541502e-02, 5.401081227775341e-02, -5.585006296392427e-02, -5.195740622857484e-02, 3.304027018372576e-02, 1.957547080780343e-02, 2.197432308374172e-04, -7.130438619302725e-01, 1.541410192250153e-01, 5.188251828665401e-02, 9.570381054004587e-02, -2.001884393753324e-02, 8.690221146973749e-03, -1.653302290218483e-01, 5.935060527835377e-01, 2.809095113478292e-01, 7.731114467677901e-02, 3.512275913119803e-02, -3.879822178791280e-01, -1.413801380292983e-01, -2.069113165809420e-01, -8.720684215659195e-02, 8.890336670544929e-03, 3.727817044853202e-02, 2.423461313436343e-02, -1.513218854254005e-02, -6.496814294731749e-02, -1.288926065360141e-02, 4.392396194378759e-03, -1.116382468477614e-02, -1.944892421316982e-02, -6.286757184510348e-03, 6.986884462735390e-03, 3.207377354477958e-03, -3.494406876685490e-03, -1.149633669083263e-03, -5.728118262845211e-04, 9.312219257488416e-02, -2.760651130118903e-02, 1.265618175804358e-01, 6.047511309057919e-02, 3.791552274851824e-03, 3.087276517858887e-01, 1.690110046429047e-01, 1.127617465452447e+00, 1.237054214069106e-01, 1.369596725213748e-01, -2.626601072910004e-01, 9.374088560990992e-02, -6.573165215832799e+00, -1.711613631615846e+01, -3.031500506704587e+02, 3.084438772308500e+02, 1.912633433279541e+03, 2.559771038535481e+03, 7.404978166187365e+01, -9.472365121495774e+02, -4.071400549604909e+02, -2.636417211335543e+02, -7.119149200813021e+01, -7.840542523423164e+01, -7.048632101598403e+02, 4.684544239110767e+01, 5.537368490882275e+02, 4.712068038480967e+01, -7.548480519850833e+02, -1.075898410668249e+03, -2.129206446052733e+02, -1.982024520610107e+02, 9.579348609980734e+01, -3.778513126654106e+01, 2.088577676273491e+02, -7.533986658243855e+02, -2.178836578866128e+02, 1.013541624313439e+02, 3.603321843371257e+02, -2.960875125904363e+01, 2.105004811216932e+01, -1.600342695619321e+02, -2.983744669102651e+02, 4.166415299796370e+02, 9.659222228198850e+01, 3.749038715837264e+02, -2.244957415338633e+02, -5.542382079216245e+01, 2.088226584878068e+01, -4.938122127611327e+01, -2.559976973450865e+02, 1.194201238307342e+02, -6.313877664107759e+01, -1.690067580248013e+02, 5.769670189452522e+01, 1.431385269038571e+02, 1.620789727094490e+02, -3.248362497220971e+01, 2.755247688294858e+02, -1.241658787270404e+02, 1.257133677719157e+02, 1.157269350347762e+02, 1.584878822060635e+02, -3.041118879650719e+01, -1.550113630281981e+02, -1.560743992398277e+02, -5.204252586433154e+01, 6.258573420604474e+00, 4.927559027761350e+02, -4.587354776344460e+02, 1.460470731019740e+02, -5.928588610047910e+01, 8.291266402383255e+01, 2.724010303686059e+02, 9.972653558706583e+00, 1.351511233732050e+00, -2.357433448670184e+02, 9.573386825569260e+01, -2.250601339349417e+01, 2.253840898161056e+02, -2.562995547630807e+02, 3.854289810126008e+02, -4.186028683264520e+02, 2.944701634659842e+02, -1.480784183126278e+02, -6.230463060621489e+01, 1.292763073420414e+02, 1.898678337130958e+02, 6.236318940252493e+01, 7.708480805885855e+00, 8.402340125072064e+00, 5.115868378856539e+02, -1.331856155745401e+02, 2.138281474059056e+02, -1.971293449107395e+02, -1.255249520318205e+02, 4.577478370652089e+01, -3.331113809814694e+01, -4.590047632992712e+01, -3.836326969843246e+01, -2.035989638559002e+01, 4.141347161581000e+01, -5.867870922341621e+01, 4.194180493728947e+01, 8.561063719270206e+01, 1.114708259085071e+02, 5.544868822015609e+01, -1.325101528886470e+02, 7.065265504411889e+01, 4.040154019257712e+01, -1.357620300156929e+02, 3.787385331407755e+00, -1.540743417482838e+02, 6.387665906026078e+01, 1.717741623088360e+02, -1.344191947858665e+01, 2.730892749692876e+01, 3.705838073687889e-01, -1.368589329253875e+01, 1.477602393562344e+02, 1.007023414469143e+02, -8.408682551441707e+01, 3.433387480014616e+01, -3.982735925399648e+01, -9.322791380176987e+00, 1.425361839503771e+01, -2.242527250104900e+01, 1.835871561503840e+01, -2.788047249824131e+01, 8.225287472014831e-01, -1.793089392485496e+01, 2.664919266613625e-01, -4.946593698380491e+00, 9.776283953963727e+01, -9.332583358815108e+01, 5.793926760688469e+00, 3.669136511048207e+01, 5.893482581300083e+01, -1.143223540410218e+00, -4.192926752465127e+01, 3.612355194410365e+01, -1.986932618930268e+01, -5.429289493721729e+00, 1.439297722496270e+01, -1.189879068648802e+01, -1.931706958108878e+00, -7.916727158283938e-01, 2.231101678265658e+00, -5.819602575203755e+00, -4.289068951966248e+02, 3.554137990230091e+02, 2.797124064264518e+02, 2.181714566778664e+02, 1.434730918223589e+02, -5.604776971979332e+00, 6.753725864417335e+01, 1.999439196419134e+02, 1.478037393142131e+01, 2.011551884678808e+01, 4.180660089763526e+01, 8.223421416814876e+00, -2.445303349632591e+00, 1.587696459198680e+01, -2.141751594033849e+01, -8.730719940623729e+00, -5.237548380602496e+01, -2.509205659094573e+02, -5.067845577189477e+02, 3.908172091218189e+02, -2.038995860474110e+01, -3.618851322454711e+01, -6.845494392344381e+01, -1.811331618140535e+01, -2.051634783208606e+02, -8.393415408941047e+00, -8.986140565191734e+00, 2.386340488332263e+01, -2.944314724596958e+00, 6.994848714225371e+00, -1.275312537923562e+01, 6.890711367612464e+00, 1.902798164777954e+00, -4.393028635100861e+00, -1.195588953970360e+00, 2.068166497296619e+02, 2.725665474911158e+02, 1.854244093649395e+02, -6.605368259192920e+01, 2.139195339556193e+02, 1.433831357984641e+02, 2.809428273950020e+01, -3.156951291553863e+01, -6.237805399901027e+01, -2.358496365180043e+01, 3.198937533363688e+01, -3.709155469774520e+00, 9.929647034130172e+00, -2.362910762198835e+00, -8.107435402086388e+00, -2.450899409045980e+01, -1.946336199511676e+01, -3.621971461874625e+00, 6.217169133304441e+00, -1.777597919873472e+02, -2.202357562953896e+01, -2.144363594471900e+02, 9.521709161885478e+01, -1.187440094446869e+02, -6.301381991992333e+01, -8.961224837641136e+01, 5.237143162810385e+01, -9.029410773634556e+00, 5.977572677438472e+01, 6.165830036014325e+00, 9.083116220273805e-01, -1.043599139127542e+01, -3.071187533412880e-01, 2.022337970013846e+00, 1.255406087538426e+01, 2.220549506708480e+01, 7.062978628923896e-01, -3.470654847321409e+00, -1.178405935433331e+01, -4.303548261838812e+01, -1.306714779950026e+02, -1.470495257235598e+02, 6.551366097522640e+01, -8.655126138403591e+01, -2.260067014992298e+01, -6.887573307018540e+01, 8.567395096750637e+00, 2.644767652890777e+01, 7.857661179863522e+00, 1.172809940692355e+01, 2.102198714148657e+00, -1.280581508116987e+01, -2.008791351143392e+00, 3.979615727286804e+00, 1.084238480246093e+01, 1.323161272519315e+01, 4.083880515659066e+00, -4.221538468999132e+00, -1.825163098946358e+00, 3.698068626690515e+00, 1.135098733112123e+02, -1.244185149076517e+02, -1.526710734705390e+02, -4.842118805559623e+00, -7.792673031741852e+01, 1.849503879806169e+01, -2.908896036222465e+01, -2.531139152933374e+01, 1.055578191238003e+01, 5.641017982732779e+00, 9.820100519689989e+00, -1.862178846896901e+00, -4.452083291710693e+00, -8.991472801796230e-01, 7.832151503959574e-03, 4.504199309231244e+00, 8.555799905957313e+00, 4.248529103444044e+00, 6.460495227829279e-01, -3.468060234707732e-01, 4.715959198501666e-01, 1.285408156909380e+01, 2.798471263025888e+01, -1.204250478231286e+02, -3.416170503732253e+01, 3.313790431236817e+01, -7.752758108219795e+01, -4.135108075754426e+00, 4.616119124504200e+01, -1.670247558965182e+01, 2.680209210382210e+01, 6.515573259831831e+00, 8.572609637145066e+00, -1.906345529441059e+00, -7.966422524182587e+00, 1.878699203595983e+00, 7.474736645871001e-01, -3.465385566944595e-01, 7.953902058890924e+00, 2.637475489318283e+00, -1.846158459270870e-01, 2.924948817280412e-01, 6.429852589852452e-01, 1.599686233391815e+00, 3.071336940261752e+00, -1.887009834150171e+01, -3.054295508770992e+01, -5.762109620760097e+01, 2.483251452596139e+01, -6.551941066528681e+01, 7.412217969801957e+00, -3.502342187971221e+00, 4.115666999465238e+01, 3.414586767362796e+00, 1.847384390575540e+01, 1.321757117101212e+01, -5.993987410786586e+00, 3.881956517261730e+00, 3.126513432128473e-01, 2.713710199307326e+00, 6.518512707855363e-01, 1.707583189978616e+00, 2.434534877109048e+00, 1.769597050395444e+00, -8.939607754739515e-01, 2.541197586632045e-01, -6.530804332020795e-01, 8.404707501526740e-02, -3.026871167591008e+00, -7.284020205738659e+01, -1.896104657668242e+00, -6.245855907673910e+01, 7.113885286465982e+00, -3.178975206400822e+01, -5.278009344271098e+00, -2.538222376500536e+00, -1.293380682770174e+00, 9.933383626354329e+00, -1.092133071093640e+01, 8.688095429167012e+00, -4.030828642731699e+00, 8.713398661532191e-01, -2.654421857692915e-01, 1.739605557972521e+00, -8.291337697224344e-01, 3.141003544463325e+00, 1.248669978109638e+00, -1.042465230266757e+00, -1.152875376121533e+00, -4.205508233942245e-01, -3.900551028684462e-02, -5.184673885634499e-01, 4.045378067835183e-01, 4.056167060102566e+00, -1.914418001576857e+01, 1.508384838777680e+01, -7.821090930517723e+00, 3.960731274649853e+01, -4.425393809996829e+01, -5.928470562364637e+00, 4.136974453795760e+00, 1.174725591438902e+01, 1.212001949104950e+01, 1.444692852581459e+01, 1.691198843156669e+01, -1.460099837530326e+01, -5.146081515362013e+00, -2.936721639959264e-02, 4.934426481768340e-01, -1.165404752599075e+00, 5.199938967884110e-01, -8.817286787429963e-01, 5.786561454008089e-01, -4.000309620933274e-01, -3.414244113576241e-01, -2.527180299280796e-01, -4.838784033519241e-01, -1.879331748011285e-01, -1.908477139906246e-01, 4.296743450023026e+00, -1.002298030912571e+01, 5.032553780470960e-01, -4.700317443803066e+00, -7.175375096379649e+00, 1.161425479657390e+01, -8.176099440107725e+00, -2.207551179247597e+00, -7.675012848403050e+00, -2.822741497718651e+00, -3.294078355161126e+00, -1.876965106870238e+00, 5.620474037124645e+00, -4.754050826913909e+00, 2.153706023668722e-01, -1.207994877530688e-01, -3.182667879502667e-01, -7.087933463583823e-01, -8.738889654834330e-02, 1.393760991938136e-02, 3.929056796996871e-01, 2.059848875804578e-01, 1.765146675729869e-01, 2.272956985792745e-01, 1.036528801253865e-01, 2.876049547279412e-01, -1.270669378349856e-01, -2.306301147872209e+00, -5.063727710624318e+00, -4.537773223242094e+00, -4.776540785374698e+00, -5.883280868203996e+00, 2.280725124181904e+00, -2.256412731479225e-01, 1.199852376304648e+00, -5.744295395071969e+00, -2.872308535156378e+00, -4.816958425659681e+00, -6.174784368030585e+00, 1.089767697693322e+00, -2.005324036171527e+00, 5.350674708984642e-01, 4.513496778990640e-03, -1.339020149176147e-01, -4.935409766189444e-01, -3.009145465453324e-01, 3.681537775730764e-01, 3.721620427802739e-01, 7.819502052431168e-02, 1.599705710718259e-01, -1.070976137306308e-01, -1.489881717912669e-01, -1.147341238557557e-02, 1.152141611526787e-01, 4.321174372058348e-02, 4.032539034899907e-01, -1.250491348903392e+01, 1.116268808477222e+01, 3.639538639347921e+01, -7.283485531832535e+00, 7.965276351920686e+00, 1.742694297189556e+00, -3.452453081188062e+00, -6.603587105161286e+00, -8.866504037951058e+00, 1.003602583964111e+01, -9.509825620580138e-01, -5.173436023349613e+00, 9.808135355308464e+00, 1.457184959547312e-01, -2.913810812872146e-01, 1.182296741063076e+00, 5.666834857698157e+00, -1.133024580228315e-01, 8.885316798994731e-01, -2.340762818170392e-01, -2.739652134172106e-01, -3.327372046772717e-01, -3.961730199318033e-01, -6.864456501108033e-01, -1.831293312767555e-01, -1.920104450797689e-01, -9.382816972471157e-02, 6.350394473924192e-02, -8.962279969237374e-01, 1.787974235767578e+01, -2.185138475385877e+01, 9.997328308177837e-01, -7.825937003965722e+00, 6.410616288826754e+00, -3.059120231478893e+00, 1.027595767495032e+01, -2.633290269323650e-01, -4.336034375991112e-01, 3.516014764581928e+00, 3.994894729553574e+00, -1.239894924559027e+00, -2.838925418235083e+00, -8.913283395465882e-02, -5.034712484947153e-02, 8.845370559977588e-01, -2.792288568736567e+00, 4.484615652562848e-01, -4.591282084639230e-02, 4.500612483298054e-01, 1.281727395884397e-02, -3.073955459533848e-01, 1.121110139341963e-02, -2.710559080151644e-02, -5.286911299632815e-02, 3.627029534184260e-02, 7.859583707890219e-03, -2.078233230145654e-02, -1.232266502238755e-02, 1.833121036122830e+01, 1.396259359027270e+00, -3.587997290764507e+02, -1.288815302288377e+02, -7.735456565252682e+01, 2.045884274440786e+01, -3.995494050028737e+00, 1.765973087519810e+01, -6.418820532689786e+01, -6.032940946585396e+01, -4.695611374019779e+01, -2.951689243758862e+01, 1.312873553920541e+01, 5.158884151395136e+00, 8.684495172913063e-01, 2.698126665892694e+00, 8.955267795669897e+00, -7.031972790072742e-01, 9.596322804843270e-01, -5.960969763196273e-01, -3.478931636995905e-01, -4.965376918965139e-01, 2.017342419076085e+00, 2.048342968773310e+00, 1.704275661493337e+00, 1.023977607488736e+00, -4.897461156337795e-01, -1.531915142389722e-01, 2.218855574970169e-01, -4.134820315122710e-01, -3.815996333277463e-02, 6.429177229674861e+00, -1.117418189317040e+02, -1.287751619679701e+02, -2.730087698319080e+01, -2.563035003915886e+01, -3.670370536954929e+01, 1.778619078911970e+01, -1.223668335325004e+01, 1.231075727781248e+01, -2.896894094614972e+01, -4.561136269621713e+00, 4.642386915881878e-01, 3.097280193595511e-01, -2.714498552377500e-01, -5.054567788933099e+00, 2.305118252993719e+00, 1.135776759814764e+00, 3.010722873561400e+00, 2.115211628277674e+00, -5.165109384550959e-01, -1.805016407285739e+00, -1.801451248727485e+00, -1.288541710970872e+00, 2.400108181149839e-03, -3.916403602518252e-01, -3.630556524996840e-01, 2.278500290560661e-01, 6.597353879030882e-02, 1.464505609100694e+00, -3.572924887045008e-01, 1.963502397650637e-01, -2.761623583502660e-02, 8.132046490371781e+00, -3.237161790450350e+01, -1.217005394465952e+02, 5.965974787779243e+01, 1.336697415615097e+00, -2.121271027865509e+01, -4.939105644726964e+00, 2.864937562881978e+01, 2.713883433418138e+01, 2.648154476241299e+01, -1.014698274726224e+01, -1.403612194951474e+01, 1.208857848710752e+01, 4.163890528959191e+00, -6.403070488344774e-01, -5.824215311806058e-01, 3.190487636244535e+00, -2.520256871195274e+00, 1.027784871468935e+00, 9.644607972309654e-01, -8.021203010431609e-01, -1.715525110892858e+00, -1.459806310124527e+00, -1.017024606668601e+00, -1.625801559112195e-01, 1.258583225575746e-01, -1.894558711519216e-01, -8.526059288285077e-02, -1.485534884177752e-01, -4.216695763449309e-02, -6.863416230529649e-01, 1.495251307141501e-02, -6.780544303468179e-03, -8.831292786309810e+00, 1.158961604108310e+01, 6.168368016238365e+01, -3.520788645049269e+01, 1.617067818631190e+01, 2.327420894758751e+01, -5.646582552828496e+00, -8.437904974043500e+00, -1.611859119846850e+01, -1.339848170050768e+00, -6.790369886940160e+00, -6.026642101229945e+00, -4.406278803587060e+00, -3.358489295237500e+00, -2.118294387432619e+00, 2.140587534627503e+00, -1.875204144808975e+00, 1.170201312688788e+00, -1.313114624061333e+00, 2.701027903441703e-01, 9.065624384407747e-01, 7.062972995135992e-01, 6.340668389654136e-01, 2.522231937132253e-03, 1.108384212953163e-01, 8.531866429539336e-02, 1.345682144239111e-01, 9.421578367185245e-02, 2.138115882228663e-01, -2.972163989677480e-02, 9.425680548440677e-01, -7.168802290864273e-02, -6.358436492961618e-02, 5.517559686296903e-02, -2.175197340675022e+00, 2.681671169260590e+01, 7.246763004014441e+01, -2.177400312985963e+01, 1.601342634707022e+01, 1.447822980574391e+01, -6.428272508556090e+00, 2.821592925108635e+00, -6.360095449566916e+00, 7.210690361929680e-01, 9.493774733181922e+00, -1.256998303617593e+00, -3.913156727280830e+00, -8.582009705607621e-01, 1.843511488976643e-01, 2.334176895365264e-01, -2.979629375613626e+00, 6.861324810175877e-01, -2.359630805453542e+00, 5.548536073186590e-01, 8.750598508056924e-01, 5.444986608497336e-01, 5.218479439383563e-01, 1.721581758399812e-01, -2.948958575068210e-02, 1.469375557140765e-01, 1.152764305579023e-02, 8.167841108125184e-03, 2.758451286477183e-01, -2.429861655218699e-01, 5.130353347936223e-01, 8.062657117337514e-02, 1.742426141147619e-01, 2.678140536850645e-02, -3.349240727662118e-03, 1.438371031255686e-02, 1.910706555890757e+01, 6.435883752105141e+01, 9.102910804958814e+00, 2.147136016884442e+01, 1.088501365623212e+00, 8.254459624325339e+00, 5.187665953433403e+00, 8.669368972265209e+00, -7.871966536903606e+00, 9.843732894235284e+00, 3.803685622277170e+00, -5.444319578827468e+00, -3.336124013013744e+00, 6.975362357886727e-02, 2.171476339968178e-01, -1.902323902243451e+00, -1.999195177136210e-01, -2.062253682285126e+00, 1.564023749179639e-01, 5.052092222169768e-02, 1.660563749984728e-01, 2.990516152872536e-01, 3.877950000789990e-01, -3.195750636180248e-02, 6.600635333493900e-02, 3.163858291686829e-02, 5.424018492953930e-02, 3.343659864471957e-02, -2.973681880965347e-02, 2.889347915825137e-01, 1.678003771842803e-01, 4.034074178055763e-01, 4.097360562715732e-02, -1.447756480777723e-02, -3.417072224514901e-02, -4.309501182397712e+00, 3.411271895031830e-01, 2.814646102615279e+01, -1.754694014798005e+01, -1.839336249148310e+01, 2.094473227364981e+01, -2.174136242756476e+00, -1.308116825235172e+01, -9.870679175847769e+00, -9.949121319416280e+00, -4.370705468813990e+00, -3.253588798235164e+00, 6.202809119163701e-02, 6.619295238412118e-02, -7.037391987412707e-01, 4.293775661344281e-01, -8.444116331536025e-01, -2.715460720853729e-01, -2.942772019369635e-01, -4.066090284601381e-01, -1.431904177052193e-01, 4.955294076675830e-02, -7.330946711928895e-03, 3.343115718651871e-01, 1.891660761552206e-01, 1.327211456655688e-01, -4.561977715733399e-02, -2.105556494516534e-02, 2.067086060157540e-02, 1.771884556709364e-02, -3.706637327502933e-03, 5.613916811612480e-02, 1.980989071669411e-01, 5.330153865477230e-03, -5.812954086926560e-02, -9.143586274856513e-02, -4.123562369725357e-02, -1.655944770021144e+00, 2.407243071924233e+01, 1.148903976902276e+01, 1.720187645001218e+01, 1.411361433067446e+01, -1.993457969136792e+00, -5.628663035787017e+00, -1.875172012849993e-01, 3.686923415810482e-01, 4.791901502969389e+00, 5.995429056678408e+00, 4.538073330514038e+00, -3.594075635206734e+00, -3.153712608105956e+00, -2.482349781477686e-01, -4.365225667703132e-01, -2.371600628128264e-01, -2.703072235894821e-01, -5.890428223003564e-01, 4.344100411290444e-02, 2.249974173118329e-01, -9.513850286027864e-02, 1.020719065562083e-01, -7.563295597982192e-02, -7.565233154925445e-02, -4.243537919906120e-02, 2.816417059550865e-02, 4.692120783506110e-02, 2.501571606884094e-02, 5.195562593291790e-03, -1.784393696742082e-01, -2.930720532680541e-02, 5.634369880257945e-02, -3.164282438073267e-02, -4.403882858297569e-02, -5.530743014658122e-02, -5.948897603416386e-02, -1.876662948739629e-03, 1.074238070622170e+00, 1.960637766882879e+00, -9.533452872892928e+00, 1.101875215749705e+01, -2.378641315826297e+00, -2.850215501357074e+00, -2.923216935481792e+00, 1.250375225796821e-01, 4.313047510722347e+00, -2.434528872409639e+00, 1.507408626132034e+00, -1.483152365388296e+00, 8.658436524066455e-01, -1.762199960946655e+00, -5.822469378702431e-01, 7.773694678463347e-02, 2.766254680145003e-01, -5.959869502569544e-01, 1.547405161262348e-01, 2.161563478800330e-01, 1.829314455586358e-01, -2.367495450298530e-02, -7.291226512112969e-02, 1.432418258847484e-01, -7.872690469183914e-02, 3.817329584158122e-03, -6.829070364347063e-03, 6.009136365629882e-02, -7.209603512093184e-02, 5.502660934616110e-02, -1.569173628852722e-01, 4.393515107988354e-02, -1.546627559391239e-02, -3.804837601102162e-02, -3.619221320059531e-02, -2.361701899182569e-02, -2.797358722820924e-02, -1.215948210974895e-02, 3.596669271347168e-03, 2.938592003545121e+00, -3.886275453639513e+00, -4.178176090223835e+00, 2.645692893817420e-01, -5.420247698317046e+00, 3.080704198079845e+00, 1.723116920033191e+00, 7.578263299991225e-01, 8.021835056580325e-01, -4.172606046249062e+00, -1.794256713888631e+00, -2.126899967609511e+00, 2.408122707430422e+00, -1.104998928266677e+00, -3.887805617726265e-01, 1.575060363222380e-01, 1.091889366590782e-01, -1.391247972553994e-01, 1.471227080350602e-01, 6.653026035796807e-02, 1.144559101046064e-01, 5.252199389157020e-02, 7.947943171567368e-02, 2.238533107150530e-01, 8.063520647620540e-02, 5.848866732458870e-02, -5.888406042117242e-02, 3.692028026949759e-02, 7.690348990883980e-03, 2.302978048036514e-02, -5.896153952465732e-02, 4.417479008560486e-02, -4.029558804289595e-02, -9.728074061424187e-03, -1.894265064781860e-02, -1.142558673958429e-02, -1.331816075288318e-02, -8.506092314544961e-03, 1.295956059137543e-03, 1.564221387009529e-03, 1.460700131857718e+00, -2.007729234965080e+00, -7.095091428580075e+00, -8.405281934620678e+00, -2.504279283367499e+00, 2.538990757679936e+00, 7.941412625314244e-02, -4.273238016101813e+00, -2.788799923948607e+00, -7.394988217788100e-01, 4.727545721258720e-01, -6.245794119852602e-01, -8.335195259536117e-01, 1.371690196831832e+00, 1.443058575554134e-01, -1.094078926107578e-01, 7.141498163996655e-02, 1.697940847027258e-01, -1.000902623617348e-01, 1.174339871595033e-02, 4.363187026025400e-02, 1.457906024643439e-01, 9.536352588646858e-02, -1.190239080848367e-02, -1.578006356662918e-02, -4.661781523417776e-03, 4.524665821796037e-02, -1.376059492355627e-02, -2.495378106922418e-02, -1.807488026551698e-03, 3.015541232051859e-02, -3.770243381060320e-02, 5.591459900137844e-02, -2.270475365545922e-02, -1.564592310079969e-02, -1.957736629651346e-02, -5.872651112814532e-03, -1.606690440348100e-04, -3.421881266784191e-04, -4.947434807741813e-04, -4.507737544764774e-03, 1.417259551350629e+00, -5.952469846864941e+00, -9.160455930079523e+00, -7.184828431272047e+00, -3.510194289392696e+00, 1.811651580692468e+00, -2.484042922273403e+00, -4.155735158742748e+00, -3.093868974925156e+00, -1.788469181691560e+00, -1.055710861004706e+00, 3.220395534689298e-01, -2.845990705612340e-01, -8.505119941720954e-02, -1.100784349004720e-01, 4.757968062712717e-02, 1.315064291122199e-01, 1.423689554540573e-01, 2.426306216537093e-02, -7.035875548760535e-02, 3.383645261502784e-02, 8.424069925142449e-02, 5.246533705097794e-02, 4.745667747660082e-02, 4.520152939585605e-02, 1.250917038814227e-02, -7.473908523634300e-03, -2.168055016063043e-03, -1.531519925915027e-02, -1.808953730086090e-03, -1.214497543856028e-02, -9.829583657289280e-03, 2.277203568336530e-02, -1.149861130444434e-02, -1.667310252190156e-02, -1.624931691541914e-02, -6.287586064482675e-03, -6.673394246511796e-03, -1.049668874543246e-02, -6.861060618482243e-03, 1.131132651894099e-03, 3.754723188671145e-05, 1.151855987448057e-01, -9.857689823763710e+00, -2.881905862564395e+01, -1.044856268295817e+01, 1.792246519982568e+01, -2.057612282583754e+01, 1.593268128794027e+01, -2.270348169518480e+00, -4.205543168081108e+00, 4.744254530305103e+00, 4.573376127005012e+00, -4.495552330051460e+00, -1.243292362479998e+00, -5.372344751975572e+00, 1.096771034152428e-01, -9.334261406301954e-02, 1.639218209024482e+00, -9.548259202029988e-01, -6.254485987585110e-01, -2.295816301066758e+00, -4.522529820140487e-01, 2.357179090409926e-02, 3.023422229462783e-01, 1.022851896328161e-02, -2.602130489300625e-01, 1.404932997891130e-01, -2.071747729892804e-01, -1.384433773987568e-01, 3.986471670463115e-02, 8.659064219021042e-03, -2.313853730179789e+00, -6.255518837603730e-01, 2.936445557271145e-01, 4.727214219646084e-03, -1.080859800235385e-01, 4.027113172759053e-02, 7.061589842012619e-02, 1.886447926621005e-03, -8.912833485450126e-03, 5.226589098378527e-02, -6.210622022655687e-02, -6.591763426044088e-03, 2.067117666793102e-02, -4.955369999449465e-01, -7.047321456278303e+00, 7.014346752680227e+00, 6.207648073199787e+00, 1.913296485107027e+00, -1.321682384688552e+00, 1.343567346832038e+00, 3.565026088884890e-01, -8.688883299859435e-02, 2.555449736090525e+00, 2.085954616902065e+00, 1.597438049965390e+00, 6.146237235498587e-01, 1.519540424454095e+00, -6.420291956242302e-03, -1.296018865766259e-02, -6.963510355610885e-01, 1.118548181677231e-01, 2.624922258190245e-01, 2.623050288344692e-01, -1.336090983418967e-02, -3.896015683569660e-02, 8.532555626507720e-03, -3.870490627084223e-02, -7.245323294378744e-03, -3.275119063455873e-02, 2.091454172634771e-02, 1.061890223366637e-02, 1.535242356074631e-02, -5.042186281445916e-04, 6.204926869354818e-01, 8.771220262543208e-02, 3.326670674509197e-02, -4.731039980717739e-02, 2.248076139071288e-02, 1.103684421351151e-02, -2.584142272295972e-03, -7.457771500072412e-03, -1.466435322974259e-03, -1.227923165012627e-02, 1.703391091880347e-02, 4.732107990171979e-03, 1.790138068864237e-02, -6.838269235041194e-04, 4.131380917442632e+01, 5.184271689454290e+00, 1.328120040241473e+02, 3.980732923541026e+01, -3.535052808978368e+01, -1.118341364788664e+02, -2.675790855895427e+01, 2.806273929559082e+01, 2.114557454044490e+01, 2.159635113062822e+01, 3.726883037110525e+01, 3.529860585959874e+01, -2.675028246964542e+01, -1.638192728717909e+01, -3.617232059074563e-01, -1.353403169480327e+00, -2.859873186997538e+00, -6.440127405503357e-02, -6.217874513231514e-01, 5.884420102468146e+00, 2.655333614359715e+00, 6.223214261206480e-01, 8.119073981740719e-01, 2.587021366370102e-01, -6.902063254465968e-01, -8.136561053378950e-01, 7.031234381987310e-01, 4.641073562654953e-01, 5.253915943099508e+00, -8.495469859354661e-01, 2.665371738240211e-01, 2.205661597303856e-01, 5.344808576581721e-02, -7.787037872250530e-01, -1.347255945926508e-01, 2.049371801649822e-01, 4.185642536807111e-02, 3.103925717139806e-02, 1.898757392312728e-01, 1.693694290513724e-01, -1.093228586971734e-01, -5.885269735878491e-02, -7.899468766366317e-01, 9.310944614854121e-02, 1.844079877094139e-01, 1.094258419612815e+01, 5.832251612901027e+01, -7.638955864907523e+00, 5.334605388397196e+01, 1.326696173579260e+01, 8.649033204009699e+00, -1.286515682659823e+01, 8.124886676195908e+00, 3.199646241783763e+01, 7.199550515069686e+00, 2.406180662193352e+00, -1.824135832267463e+00, -4.346313091064030e+00, 1.101695680355254e+00, -5.114959428200581e-01, -2.417977713102517e+00, 3.275466860399911e+00, -2.237332405608144e+00, -4.781733817286555e-01, 6.774799910994549e-01, 1.942490686865845e-01, -6.302836456339994e-01, -1.099161119405351e+00, 2.564379557709097e-01, 2.756652982721363e-01, 1.317754398817055e-01, 3.770061243240246e-02, -3.345220993164093e-02, -1.681663259355257e-01, 5.021146699590302e-01, 3.207227044922966e-01, 1.221067700909514e+00, 4.429105835309131e-01, -5.691597195611785e-02, 1.653895706566086e-01, 2.196770490531569e-01, 2.114757630340081e-01, -2.071324160461609e-02, -2.679686234325961e-02, -2.524879869481663e-03, 2.415973932812029e-02, 1.646043327891075e-02, -2.678269929336317e-01, 1.238390741540985e-02, 4.927897514826607e-01, 1.304916593827713e-02, 1.249761537491917e+01, -9.670631502197357e+01, -1.132640894225290e+02, -1.102319275480827e+02, -5.929490066978728e+01, -4.286339138565013e+01, -8.738979648593779e+01, -6.078998491784645e+01, -2.128618290368865e+01, -2.351046449822182e+01, 1.458204381166311e+01, 1.743681593130196e+01, -1.257014826628875e+01, -4.266755414360325e+00, 4.294579879117731e-01, -1.087160735397848e+00, 2.899728521098011e+00, 3.394547533854063e+00, 8.477381075293043e-01, 1.735449710972355e+00, 1.809353635660164e+00, 7.232220589502283e-01, -1.343546668591669e-01, 6.077815340226094e-01, -2.098607234515322e-01, -3.250500609009127e-01, 2.794522064451977e-01, 1.052154579249697e-01, 1.057678784290884e+00, -2.531241042532989e-02, -3.515958008017257e-01, -8.244222531939773e-01, -3.920826311521866e-01, -5.058651376895843e-04, 5.580306975881602e-02, 5.304988814293462e-02, 1.601525689945842e-01, 4.718304743292039e-03, 4.754023123905537e-02, 4.583004534078205e-02, -3.292328787632493e-02, -1.418496104331102e-02, -5.658528794905887e-01, 1.690366504416796e-01, 7.727106265756279e-01, 5.380584033213909e-01, -7.112552956241028e-02, -2.710477167473935e+00, 6.798444756714801e+00, 9.178329131065988e+01, 3.528026744430375e+00, 2.098944893886491e+01, -1.764607813479094e+01, 4.401421567372202e+01, -1.831135949453862e+01, 3.326789204916949e+01, 4.913023816213133e+00, 9.347333450375748e+00, -1.924285126111160e+00, 3.588887564502401e+00, 1.515404538635074e+00, 2.656168997869507e+00, 1.321006924805520e+00, -1.157514489570800e+00, 2.358906703830304e-01, -4.541868528703649e-01, -2.565647365568489e-01, -7.226592812662807e-01, 1.228852995829721e+00, -1.504743998425485e-01, 4.465493952926124e-01, 2.277616667872218e-01, 3.808410756189690e-01, -2.595924854168534e-01, -9.673063134023553e-02, -1.487409171873715e+00, 1.496827715460642e-02, -2.499471730136767e-01, 1.945345500251930e-03, 2.412488586008044e-01, -1.623568196107211e-01, -7.222973128158063e-02, -2.701958567932228e-01, -5.267485287517892e-02, -7.873040865677576e-02, -4.632566398131372e-02, -6.021021232393922e-02, 3.224046348648652e-02, 1.002238772536862e-02, 1.609670523121650e-01, 1.960039792676701e-02, -1.556714533304308e-01, -1.557163509008704e-01, 3.643007157951923e-02, -7.290221830213484e-02, 1.183554057109514e+00, -2.161140597029383e+01, -2.234081317020178e+01, -3.892643227861608e+01, -2.254783437182597e+00, -2.019109803053309e+00, 9.616786206008042e+00, -4.612754522280995e+01, -6.397600463346941e+00, -1.650181889531847e+01, 2.803355791997365e+00, 3.964429459360991e+00, -3.280636194693757e+00, -2.140194679784857e+00, 5.436032866828805e-01, 1.444975359782749e+00, 1.114496665145558e-01, 1.079088702097386e-01, 1.670374397696420e-01, 1.046117526121655e-01, -1.232135384384215e-02, 1.289494129189264e+00, -1.387512860877729e-01, 3.211821518233506e-01, -3.678409147781878e-02, -1.049263768448616e-02, 3.515337556539273e-02, 7.996274553828278e-03, -5.670050878818241e-01, -1.604105448381603e-02, -1.274006859732931e-02, 2.751034618831749e-01, 6.517046026227868e-02, -3.321062373258975e-01, -1.592844394087727e-01, -2.790471484204324e-01, -2.815107723792288e-02, -9.247070949811122e-02, -1.811706536323476e-02, -1.600330350729053e-02, -8.859178494517461e-03, -3.384223984424071e-05, -3.234607510395686e-01, 1.820977394308290e-01, -5.652731337748202e-01, -3.170938215336346e-01, 1.441848582079668e-01, -1.047845053363724e-01, -1.950074231046112e-02, -1.470699093319267e+01, 1.526245990657999e+01, 9.355731380784603e+00, -3.016809122417461e+00, 1.531450740298469e+01, 1.557714843017403e+01, -1.405320341395690e+00, -3.571376035150839e+00, -7.635015463862275e+00, -5.049968511329510e+00, -2.461337253820356e+00, -2.270129060028449e+00, -3.029392180071240e-01, -3.749946937101322e-01, 7.069309836796898e-01, 1.140636259141008e+00, 1.003053085833646e+00, 8.216822781547608e-01, 3.326595578980752e-01, -6.179860192153565e-01, -1.955915161973587e-03, 1.620987626642844e-01, -4.127613186165733e-02, -6.879201897156470e-02, -1.481669447889438e-01, -7.433054233578537e-02, 5.001829724459653e-02, 5.477873389892339e-03, -3.756246716103507e-02, -1.034284891377054e-01, 7.265596000626014e-02, -3.720211101971130e-02, -7.767165703621395e-02, -1.414546691898764e-02, -7.642375059422625e-02, -6.981350594870298e-02, -2.467668185482383e-02, -5.560537348508700e-02, -3.873804366309457e-02, -3.074284690819984e-02, 8.620002822158921e-03, 5.085238585574399e-03, -1.553935997352917e-01, 7.924797095082761e-02, -1.754654086761199e-02, -1.868940889287633e-01, 1.623124029908871e-01, 3.290784498016316e-02, -8.313045013199634e-02, -6.528855314722105e-02, 8.485902146985579e+00, 2.179361551560480e+01, 3.237532156551330e+01, 1.803380430748320e+01, 1.766805331395593e+01, 1.505290244990491e+01, 2.080615783952309e+01, 2.379708065726410e+01, 1.354505256267987e+01, -5.094878206682354e+00, -2.178551707687665e+00, -1.524172178355011e+00, 3.080629480052167e+00, 8.396115571822773e-01, -1.288966084124368e-01, 5.430803319701867e-01, -5.973449801952077e-01, -2.642268116014904e-01, -7.516001814684838e-01, -5.388786968419147e-02, 1.582198732734967e-01, 4.337325250394862e-02, 2.925903703200594e-01, 2.678958736258906e-01, 6.626399958267956e-02, 6.782395899402530e-02, -1.081867637884711e-01, -4.149843607677695e-02, 2.424204744594691e-02, -8.462416637018046e-02, 3.682290545034546e-01, 2.947598857131654e-01, 8.492879475982175e-02, -5.028128791419392e-02, -6.592762497803699e-02, -2.135637665884673e-03, -5.962905366203100e-02, -4.764709169087183e-02, -3.820432108272335e-02, -2.404848000700017e-02, 2.329945580848869e-02, 1.133170952065428e-02, -2.958019502389441e-01, 8.482748946503658e-02, -2.421106802751698e-01, -2.175984212526076e-01, -7.091089816500132e-02, -2.234771196032015e-02, -6.233046229234793e-02, -4.765233451476981e-02, -5.682413736936815e-03, 1.610551603625247e+00, 1.094989989263447e+00, 5.746186703014184e+00, -2.925453785631531e+00, 6.015965708284802e+00, 9.304022735025368e+00, 1.428624861693349e+01, -2.030067095208257e+00, 3.274948618882175e+00, -6.487004703247112e+00, -1.209859421599490e+00, -6.349738987216365e-01, 1.505344133413968e+00, 4.241150651348740e-01, -2.481186934077325e-01, 8.865624439735846e-01, 3.323259012301079e-01, 6.385290222689605e-02, -4.029812589783617e-01, 2.608461775335551e-02, -8.136085493392149e-02, 2.300482448534047e-01, -2.758919107849267e-02, 1.439268852098064e-01, 1.246434958138335e-02, 2.661353246481123e-02, -5.583502516180729e-02, -1.858255705118582e-02, -1.284779267122571e-01, -5.489126098650501e-02, 3.603685371784753e-02, 1.368413570265720e-01, 1.181495621154601e-01, -4.849158017724887e-02, -5.536360538135430e-02, -3.661287647570770e-02, -1.909147626433081e-02, -3.758073334180460e-02, -1.156290603752623e-02, -6.552787795250453e-03, 2.142331630557813e-03, 9.230721606719723e-04, 2.503118562466119e-02, 2.408484904568470e-02, -2.619948697113119e-02, -2.974102693740643e-02, 5.858708779016249e-02, -2.026998628869591e-02, -5.246242546254492e-02, -1.412993098741084e-02, -2.227577776601064e-02, -1.079565832860465e-02, -3.188802479203965e+00, -1.799529539947191e+01, -1.928244253675975e+01, -1.311898536798811e+01, 3.727943875660286e+00, -6.969380570209672e+00, -8.111148085769489e+00, -9.443538256500407e+00, -4.254436096231856e+00, 2.152768539758630e+00, -2.440968048218178e-01, 1.333946422246469e+00, 6.597190981754039e-02, -9.949340540317811e-01, -1.020279162987485e+00, 7.898994780244033e-01, 5.670586224372322e-01, 8.000119128591228e-01, 2.011958401914634e-01, -2.332427586584444e-01, -2.222267018069022e-01, -8.846326865061744e-03, -1.002057454782270e-01, -1.673484122379665e-01, -9.540060414471070e-03, -3.416624461302974e-02, -2.219487939851484e-02, 1.001366508884804e-02, 1.539103586871269e-01, -5.882230290577820e-02, 4.198013803835172e-02, -2.583136204590998e-02, 4.293275076110489e-02, -6.612323529987213e-02, -4.480329267279184e-02, -5.785911717018900e-02, -3.118776466191726e-02, -2.272731722552871e-02, -1.672350636630755e-02, -9.476987908442794e-03, 4.864663736225022e-03, 5.287382324909274e-04, -2.524978247010513e-02, 1.751350926869077e-02, -5.193248349905791e-02, 7.314823951822194e-02, -5.422681027861365e-02, 8.968993233731064e-03, -9.921516012938444e-03, 1.669289138658368e-02, 8.171425214103027e-04, -8.639789131964268e-03, 5.072240822684791e-03, 1.762555028734214e+00, -1.051105680406336e+01, -1.194346182908991e+01, -9.856508049614623e+00, 2.164776769884059e+00, -1.809342449025214e+00, -3.413969164049653e+00, -2.759907567987248e+00, -2.269080954574199e+00, 5.165036742518916e-01, -2.146175686654886e-01, -6.533052252105536e-01, -1.857605701087725e-01, -4.675655499147840e-01, -5.983434174121464e-01, 3.714092856644315e-01, 2.768905574064839e-01, 3.941078188838352e-01, -2.587383901711015e-02, -4.513640025596995e-02, -6.501796550489362e-02, 3.032019732405643e-02, 4.642937399017315e-02, 7.141070539313494e-03, 4.076590218663335e-02, 5.718586322879057e-02, -2.549261354100923e-02, -2.801558930817898e-03, 9.309789243199164e-02, -3.065007802503175e-02, -2.169964434336113e-02, -5.249090851831124e-02, 5.265044974870981e-02, -3.382207612132806e-02, -1.320675350847260e-02, -2.048968992156577e-02, -2.456240827958973e-02, -2.169805870597791e-02, -1.890982187841829e-02, -1.282971100806376e-02, 2.050510111810486e-03, -3.752582482469553e-04, 3.268337153183154e-02, 4.564261915541493e-03, -3.950015713882983e-02, 1.056659679889828e-02, -3.727801311144081e-02, 1.501440792900883e-02, -9.969368827415875e-03, 1.024094418650956e-02, 7.056750573732160e-03, -1.554062136004851e-03, 3.967829072046765e-03, 1.838432100659615e-03, -2.255640389421827e+00, 1.685581562018215e+00, 2.600220702185570e+00, -2.309931029666350e+00, -1.507448248164221e+00, 9.509622901336672e-01, -7.201908775401695e-01, -7.592606634208618e-01, -1.857942601579792e+00, -2.392419085080405e+00, -1.376193961952724e+00, 5.032242351253416e-01, -7.201871408833495e-01, -1.132639175175834e+00, 2.854403313780594e-01, -5.658912205409151e-02, 5.999456450351578e-02, 9.211411815237502e-02, 1.476013998034112e-01, -1.010671679140057e-01, -1.579487588449418e-02, -3.687980986196277e-02, 1.894656508894045e-02, 5.186344901133996e-02, 4.736460994858026e-02, 1.467664375715839e-02, 1.293840620989750e-02, 1.532586883355008e-02, -2.898429730610963e-02, -5.595262027722554e-03, 3.495565628759696e-03, 1.118588469011541e-03, -5.109574426157589e-02, 2.775877733244689e-02, 6.499897901919001e-03, 7.159098469467936e-03, 9.839928222708603e-04, 6.431810618815413e-04, -3.134113574024132e-03, -1.446228745518175e-03, 1.224391224482200e-03, -1.203297274960503e-03, -1.070503458452985e-01, 8.529389749085337e-03, 3.391256792811168e-02, 1.559921110463671e-02, 2.945862931145657e-02, -1.666002124586350e-02, 2.414881812182304e-03, -1.032668114662172e-02, -5.634378127643615e-03, 9.986207905769047e-04, -3.242529831029066e-03, -6.318830301815428e-04, 1.612198152893801e-03, 8.463955487709874e-01, 2.053051196302740e+00, 2.346698912713023e+00, -4.903933337313948e-01, 4.939444448169073e-01, 2.797998493602117e+00, 2.454260136373915e+00, 2.043517483387603e+00, 1.466335896197437e-01, -1.684134825630739e+00, -5.452672675136678e-01, -1.185092678353284e+00, -1.156316435812792e-01, 2.329192657787377e-02, 1.412310620712400e-01, -8.693314939122078e-02, -6.175702569169104e-02, -6.693217286627670e-02, -7.695575855505708e-02, -6.286655649054747e-03, 1.891427760158624e-02, 7.276787529626031e-03, 4.106412580067487e-02, 6.570823434044891e-02, 2.077770334570042e-02, 3.282971796414461e-02, 5.824180565817354e-03, -1.677021950398964e-03, -1.927237122421334e-02, -1.166436041279235e-03, 4.865650186837714e-03, 6.083259053642241e-03, -1.315087240992419e-02, 1.649383890612786e-02, 3.330731117626514e-03, 4.248979452148508e-03, -4.687649698143188e-03, -3.432693223910638e-03, 6.618904352565212e-04, 8.064935902595802e-04, -8.686394485178908e-05, 2.446331532263731e-04, -4.576574250402368e-02, 8.155911776617186e-03, 3.533833010466871e-02, -3.152070867059018e-03, 6.449003007376906e-03, -1.817527191678402e-02, -8.266253154217633e-03, -1.107429789814469e-02, -4.816755446706220e-03, 1.875939915803147e-03, -3.583792074258285e-03, 1.665358079960856e-03, 2.584292772310263e-04, -3.661359692696151e-04, -1.847656167742836e+00, 2.897649302839178e+00, -5.038859911807762e+01, 5.469253879988849e+00, 1.928430994495490e+01, -8.504025034210450e-01, 2.704245686566014e+01, -1.620440904668817e+01, -7.645824282168839e-01, 1.674254943614381e+01, 5.893296212167368e-01, -2.422750424917018e+00, -1.257624802224346e+00, 1.793026140801785e+00, -1.278682318683523e-01, 2.701503742083907e-01, -2.828913852434232e+00, 7.626279179590473e+00, -7.499595151652634e-01, 3.310571295822900e-01, 7.784115545455295e-02, 7.634710015022516e-01, 7.939534311799100e-01, 7.912694269443047e-01, 1.835176593854044e-01, 2.276354921807908e-01, -2.470206053702299e-01, 1.615639800838480e-01, -9.768843167913068e-03, 2.123749553637884e-02, 6.767990736244052e-01, 8.548364700657848e-02, 9.370505638516530e-01, -2.881269580808835e-01, -5.929424522930012e-01, 9.854734764537038e-02, 1.331675046402296e-01, -3.692631639923530e-02, 2.100465660773663e-02, -2.250144906991171e-02, 2.549468610048063e-02, -7.014501928049952e-02, 7.597776389436770e-03, 1.255866404710159e-02, 3.434893090580910e+00, -6.746090066554042e-02, 2.890032778148152e-01, -3.377481793108075e-01, 5.301546178357908e-01, -2.249509664886343e-01, -3.948903747414671e-02, -7.629766781493720e-02, -1.037471891529856e-01, -3.999210045378117e-02, 6.053510995588576e-02, 9.012273845633340e-02, 1.999315276518295e-03, -5.192591798605980e-01, 2.668609413800964e+00, 1.749466839415145e+01, -4.703401946363263e-01, 7.165729242521903e-01, -7.302625466569977e+00, -2.134521390885798e+00, -1.071241533333513e+00, 9.220199623616561e-01, -4.779862708671898e+00, -7.285277717583801e-01, -1.884559084354796e+00, 8.537276250371774e-01, 4.815420223617144e-01, -7.603801647242317e-02, 1.246901200243201e-01, 9.805286883680211e-01, -1.843937823589965e+00, -1.956374522947770e-01, 6.248609711477889e-01, 2.960613778998467e-01, 2.227598140055467e-01, -1.555605765364529e-01, -1.341707705928568e-01, -6.130345035313016e-02, -1.353238585058694e-02, 2.548610365289384e-02, -6.047829651065571e-02, -1.251305237064960e-02, -3.657478095237708e-03, -3.087826329215513e-01, -9.117410873599976e-02, -1.539537937384239e-01, 1.559260164028737e-01, 1.700159329428764e-01, -2.148414371381210e-02, 5.178320042380595e-03, 1.305906133669503e-02, 6.836322872446947e-03, 1.354716454205742e-02, -5.837332116756102e-03, 1.520668514062640e-02, 2.826606711818818e-03, -2.784938567725315e-03, -4.965973588736995e-01, 2.863856528285055e-01, 2.486011964770533e-02, 3.563011780522684e-03, -1.352949827072143e-01, 4.075826550310546e-02, 1.577812803998212e-02, -9.054134007731564e-04, -3.738224596866390e-03, 1.698107910406026e-03, -1.910782642908679e-02, -1.908471744786869e-02, 1.084378718452226e-02, -5.371861708493517e-04, 2.139479735110072e+01, -2.314334677333461e+02, -3.493944229544878e+02, -2.327094056925948e+02, -3.214545260820211e+01, -4.004352587986842e+01, -3.048836583651736e+01, -1.719688443600765e+02, -4.127041211576045e+01, -5.585005884856695e+01, -5.180005440257818e+01, -4.076845579587534e+00, 6.212108131282069e+00, -6.345729332882502e+00, -2.405044593107576e+00, 6.192804852302209e+00, 4.733894804805385e-01, -1.991164284719543e+00, -2.717174854767070e+00, 1.990181608942299e+00, 1.078336824520346e+00, 3.848212032646400e+00, 2.773126032775021e-01, 5.882069935845289e-01, 1.074365331926461e+00, -8.159547575915879e-02, -5.371862155601659e-02, 2.020744237376802e-01, -6.380965321118323e-01, -4.573376810917757e-01, -8.030256204063035e-01, 1.502605423625240e-01, -1.141168136304161e-01, 5.206887310108319e-01, 3.610337482753946e-01, -3.442148829502158e-01, -1.179095683542494e-01, -1.963839628634864e-02, 3.159671435834530e-04, 8.530691577303368e-02, -4.804653130005142e-02, -2.576422249244245e-02, -3.415372525072235e-01, 6.369116797473545e-02, -2.008624896822226e-02, 3.917310081760863e-01, -2.891155013430350e-01, -3.262737977644036e-02, 5.357378589454354e-01, 1.081997730516535e-01, 3.525357748162726e-01, -8.815752192405396e-02, -4.280293113429613e-02, -8.927603129196258e-02, -1.258015073054620e-02, 4.793408653316259e-02, 1.501622550936380e+00, -5.297709550811787e-01, -5.194941103856809e-01, -2.434072596406622e+01, -5.529062966275919e+01, -4.148723902142942e+01, 3.988634447390983e+01, 6.287691156340158e+01, -7.854491485886471e+01, 1.257239908618563e+00, -1.854333197647097e+01, 6.635974045695917e-02, 3.040279047164594e+01, -7.507007485275964e+00, 1.056795504648267e+01, -9.088043816369552e+00, -9.511165200719088e+00, 2.450099562600240e+00, 5.221993344662916e+00, -4.835088925837342e+00, -1.404008622746074e-01, -2.620468376592219e+00, 4.189949714240161e-01, -6.704358507408875e-01, 2.156745373471949e+00, 1.135933557732351e+00, -2.448783807803332e-01, 2.581973840850353e-01, -4.015887520700031e-01, 4.639294299740970e-01, 1.598009834141561e-01, -3.217636309446552e+00, -1.883424647562064e-01, -2.896803180145110e-01, -5.265033369177724e-01, -2.240006548573088e-01, 6.548179171550813e-01, 4.168748339011073e-01, -1.451025035598664e-01, -1.322664889696304e-01, 1.401267544933867e-01, 7.848280678593497e-02, 7.631486977189980e-02, -1.107952356795659e-01, -2.313767449621098e-02, -2.758498150803291e+00, 4.811299642562742e-01, 6.402597495903722e-01, 5.913973707891966e-01, -9.543830670759971e-01, 6.308586851806791e-03, -7.461514143429891e-02, 2.290495343934843e-01, 3.346911050291149e-01, 1.848606819580667e-01, -5.108623979153026e-03, -1.800712418245678e-03, 2.675882800863433e-02, -1.737128387495410e-03, -1.567003193271913e+00, 1.196403202343334e-01, -6.710416932164393e-01, -8.597476804190295e-02, 3.350627111085817e+01, 1.792739817112865e+01, -7.698442480295503e+01, -1.454529218737060e+02, -9.154120142691639e+01, 8.522935738968276e+01, 7.596905847969303e+01, 6.750334957781119e+01, -5.352691173986192e+01, -6.343911881472443e+01, -7.105854273323017e+01, -5.749480485912472e+01, 4.146362426607785e+01, 1.485963856266598e+01, -1.129420461746912e+00, 2.643418967018774e-01, -6.601115368646873e+00, -8.412975236089543e-01, -8.862771033781829e-01, 5.052953527753583e-01, 3.435623957327993e-01, -6.917810360214512e-01, 2.692334039659866e+00, 1.303527543571952e+00, 5.193215646009198e-01, 6.073283201601010e-01, -6.592384165317272e-01, -2.966719007083660e-01, -3.044124570181953e+00, 2.295713350900496e-01, 1.010444220195745e-01, 4.823008648352329e-01, -2.120075475241139e-01, 6.942213864971738e-01, 8.785736566285608e-02, 3.849906083518149e-01, -4.956606202355066e-01, -3.029500273475406e-01, 2.435431059491578e-03, -5.746774517566043e-02, 8.007654973089962e-02, 4.014947012000309e-02, -4.899913003614542e-01, 5.044430068087128e-02, -8.090499391378873e-01, -2.154607986704979e-01, 8.057725982885157e-01, -2.161801468115962e-01, -6.932941833131362e-01, -2.244276292760338e-01, 3.169979347430641e-01, 1.104777011370021e-01, -6.245970827334291e-02, -2.670099565960555e-02, -3.460575263178984e-02, -3.389706450076942e-03, -6.428709635939744e-01, 1.676567145090940e-02, 4.383232018764082e-01, 1.054226350427619e+00, -6.597374422786758e-01, -3.952192721484447e+01, 1.524587246285579e+02, 1.711314937176852e+02, 2.377032608197595e+02, 1.066269048713124e+02, 1.893274210574259e+01, -3.546620867482353e+01, 1.031978450634964e+02, 5.259191921442888e+01, 6.481024717401117e+01, 5.197384450804604e+01, 1.543221322540169e+01, -3.107268137257803e+00, -2.651052798485689e-01, 2.481354337632375e+00, -4.349664079139518e+00, 1.246813094399988e+00, -2.508765569115503e+00, 9.963955914914279e-01, -2.407895139519497e+00, -7.645900660000086e-01, -3.802376378629354e+00, -1.414292661096684e+00, -1.781002581981305e+00, -7.185873462976143e-01, 1.144209163856958e-01, -1.804810649088895e-01, -7.180019168559933e-02, 4.009044923849518e-01, 1.534457507693043e-02, 6.535816576265593e-01, 1.081339371313165e+00, 2.823713191682574e-01, 3.965886590809577e-01, -8.743584550961099e-02, 2.310117279523413e-01, 5.253730992650264e-02, 5.952496038290678e-02, -1.288537101505406e-02, -7.564078764694242e-02, 4.201849941177662e-02, -6.033376768158204e-03, 2.630212739468007e+00, -5.202131468834075e-01, -1.059200858429282e-01, -5.527605991450942e-01, -4.480748554448619e-01, 4.323183243426359e-01, 6.960611251820213e-01, -3.199970935882755e-02, 1.172546206316509e-03, -4.308994254341079e-02, 7.028385770909253e-02, 5.664905409450090e-02, -1.652288191921723e-02, -7.953171814183566e-03, -1.011900831112799e+00, 2.326633596053388e-01, -1.054422508578672e-01, 6.789316223077224e-01, -4.867470073185691e-01, 2.849331265420404e-01, -1.900117674530837e+01, 7.769485684748760e+01, 1.724902610716826e+02, 1.063321506503583e+02, 6.649848979430513e+01, 1.413914344249556e+01, 5.223338905857107e+00, 5.768279372091183e+01, 6.526672835853246e+01, 2.972952582767304e+01, 1.263907136776320e+01, 1.017763569494106e+00, 1.975821616896411e+00, 3.435793150181738e+00, 7.865835623813179e+00, -4.447619523913921e+00, -3.263037795024651e+00, -1.076763593623921e+00, -1.226260651826137e+00, -2.748841119061580e-01, 2.081850643904238e-01, -1.344816550032602e+00, -9.585613951774736e-01, -3.973409508633398e-01, -1.844517797320155e-01, 9.754725530917553e-02, -1.299558041823525e-01, -3.663786287480374e-02, 1.716207974482837e-01, -3.622683535179829e-01, 1.785148313494499e-01, -3.066019934809350e-01, 2.440028562056304e-01, 2.597429393060793e-01, 2.569139390115716e-02, 7.125186846535672e-02, -1.643817759791381e-02, -1.539470360034598e-02, -8.662397027546363e-03, -1.958715149688627e-02, 1.188965598624410e-02, -3.046920699324843e-02, 7.267417268362844e-01, -1.013910231683674e-01, 1.343653341012311e-01, -4.240323270634806e-02, -6.236196891460600e-01, 2.589883374549992e-01, 3.141044704157684e-01, 1.272276601477091e-01, -5.210492799682524e-03, 9.543375492127269e-04, -8.907406834269582e-03, 1.317511612355776e-02, -1.795016513736044e-02, -8.333901684741614e-03, -3.062679209771662e-01, -3.619365278644170e-02, 1.362388332677400e+00, -1.243542118299165e-01, 9.000849976139624e-01, -7.419107314391794e-01, -3.347910480419274e-01, 2.650211750536347e+00, -8.527956916897610e+00, 5.072674359776735e+01, 9.424410507735126e+01, -2.717926791932057e+01, 1.603440216468070e+01, 2.726920453912675e+01, -5.665718865552368e+00, 1.513849274205749e+01, -2.906595388043932e+01, 1.274341652014686e+01, 7.973137630151487e+00, -1.727930353091730e+00, -2.711398354009301e+00, 4.393515891080465e+00, -3.402226286827170e+00, -1.794499273762517e+00, -4.889043483750813e+00, -3.149804737770756e-02, 9.786329003755147e-02, -3.333142718102297e-01, 5.133904609779136e-01, -3.564181432780929e-01, 4.563999008155846e-01, -3.909846086621895e-01, -2.479256701042031e-01, 9.011639264111287e-02, 7.859509502873956e-02, -3.238615225392326e-01, 6.983524610521546e-03, -2.752921610579727e-01, 4.074306180913465e-01, 4.588448944247673e-01, 1.881291412165365e-02, 6.921270830589188e-02, -2.777758935855091e-02, 5.478217172567080e-02, -2.680185269140162e-02, -1.548689085727732e-02, -4.530340664577494e-03, 1.607143310350961e-03, -8.161691377490687e-03, 4.880910522395350e-01, -9.425243887004313e-02, 1.026761747824562e-01, -3.906022561868051e-02, -3.511967523334397e-01, -1.130903043578495e-01, 7.197019146069190e-02, 2.982096037078086e-01, -4.459970170274728e-02, 6.840748062339835e-02, 2.443879446124671e-03, 1.145494774431596e-02, -3.924071323469909e-03, 8.357836406640470e-04, 2.474538488889191e-02, -7.099086433624409e-02, 1.467832617619509e-01, -7.138633866444799e-01, 4.293554090158566e-01, -4.928077348910652e-02, -7.665898510062250e-02, 3.673990051393257e-02, 1.386697969511008e+01, 5.210305569784823e+01, 2.681647460218313e+01, 9.675771693507653e+01, -2.566193380710698e+01, 6.973119544100918e+01, 5.455771322291560e+00, 1.481047040177241e+01, 1.561806224920240e+00, 3.392455222804276e+01, -6.526024591781979e-01, -9.819371104639574e+00, 1.237230146275657e+01, 5.755262136589499e+00, 2.333709645977367e+00, -2.587315830284425e+00, 1.814978364288717e-01, -3.421382473535854e+00, -1.471537504888961e-01, -4.493736162803573e-01, 1.236686550973829e+00, 5.307410159565010e-01, 4.324234345719314e-01, -6.740856315007471e-01, 4.161313538700151e-01, 4.469147244497327e-01, -3.662178130306884e-01, -1.118673892487843e-01, -9.299216740332551e-01, -1.379106125658147e-02, -5.527797567208045e-01, 2.215753458217698e-01, -1.139034104694607e-02, 1.322925242465496e-01, -2.195086139546427e-01, -7.167078565147039e-02, -4.335392387447981e-02, 8.434676142322704e-02, -9.225891666922681e-02, -8.106354670465271e-02, 5.836214044902061e-02, 1.101272533603219e-02, 5.958192813604548e-01, -9.759684632587552e-02, 5.667016670388125e-01, 3.380194882624111e-01, -1.464410615315711e-01, 1.444157008274507e-01, 5.296051525782255e-02, 7.403891641627115e-02, -2.513335783921411e-02, -2.206407968189460e-02, 4.913308377090094e-02, 1.877498610085728e-02, -2.955601636994184e-02, -1.376761668364066e-03, 8.909337179863426e-02, -1.803946159983537e-01, -8.707059988697503e-01, -8.300845670422735e-01, -5.146688511252628e-01, 1.478018492072886e-02, -8.169487859282021e-02, 3.118376621677860e-01, 1.255323603983524e-02, 1.412873367178277e+01, -1.823221175056205e+01, -2.408155878921001e+01, -2.799603989426256e+01, -3.438679350359385e+01, 5.476955642019647e+01, -1.224192303504877e+01, 8.190823003989899e-01, -3.649372400657910e+01, -2.505985554019212e+01, -7.856364847398929e-01, -1.898524299929525e+00, 1.132258358995147e+00, 2.822032904858454e+00, 1.888893134232977e-01, -8.406360459218016e-01, 2.876753221507410e-01, -2.485553528310316e-01, -3.681650232679286e-02, -6.274715539799063e-01, 1.098262671704350e+00, 2.445263174205680e-01, 1.122023641857321e+00, 4.664714517859647e-01, -1.765143475966680e-01, -2.607170891724991e-02, -4.180912774187921e-02, -9.911733584172697e-02, -1.511615336696383e-01, -6.860361680533374e-02, -1.223900313530745e-01, -2.460126943398528e-01, -9.294689474604718e-02, -5.733054707992921e-02, -1.876347649787257e-01, -5.793113337590240e-02, -1.193073750782605e-01, -5.695629450082209e-03, -4.447566751675353e-03, -1.012527901006689e-02, 1.673805223584192e-02, 2.120016502649080e-02, -5.454960092198450e-01, 8.755685651853065e-02, -1.215177858789556e-01, 7.567281070675463e-03, -2.367570165348552e-01, 7.132205490655254e-02, 1.056931440547609e-02, -4.437604538285808e-02, 1.172363610586455e-02, -4.143710701291281e-03, -7.237581568044254e-05, -4.802578077731934e-03, -9.264252993215106e-03, -1.002912842639745e-02, 3.263252401812683e-01, -1.084987971447422e-01, 2.926165087747878e-01, 1.228820431265729e-01, -1.061554137787096e-01, -4.592918337404468e-01, -1.476744824921452e-01, -1.118674032499958e-01, 1.132772664397414e-01, -9.562447759267083e-04, -7.067521121895656e+00, -1.921590707342476e+01, -9.441018662916878e+00, -2.722515534031957e+01, -1.796296303337573e+01, 1.809152556196169e+01, 1.063481898910220e+01, 6.176181840942918e+00, -4.233308796957425e+00, -1.430332006102320e+01, -1.670871806475708e+01, -1.627447049328173e+01, 1.110402590263306e+01, 4.373293280342709e+00, 5.084211224608993e-01, 3.570058288600961e-01, 7.199894984088860e-01, 8.143987450544775e-01, 8.802248085910568e-01, -7.317343538666741e-01, -4.502051802251809e-01, -1.919014692104710e-01, 7.481116974845820e-02, 3.458540329178727e-01, 2.952144295014248e-01, 2.838125162943889e-01, -1.874748909302556e-01, -5.417693919760706e-02, 9.891481599762340e-02, -5.731437529930641e-02, -1.714550830466753e-01, -1.951756005760102e-01, -1.209239669216970e-01, 6.926053544247814e-02, 4.608848225869695e-02, 1.422055294836855e-02, -4.554842023600268e-03, -1.213172423983176e-02, -3.004430618197510e-02, -2.588233505006411e-02, 5.233070989216054e-03, -2.670493569795213e-03, -6.197381716723732e-02, -9.326602265469326e-04, 1.608505137163086e-01, -1.016605141240453e-01, 8.003730318095176e-02, -5.068317083068516e-03, 1.499460041298296e-02, 1.665173271833702e-02, 2.193793509266181e-03, 1.489743213171755e-02, -7.496815012541905e-03, -1.710952399043278e-02, 1.253296111336541e-03, 1.274271412952176e-03, 3.814652720291138e-01, -9.589301251670607e-02, 5.112156982006984e-02, 2.495086419004436e-01, -6.146692478983135e-02, -1.906594198775081e-01, 3.745244707239617e-02, -7.882968672044396e-03, -3.833861308266606e-02, 5.931376251168465e-04, -1.300529221871404e-02, -3.324205603204833e+00, -2.294643533803559e+00, 1.315368272929181e+01, -5.478353981604302e+00, -6.866303083620607e+00, 1.491891472110332e+01, 1.356690148445694e+01, 1.221120232143927e+01, 3.453236040057894e+00, -5.186370408382411e+00, -1.000255972898861e+01, -1.085097565135190e+01, 9.075211441130691e+00, 3.888742380777304e+00, -2.901697000104946e-01, 2.061962926350133e-01, 3.594757736307147e-01, 7.684470177887425e-01, 7.363140451318599e-01, -7.531339212990555e-01, -5.229711059749862e-01, -2.977952778818002e-01, 2.425533543534071e-02, 2.369540678576036e-01, 2.671033706439546e-01, 2.826943279432038e-01, -2.215352874592046e-01, -8.231246505108292e-02, -8.438011526612481e-02, -2.989127014476771e-02, 2.339372498883177e-03, -6.056777931688490e-02, -7.639859185992774e-02, 2.859750635362235e-02, 6.537961189109895e-03, -1.569438275352329e-02, -4.166722149649291e-02, -4.806188553108809e-02, -4.982145603342737e-02, -4.115820416449603e-02, 2.850193730162026e-02, 8.655857368901298e-03, 1.904689105310670e-01, -2.904955859483251e-02, 1.214178709277799e-01, -2.939856557134603e-04, 4.049644919321892e-02, -3.820206717992376e-02, -1.204983950738687e-02, 1.658746195233294e-02, 2.281463714695939e-02, 1.723859578821386e-02, 8.605526586117435e-03, 1.254900662403086e-02, -1.084055214897338e-02, -5.243453493759855e-03, -2.544032596866671e-01, 1.855109625054991e-02, 6.497012476065693e-02, 2.856903802929695e-02, -2.119814148576908e-01, -6.560067968375489e-02, 5.022135194637019e-02, -2.337688493066511e-02, -2.410719625419724e-02, -1.009201804525693e-02, -1.621522128231132e-02, -1.412680985613628e-02, -1.376527438112646e+00, 1.180991567481794e+01, 3.927108498523869e+00, 1.797699990355339e+01, 1.325691313777161e+01, -1.629790397842070e+01, -1.022385579011926e+01, -6.095603353427495e+00, 2.475604872874706e+00, 8.756793247815533e+00, 1.165412706612952e+01, 1.127715222511736e+01, -6.669879624910934e+00, -2.664241789751499e+00, 4.275049852692021e-01, -2.410831515236962e-01, -1.762394629293756e-01, -3.955168538350852e-01, -3.415637748884945e-01, 4.197811773978639e-01, 2.592322935335136e-01, 7.906451288786891e-02, -7.772300257039090e-02, -2.262741714412438e-01, -2.406257667186942e-01, -2.388516604213915e-01, 1.515094714231726e-01, 6.516430820908799e-02, 1.514112941626666e-01, 3.003832944537117e-02, -6.167588678376130e-03, 2.827316497748177e-02, 6.956078849149648e-02, -3.032379755805523e-02, -1.779556846989358e-02, 6.449802404644654e-03, 3.388537541439091e-02, 4.909722515862586e-02, 4.195512321866064e-02, 3.344836267468722e-02, -2.187643959577753e-02, -5.909692474630927e-03, -8.273726683535534e-02, 1.346652546032715e-02, -3.171457754539405e-02, 1.583249269190985e-02, -1.399889153779924e-02, 4.121338064726201e-02, 1.838444306118969e-02, -2.864764520295268e-02, -7.728756840252887e-03, -1.297402674467168e-02, -1.496004118861243e-03, -9.657709602996776e-03, 7.666592527721842e-03, 5.519622412284669e-03, 2.029491767208883e-01, -3.001840373129640e-03, -8.138144241299752e-02, -7.214218223958334e-02, 1.456919071752576e-01, -3.728872041146769e-02, -2.544891762963143e-02, -1.481972007378814e-02, 2.556500377543258e-02, 2.880160790650408e-02, 7.704705738597050e-03, 1.880445114999354e-02, -4.042100402384591e-03, -1.983085499959616e+00, 8.421204305581782e+00, 1.176339077586861e+01, 1.781599178086015e+01, 1.317640036654404e+01, -1.331490389524098e+01, -7.371691992937262e+00, -2.096480848253376e+00, 3.747381495078602e+00, 8.493939886840643e+00, 7.530412724035428e+00, 8.580057645389280e+00, -5.755807242746124e+00, -3.346618293427745e+00, 1.274488671225126e-01, -4.522512381752612e-02, -2.701019170735158e-01, -1.878814763056292e-01, -1.323216835183414e-01, 1.574582446815786e-01, 1.009740792003111e-01, -3.311018316612952e-02, -1.117512320097228e-01, -1.705688983221978e-01, -1.077449016866954e-01, -1.505288021538211e-01, 1.028176923830625e-01, 5.734988561129640e-02, 1.473715539545174e-01, 1.967498424079361e-03, 2.845000885309373e-03, 6.604432693203006e-04, 1.123470028696821e-02, 1.005115247005769e-03, -6.543021111041495e-03, 8.218248059189416e-03, 1.828317693417764e-02, 2.671235047263892e-02, 2.082010453553522e-02, 1.820642618746546e-02, -1.026199142662312e-02, -4.803855307751696e-03, -6.287312333858504e-02, 7.503048842535270e-03, -5.019237132186297e-03, -8.180320034745869e-03, 5.383899193985340e-03, 1.642645723002048e-02, 1.229282272078743e-02, -1.757075489111971e-02, -7.634590332204417e-03, -8.332110746093331e-03, 2.017503234260622e-03, -5.243986156273156e-03, 6.889290826343837e-03, 5.158413254486177e-03, 4.633237483867671e-02, 1.381146524476897e-02, -4.749403976424663e-02, -1.448749150370539e-02, 2.387942320064470e-02, -8.797784382300123e-03, -2.302426114525156e-02, -1.701314945825636e-02, -1.359731555964840e-02, 2.161785005090542e-02, 1.424996743095911e-02, 1.138072019074859e-02, -3.777954113397321e-03, -2.365860712510192e-03, -4.726431882616789e-01, -1.451569106860301e+00, -1.071228658984642e+01, 1.027768045783608e+00, 9.502632425925049e-01, -7.225222636646828e-01, 8.520245912128452e+00, -1.357870469268084e-01, -1.182525383341606e+00, 6.416713085314736e-01, 2.180293092037406e+00, 4.025600514338616e+00, 1.116398532282509e+00, -4.074869969892689e+00, 1.684066873337560e-02, 3.087509561301972e-02, 1.172045431675757e+00, 6.845916438945446e-01, -7.731134876176703e-01, 6.161438033456684e-03, -1.008385980692696e-01, 8.303506455453441e-02, 1.093135915975022e-01, -2.341705982087192e-02, 2.544081534410400e-01, 7.215773738940007e-02, 2.691022474397081e-01, 4.526562515495311e-02, 1.616250776608186e-02, 9.843199269253366e-04, -2.294661371763054e-01, -9.993974863348730e-01, 2.106864925745682e-01, 2.335363754248396e-03, -2.314137965396627e-02, -1.163902777760567e-02, -3.950347737941855e-02, 3.944310989493662e-02, 4.199007216694746e-02, -4.523751408812249e-02, 1.931309577020492e-02, 4.031733419388244e-02, 1.287119253045742e-02, 7.106373624674249e-03, -1.752357119401859e+00, -2.873741196537659e-01, -7.346375216220524e-02, -2.138381240451981e-01, -4.774320260636394e-01, 4.524560145294909e-02, -9.337343763933716e-02, 7.746184318355158e-04, -3.691194231964417e-03, -5.557325397928921e-02, 5.260543310893106e-02, -1.789481192338210e-02, 4.913827116165045e-03, 2.356028389064436e-03, -1.255797489506969e+00, 3.689322445931738e+00, -3.962514309649112e-01, 1.192255029505391e+00, 3.435146348736622e-01, 3.203662828042864e-01, 2.719866065831743e-01, 4.596414261517968e-02, -2.560269485826390e-01, -6.270681954722941e-02, -7.835637417909791e-02, -3.056172829728705e-03, 4.674882845996562e-03, -9.129956426015396e-03, 7.718575383712143e-01, -1.483250290996967e+00, 1.689475514196637e+00, 2.333206939099147e+00, -7.318768099211475e-01, -1.089708486262023e+00, -8.777966789738897e-01, -1.114152787561963e+00, -3.116358624365535e-02, -1.488931350918004e+00, 9.773722245023857e-02, -7.649972497618605e-02, -6.541483234776995e-03, -2.093504676058451e-03, -1.757972576896877e-02, -4.551484072603715e-01, -3.191406387524444e-01, -2.040110396374465e-01, -5.866556850713764e-03, -1.499407437692695e-01, -5.481473077555069e-02, 6.901677093862857e-03, -4.540533306451964e-02, -1.227109010717470e-02, -2.339680081610262e-02, -1.575016081626738e-02, 9.584101582840796e-03, 8.183364813911987e-04, -2.689439112768719e-03, 6.674547767214727e-02, 1.796914134210065e-01, -5.374068292795004e-02, -1.151783287883206e-02, 1.400527775578332e-02, -1.509121253466158e-02, -1.230984621730079e-02, 5.470109095705046e-03, -6.697257906634329e-03, 2.181690717489525e-03, -3.861125464793923e-03, -5.680711065957795e-03, 2.027803303729532e-03, 2.325153008498920e-04, -1.376058735653356e-02, -9.699343784165831e-02, -7.166865266661317e-02, 5.131440914826015e-02, 3.957993958768152e-02, -2.938547611229052e-03, 8.168957140333610e-04, -2.899874432678076e-04, 8.530466005647462e-03, 6.312457729856498e-03, 1.348689161623956e-04, 1.501856938453199e-03, 1.242215373413289e-03, 5.014577758618484e-04, 3.398907445534219e-01, -1.696632976396196e-01, 2.524691406012630e-01, -7.682403871873608e-02, -2.576044675768296e-02, -3.618674963894517e-02, 3.769074441869751e-02, 3.157694874292954e-02, 4.013719907636419e-02, 2.700048265271425e-02, -1.502332184933820e-02, -1.301020730606644e-02, 2.197573358167815e-04, -5.728104633587959e-04, 7.306277150474189e+00, -4.156720850145205e+01, 1.548195265946361e+01, 1.447150880007667e+01, 5.139808751518478e+01, 5.148248940862164e+01, 3.797235592782837e+01, -2.208221854681096e+01, -1.957203071796292e+01, -8.929102628947465e+00, 5.149835320080067e+00, 5.593654867947994e+00, -1.069169436260397e+01, -1.932465363286556e-01, -2.612842310671356e+00, 3.011457551391258e-01, 5.721166956343818e-02, -8.002603441874475e-01, -1.236340609500924e+00, -2.184577282214805e+00, -1.428257773800741e+00, 7.154417902389387e-01, 2.425747191594968e-01, -9.066367298224133e-02, -3.444268916382433e-01, -2.611253571875112e-01, 2.625880369400180e-01, -3.975611476652537e-02, 1.835667198787857e+00, -1.856742690870027e-01, -4.524440606944772e-01, -3.156984301792414e-01, 1.918513394410348e-01, 3.414819632599042e-01, 1.013247058338884e-01, -6.910268381735334e-02, -1.480626005722016e-02, 3.269430269577556e-02, 5.506008619944199e-02, 3.554816779201318e-02, -2.307985906173498e-02, 1.124332148699485e-02, 1.975058069163848e+00, -4.169651922683557e-01, -2.681660054342965e-01, -1.032740306894080e+00, -3.177646993263458e-01, 1.548739603186107e-01, 2.076191139923289e-01, 1.147382395408819e-01, 4.523670472016860e-02, 4.099879879043409e-02, 7.509107658702194e-03, 5.488302648613184e-02, -2.996240832735749e-02, -2.868310471655739e-02, -5.414651819871472e-02, 1.383578467247398e-01, 1.405948271692282e+00, 8.502036410101436e-01, 8.888248538136491e-01, -3.139039581201273e-02, -2.275943677237992e-01, 9.654355154047642e-02, 7.187554194817532e-02, 3.501887941585923e-03, 7.445184728850854e-03, -3.898498785306475e-02, 4.793294843544761e-02, 2.846226882499773e-02, -7.130422671527253e-01, 9.312275358025113e-02, -5.039212042855686e-03, -2.046496557982682e+00, -6.935254003739037e+01, -2.285615496917886e+01, -3.403505069061379e+01, -8.170396828043060e+00, -8.048186188899434e-01, -7.630613910988651e+00, -3.396020630354019e+01, -4.887313199856292e+00, -1.473362605077331e+00, -1.101659665330720e+01, -2.785103135412558e+00, 1.214108085323418e+00, -4.795595620353406e+00, 1.337369730285240e+00, 1.020292241769240e+00, -1.074120002996672e+00, 6.920896690310436e-01, 6.699086544528885e-01, -2.951206564085640e-01, -1.880114464530489e-01, 9.945780430992098e-01, -4.268683962565484e-02, -6.224576550207041e-02, 3.220788402309239e-01, 1.094126903046275e-01, -4.744374233711592e-02, 1.399879795844663e-01, 2.155233862405139e+00, -4.812596298507438e-01, -7.839417399780690e-01, -1.022914962657920e+00, -4.396971748274892e-01, 1.759943806973693e-01, 1.658918135565019e-01, -7.385916458804745e-02, 1.065146064514182e-01, 8.477805658510461e-03, 2.865739684151206e-02, 2.596841116559577e-02, -2.951605895163302e-02, -3.341044618622774e-02, -1.858104826944582e-01, -2.990663365163595e-02, -1.118363965798433e+00, -5.960359967562522e-01, -1.192168092545390e-01, 2.115134289655436e-01, 1.096456818816496e-01, 2.637581559388057e-02, -6.197001960595434e-02, 9.389085885067670e-03, -5.535858028811794e-03, -1.516607395170928e-02, 1.186180897564119e-02, 2.980004876495399e-02, -9.467435881397739e-02, 7.055756909296990e-02, -1.073677753870437e-01, -2.461470738152004e-01, -2.448964410462666e-01, -2.338133385567717e-01, 3.238933389546061e-01, 1.573776674164304e-01, -1.615001210545690e-01, -9.602538408054782e-03, 1.408808533525352e-01, 6.757894710305783e-02, -4.239272208775065e-02, -4.407437884944239e-03, -1.541410786367487e-01, 2.760651152581985e-02, 4.637949850202464e-01, 7.974538543506503e-02, 8.223173615999100e+00, -2.267586305664491e+01, 4.534037024235313e+00, -3.130413735484326e+01, 5.197645654441049e+00, -2.111645327897200e+01, 2.665401062507608e+00, -1.134196825266029e+01, -1.522825452852521e+00, 1.763711052466483e+00, 4.283710917865696e+00, 4.926839258774105e+00, -2.384409432294611e+00, -1.357341124548591e+00, 1.615384584523100e+00, -2.849888842051083e-01, -5.482180485960476e-01, 5.394757721797440e-01, -1.044655469081881e+00, 9.220099923777288e-01, 2.670244878995108e-01, 5.824325504207969e-01, 2.940975814909376e-01, -5.621648459970818e-02, 1.390652185171236e-01, 5.023640723965307e-03, -1.745410614194874e-02, 1.251678500931855e-02, 6.099361685704688e-01, -2.252382805653897e-01, 1.359222833666180e-01, 1.362658758595351e-02, 2.557984888469036e-01, -9.990451544387371e-02, 1.640494869789384e-02, -1.050629927106080e-01, -2.138689923891973e-02, 3.941949455159060e-02, -9.483822099793964e-03, 1.494653340610077e-02, -1.365736606375095e-02, -9.468869362506221e-03, -3.969696143093798e-01, 2.950156007403095e-02, -3.150187522413743e-01, -5.108901849015497e-01, 4.611601528434210e-02, -1.254313117243094e-01, -1.286426573127547e-01, -9.034492555168591e-02, -6.437285218052009e-02, -9.516458710750908e-02, 8.636187574199291e-03, -8.962589446894242e-03, 9.900048437091535e-03, 4.113045375439458e-03, 1.420815528717470e-01, -5.882694806413701e-02, 1.825182736022378e-01, -6.862058129086289e-02, -3.539906155567497e-01, 3.288557309056231e-01, 1.280240218892253e-01, -6.690609869404306e-02, 7.466226338171147e-02, 1.056542328393166e-01, -1.883861630145630e-02, 1.942465266838413e-02, -1.489129527202225e-02, -4.188206175940151e-03, 5.188254727686164e-02, 3.510152786009171e-02, 7.628834496897394e-02, 9.617330288951505e-02, -6.996635596272725e-02, -2.279937412286966e-01, 1.783521585085835e+01, -4.770917440177227e+01, 1.515628598578097e+01, -1.918035933740421e+01, 4.698651823114135e+00, -1.522989476353511e+01, 1.143660273819424e+00, -1.374114595536014e+01, -3.873834818541652e+00, 9.127694747785743e-01, 3.543992004306946e+00, -1.341810295896612e+00, 5.008097942988380e-01, -1.893933883088686e+00, 4.820365352670322e-01, 1.016358755593004e+00, -5.400987604675277e-01, 1.074155692048939e+00, -1.433442991670087e-01, 2.841609946441796e-01, -1.800339555177141e-01, 4.009457733302286e-01, 1.130778658320318e-01, 4.794870371832754e-02, -3.294034912665591e-02, -2.565595111297505e-02, -4.923923494259674e-02, -2.139262495019545e-01, 6.814744256761440e-02, -1.665955020973210e-01, -9.384205761798553e-02, -2.281378556549163e-01, 7.775516552957511e-02, 4.699263515746735e-03, 3.360066729487725e-03, -6.503533307719422e-02, 5.930612203826547e-04, -5.839824512894318e-03, -1.852816948402470e-03, 9.892786813924942e-03, 1.229319676659922e-02, 8.538077501655515e-02, -8.632098011712733e-03, 4.290236125074967e-01, 2.573268588278235e-01, 1.282027445706359e-02, 1.208300607530546e-01, 1.851882154924750e-01, 2.711628206261579e-02, 7.822244690872630e-02, 3.535288878443404e-02, 2.075778025795142e-02, 1.208971972361370e-02, -9.658515108994487e-03, -3.582295264059503e-03, -6.881822716380266e-02, -3.753520753076121e-02, -1.540930617612649e-01, 6.640757395091348e-02, -1.406253789383632e-01, -3.461131741278828e-01, -4.035323908670737e-01, -8.242515260293615e-02, -1.799825075450907e-01, 3.503204128951041e-02, -1.792342396444192e-02, -3.208224564241770e-03, 5.383253485447176e-03, 1.742972238156970e-04, 9.570390583686542e-02, -1.682288644827349e-02, -8.528269925887168e-02, -9.975145756432423e-02, 7.154002111740018e-02, -5.563087306530616e-02, -2.933365413821472e+00, -3.277230731218377e+00, -2.850394288139218e+01, -1.913896660863462e+00, -9.516188906061642e-01, -5.224587380121452e+00, -1.315488010743205e+01, 1.050232663180652e+01, -7.129818511090742e+00, 2.873249951822161e-01, -2.556531105537868e+00, 6.295986145683020e-01, 1.070158590868042e+00, 2.411083646604218e+00, -2.796219705295155e-01, 2.349371072462201e-01, 5.562797101397042e-01, -3.779072010843036e-01, 9.439008423231234e-02, -8.603952314996388e-03, 1.631095737700511e-01, -4.236719848201973e-01, 1.466465557783428e-01, -8.239536531640902e-03, 9.626526719965917e-03, -7.554874479361418e-02, -2.038517124173276e-02, -5.853655291948525e-02, -2.790180300432778e-01, 3.975091948460212e-02, 4.055841458024342e-02, -8.617551232072437e-02, -7.070418895867144e-02, 1.201778502395375e-01, 8.750182735526368e-03, 8.827704588518555e-02, 9.580950815117206e-03, 1.164819012081675e-02, -3.379753624741984e-03, 2.568825250338913e-03, 1.467726748535915e-02, 1.383173738493098e-02, 3.517416102996309e-02, -4.399698773854399e-03, 1.954996690314687e-01, 7.907059403177946e-02, -1.482057590505951e-01, 5.060925939975216e-02, 3.328237517221420e-02, 3.324978018637988e-02, 3.880146042376639e-02, 4.671998815473729e-02, 1.746125580618046e-02, 8.625878422358291e-03, -1.064257840937907e-02, -5.397373731705174e-03, 2.418224284566792e-01, -5.541182565460510e-02, -2.813004214203799e-01, -9.632600869167512e-03, 1.723403903248488e-01, 1.652282986403465e-02, -2.399598259560121e-01, 1.381307689658515e-02, 6.111964502922966e-02, -2.453305354531231e-02, -3.883545973276087e-02, -1.705683514783889e-02, 2.107388715537196e-02, 5.979386802515130e-03, -2.001837922115274e-02, 5.223045833608544e-03, 3.227654306504577e-02, -2.816537185897351e-03, 9.612169748111161e-02, -7.594140707452049e-02, -6.219240033037664e-03, -4.106102954468521e+00, -7.437786419498055e+00, -3.000622977150470e+01, -1.408995192042225e+01, -5.763158171467356e+00, -5.433014119809458e+00, -1.270685758162327e+01, -4.998629487432694e+00, -7.144000908902716e+00, 9.272017112195879e+00, -3.244357835182991e+00, -1.371632700172101e+00, 2.803939088469103e+00, 1.527620404484961e+00, 2.034257159022130e-01, 1.237998167479100e-01, 3.020814895036028e-01, 1.220952829643672e-01, 2.389294877813721e-01, 9.445867608003586e-02, 9.823887978852794e-02, -4.831655393545503e-02, 6.284313491521177e-03, -3.172816296692857e-01, 2.828181182091540e-02, 2.935364022078985e-03, -4.914899788089185e-02, -2.763777804805291e-02, -3.268538409628324e-02, -9.998179219248409e-03, 2.376580650249461e-02, -8.309503463902822e-02, -1.450848642618454e-01, -6.438734113548099e-03, 2.106131238764821e-02, 5.222551859688247e-02, 2.898731711340755e-02, 6.939784184792855e-02, 2.356794776604202e-02, 1.409346855593301e-02, 4.201212075092314e-03, 1.631161112615468e-03, -4.861727750674702e-02, 8.353500709800985e-03, -7.940844872789922e-02, 3.618392803618310e-02, -6.027505283918472e-02, 4.753727227012980e-02, 9.515127871018547e-02, 5.846260962420233e-02, -1.503636224934804e-02, -1.495665053942315e-02, 4.209748696132906e-03, -1.578932124796337e-03, -2.203586520846814e-03, 7.584889724382628e-04, -1.618210455146082e-01, 4.048527111441747e-02, 1.808913906639918e-01, -5.885995893190605e-03, -2.893932627273673e-01, 2.054074665836677e-01, -4.551396574069076e-02, -6.254204458701224e-02, 2.913326071826871e-02, 3.754702666264548e-02, -1.538871168074974e-02, -1.352852146518384e-02, 2.304638368314672e-02, 8.897893131467858e-03, -8.690240521243750e-03, 3.960535138987034e-03, -4.056508655633263e-02, 8.885924344094724e-02, 1.172914147596441e-01, 1.690814279232412e-03, -4.478965819361005e-02, -2.836593984648212e-02, -2.278128677814209e-01, 9.906679467091326e-01, -9.284162049486405e+00, -2.286746521039301e+00, 4.032002208867739e+00, -9.899371474615906e+00, -5.708771191983508e+00, -3.248711449976024e+00, 3.427935633806197e+00, 1.357832483642768e+00, 4.013529724119863e+00, 2.071635672369224e+00, -2.087695860037302e+00, -9.937431527415331e-01, -4.950530954223110e-02, -1.677070984152231e-01, 2.856656353180818e-01, 1.919237820396402e-01, -4.128567632351321e-02, 2.081339879820522e-01, 1.063563673473460e-01, 6.971032912529868e-02, -9.479623887329777e-02, -3.742795759533833e-02, -7.814884236058212e-02, -3.974791194279166e-02, 5.272531306109447e-02, 3.632046736150579e-02, 1.615249864995540e-01, -8.808741345460431e-03, -1.627372875282210e-01, -1.384587507054257e-01, -6.302232223690944e-02, 6.064120251638862e-03, 2.922936497247611e-02, 1.064298931381370e-02, 4.103468428953146e-02, 2.166855746301501e-02, 1.544293031825006e-02, 5.517764548693830e-03, -9.176337880220178e-03, -6.460387126852172e-03, -1.714477978402035e-01, 1.420935955494051e-02, 7.239755334780695e-02, 3.812949717421945e-02, -6.478340184646565e-02, -1.753987941233321e-03, 3.875915412985028e-02, 3.851718961021906e-02, 2.490219464298834e-02, 1.794993382736084e-02, 6.683249027925970e-03, 3.351914374877785e-03, -9.020226343016567e-04, 3.271200065637818e-03, 2.082975228144896e-01, -5.149968099632192e-02, 8.690299998696951e-02, -2.633732648517629e-02, 4.942904629552636e-02, 5.832051468702759e-02, 1.305796414646062e-02, 3.318329233407757e-02, 2.847504341013144e-02, 6.450627804140264e-03, -1.050735670089768e-02, -1.284442263814651e-02, 6.331648822472663e-04, 1.512214827039318e-03, 2.947287469654583e-02, -2.308074096375136e-03, -1.491542774259476e-02, 1.691631227871873e-02, 4.764058222946508e-02, 1.928734052021255e-03, -3.064442163607378e-02, -7.226658229851334e-03, -1.230696596141347e-02, -1.031923398431462e-01, -1.015091302710250e+01, -3.854536508417779e-01, -1.678593411388704e+01, -9.575794737027055e+00, 1.606337581255086e+00, -6.518307068655147e+00, 9.553575492604288e-02, -1.911998845920759e+00, -1.782945386585319e+00, -4.680577904009395e+00, -3.487649090112631e+00, 1.388490159847633e+00, 6.909876999561634e-01, 9.035764960659075e-02, -9.912951770161957e-02, -3.119449940036628e-01, 3.992927397276186e-01, 2.730669950201062e-01, -1.767804262774576e-01, 6.369660185449780e-03, -3.979061447976773e-02, 3.108805205720631e-02, 6.729560875933557e-02, 1.246993523115127e-01, 7.861860131039110e-02, -1.764731996097586e-02, -5.559015538488999e-03, 4.546543999212563e-02, 1.042397416295490e-02, 4.805429710927017e-02, -6.938450811857873e-02, -4.005491122629384e-02, 2.907759943994474e-02, 1.693367882320511e-02, 1.150143615874987e-02, 2.717351464942332e-03, -2.641376104155773e-03, -1.200571485813151e-02, -9.896265552443077e-03, 2.844043939757543e-03, -1.035825015171865e-03, -1.401329231504074e-02, 7.130424742072683e-03, 9.048103097659538e-03, 1.198342782816301e-02, -5.993725787150200e-02, 1.648707360410629e-02, 4.887136703844894e-02, 2.793985567848155e-02, 2.463828075082250e-02, 2.292072401979447e-02, 1.273253267407243e-02, 8.356972980599916e-03, -3.793247034464120e-03, -1.856265700145276e-03, -1.102660058681716e-02, 7.068544931412406e-03, 6.297507522510296e-02, -8.888759535109557e-02, 1.029973072192049e-01, 1.041480662291768e-01, 8.306958125113180e-03, -3.425615645906336e-03, -1.444992615581200e-02, -2.927504924279512e-02, -1.935681306681243e-02, -7.435494996317502e-03, -4.581190464339822e-03, -4.126451322218539e-03, -3.790081849554316e-03, -7.663230802803169e-03, -2.052967593399454e-02, 3.276306102723689e-02, 5.126298095769874e-02, -1.569033578071162e-02, -2.308209310521294e-02, -1.346561811989973e-02, -1.087748904250583e-02, -2.874681246917025e-03, 2.740487222913250e+00, 1.101055309791258e+01, 1.241977720890355e+01, 8.963084347669090e+00, 4.688689879713519e+00, -2.627837325006479e-01, 2.035207732188107e+00, 3.495149073870597e+00, 3.076711008642626e+00, 3.623505796739663e+00, 3.586399139334105e+00, 2.236810326712631e+00, -1.745450160124665e+00, 4.488783111389849e-01, 3.712655196399322e-01, -3.884656076721608e-01, -3.280860082898022e-01, -3.187610862062057e-01, -2.657354904121121e-01, 1.435062637138380e-01, 1.069686744764692e-01, 4.245302298688932e-02, 4.671455581969520e-02, -1.492707685521385e-02, -2.447691101359120e-02, 3.055597035858142e-03, 1.463702808891931e-02, -2.111889986414619e-02, -3.853446848389815e-03, 6.519934884936639e-03, -3.471152776567227e-03, 2.170742308719470e-02, 1.210357650372617e-02, 8.004115242465701e-03, 9.887537067696522e-03, 1.622181272827196e-02, 9.113782272569331e-03, 7.965830966516629e-03, 2.872221806858209e-03, -2.056791981520828e-04, 3.521766184720957e-05, 2.387090924221783e-03, 6.454323443193449e-02, -7.799351798738827e-03, -3.356143240826291e-02, -1.372052427560649e-02, -6.587678535391958e-04, 4.403380648737860e-03, 2.003523005711366e-03, 5.754994238231108e-03, 7.148650486900769e-03, 1.712347777706611e-03, -7.963794234336206e-04, 6.612094908411879e-03, -1.144976483550607e-03, -3.179858553036258e-04, 4.787794222061689e-02, -3.532918474641021e-03, -1.698252445693961e-02, -3.899673779402521e-02, 1.840757448128752e-02, 1.742838970222704e-02, 7.229853282162899e-03, 2.464993939611411e-02, 3.806662363958829e-03, 8.199194138627392e-03, 1.088640998050780e-02, 3.490362976071248e-03, -5.565684226528019e-03, -7.660855934996757e-03, -3.867544652029269e-02, -1.975964527288495e-03, -9.370991108596197e-03, -2.205736687166278e-02, 3.913827552950931e-03, -2.692363095322909e-03, -1.914514983460499e-04, -5.571919493836850e-03, -2.817360953792243e-03, 1.224432773917158e-03, 1.140355819442503e-03, -9.661095219952903e-01, 6.681749042612097e+00, 5.411710386741351e+00, 7.508446800720811e+00, 3.346340998406625e+00, -2.615527585884121e+00, -1.404970013122312e+00, 4.459214835836474e-01, 2.127670568121116e+00, 3.762901719228211e+00, 2.528090187589529e+00, 2.055327454765046e+00, -1.132907188187266e+00, 6.260309385282723e-01, 2.820299416645246e-01, -1.931283206157100e-01, -1.196575430310243e-01, -2.306981175376075e-01, -8.187530438524425e-02, 5.757138804791324e-02, 5.216468011883308e-02, 1.028190118996136e-03, -5.827643493141871e-02, -1.107965259021814e-01, -5.916584657548467e-02, -4.993044099528820e-02, 2.546623142953784e-02, -1.639912248372436e-02, 5.720139111999143e-03, -3.932502586823020e-03, -4.929846382824942e-03, 2.037415686159347e-02, -4.263303971626452e-03, 1.958884973153812e-03, -5.494278716234685e-03, 1.659865620606677e-03, 9.049164119128469e-03, 1.228310324384083e-02, 6.361116031045337e-03, 3.675674738656140e-03, 4.657227029686870e-04, 2.148061903665554e-03, -3.616103239375507e-02, 5.755533192310288e-03, -2.904215881765694e-02, -4.314019262617610e-03, 4.790896641201538e-03, 2.835802695272861e-03, 4.327172972662920e-03, 3.104987926995750e-03, -4.190290146573486e-03, -3.854649579295809e-03, 3.461951077087136e-04, 4.021159173233162e-04, -4.208487733453682e-04, -2.568367918121546e-03, 6.369875192980723e-02, -1.540090821559261e-02, 9.538962464045214e-03, -1.470562347459546e-02, 3.764102606188908e-02, 3.016049600136595e-03, -8.363383662829441e-03, 1.270231102585954e-02, 9.627440597229118e-03, 5.265506622655874e-03, 1.043614750407184e-02, 7.126527729630498e-04, 1.237114474333533e-03, -1.477810273883620e-03, 1.142696367581370e-02, -1.229941560208601e-03, -2.352761006003924e-02, -7.099184592400810e-03, 1.328954608956973e-03, -1.547680032045829e-03, 3.028908425439280e-03, 2.644799538686445e-04, 2.278339213331995e-03, 2.011700750842496e-03, -1.005052325877097e-03, 1.577343093294029e-04, 1.790877550277190e-01, -2.396144759657742e+00, -9.251138312427878e-01, -8.204980317052403e-01, -2.628460244133582e+00, 1.707334121274267e+00, 2.630804173928297e+00, 1.796903127205620e+00, 9.718033456339147e-02, -1.416653918848811e+00, -2.052239765075774e+00, -1.881522303378189e+00, 1.505372253047280e+00, 5.819936215162562e-01, -2.362585367739865e-01, 1.022746997820890e-01, -2.580217417581974e-02, 1.033814327434324e-02, 4.633855740557839e-02, -3.370227527480476e-02, -7.311850174516683e-02, -4.690148438558499e-02, -2.905035867457496e-02, 1.860745233036698e-02, 1.718430636054994e-02, 1.492592954367550e-02, -2.827094403890119e-02, -1.232753646969304e-02, 3.667500207341513e-02, -4.449487242591930e-04, 3.645951403772381e-03, -1.480854148281330e-03, -5.448087954101539e-03, 1.999436342887909e-03, 1.274550005877682e-02, 8.676213901491477e-03, 3.584529760146376e-03, -3.433437911954790e-03, -1.631626614577567e-04, 2.148062558882614e-05, 2.126910930401034e-03, 1.048656440428749e-03, 5.737824999628112e-02, -1.025114303147779e-02, 4.525129169200895e-03, -1.643848535926454e-02, -1.013670815466150e-02, 2.339265536198586e-03, 4.301203552240467e-03, 9.501215365012914e-03, 3.025307612110362e-03, 6.804149650434997e-03, 2.680340799583822e-03, 1.433605589974186e-03, -2.222597916004530e-03, -9.988480381436901e-04, -6.724682114277633e-02, 1.542894078328739e-02, 2.910605713439345e-02, 2.735846267917684e-02, -2.124796381876454e-02, -1.788237424741378e-03, 5.350328767115950e-03, -6.238431911336863e-03, -9.497779973649352e-04, -4.588784287163038e-03, 3.640509993274631e-03, 4.162199203603552e-04, -1.262349027099976e-03, -1.661203723750820e-03, -4.085835711922609e-03, 6.971283625260392e-04, 1.595188753429092e-02, 8.554638928482117e-03, 3.471496389508964e-03, 1.083258560108011e-03, -3.856426884773941e-03, -4.929297267469849e-03, -2.352266376950177e-04, -9.779573022404347e-04, -1.074873021860128e-03, -9.572235615113514e-04, 5.043314989541431e-04, -1.059541429542801e+00, 3.335948201255829e+00, 5.317841759099236e+00, 3.700501568327284e+00, 1.675232454358766e+00, -1.139281478506627e+00, 9.139728078563313e-01, 1.742858953185074e+00, 1.722950067405071e+00, 1.450620505852787e+00, 1.041058675126578e+00, 9.182431594733993e-02, 3.602547259713531e-01, 2.349107115089136e-01, -3.031964694577081e-02, -1.951162218240638e-02, -5.665047812565876e-02, -4.712537069829483e-03, 3.978036059475722e-02, -1.445034926741789e-02, -6.497995437832180e-02, -5.894270795162695e-02, -4.914925071392323e-02, -4.298650858617183e-02, -3.135905032881352e-02, -5.802426285986086e-03, -4.776227969264720e-03, -1.869169849290966e-03, -2.104862390203171e-03, 8.593324003263028e-03, 1.495976521723817e-02, -2.208853972911208e-03, 8.024646175117500e-04, -2.942945752318198e-03, 8.245957905028009e-03, 4.983853420820640e-03, 5.554541698836386e-03, 2.376500946054024e-03, 2.349279873497266e-03, -7.608251521131899e-04, -9.655754452457982e-05, 2.145796331250272e-04, 1.263044050126368e-02, -4.563551609391524e-03, -9.830203378077251e-03, -4.078906905598481e-03, -4.484226787046585e-03, 5.999289512775272e-03, 1.574349694639439e-03, 6.450789418527224e-03, 1.879017284060440e-03, 1.898450172770352e-03, 1.297565375132384e-03, 9.022219849422707e-04, -3.051257685444516e-05, 3.415589027635861e-04, -3.446774563903295e-02, 8.164773941034337e-03, -1.306280624528042e-02, 5.738079122596508e-03, -4.136776629607995e-03, 1.078367207481677e-02, 1.727462371799904e-02, -2.298669567163428e-04, 1.934331316602405e-03, -2.904554051835664e-03, 2.959500089515647e-04, 2.009765167132825e-04, -3.041050024211737e-03, -1.296641755299718e-03, 1.434339304737629e-02, -8.623158824609721e-04, 1.020922893636520e-02, -1.960272039525860e-03, 1.133203017617183e-03, -1.401360173391019e-03, -1.608317522941944e-03, -1.723861832210942e-03, -1.416406896771019e-03, 7.666202114602170e-04, -2.921789263796108e-05, 7.333848858509305e-04, 3.934141064769657e-04, -1.857467843515865e-04]
