elements:      [Ge]
cutoff:        7.0
pair_type:     gaussian
feature_type:  gtinv
model_type:    4
max_p:         2
max_l:         10

gtinv_order:   3
gtinv_maxl:    [10, 4]
gtinv_sym:     [0, 0]
gtinv_version: 1

electrostatic: 0
mass:          [72.61]

n_pair_params: 6
pair_params:
- [0.5, 0.0]
- [0.5, 1.25]
- [0.5, 2.5]
- [0.5, 3.75]
- [0.5, 5.0]
- [0.0, 0.0]

n_type_pairs: 1
type_pairs:
- atom_type_pair:      [0, 0]
  pair_params_indices: [0, 1, 2, 3, 4, 5]

type_full:    1
type_indices: [0]

n_coeffs: 2784
coeffs: [-1.313886308451701e+00, -1.963905193075066e+00, 2.208007825578065e+01, -1.238118347916227e+01, 1.702899330280789e+01, -1.512630684995040e+00, -8.417445244032886e-01, -1.834250231879813e+00, -4.486852074130401e+00, -4.694820604881098e+00, -5.525833931871503e-01, -1.985278626289437e+00, -2.987594662033317e+00, 2.153977626636350e+01, 2.033600205309952e+01, 2.597717253912465e+01, 1.412726008134772e+01, -2.478225016740351e+02, 1.024635573320032e+02, -2.879423087561553e+01, -1.444122443153694e+02, -2.178726052168896e+01, -5.734188191047868e+01, -3.556968991519494e+01, -3.455315927878449e+01, -5.758970136250247e+01, -3.376319544098617e-01, -1.217991736049574e-01, 7.544330395564190e-01, -3.253528800838008e-01, -2.428730854302988e-01, 1.167639471232819e-01, 1.883864327187367e+00, 1.486422839158313e+00, -9.898587846601793e-02, 4.589796549889112e-01, 3.437867109381116e-01, 2.363018294650036e-01, -1.997156468716736e-01, 1.116571618079956e+00, 3.912855499788643e-01, -4.336460026468063e-01, 7.009202513884829e-01, 1.323110889535225e+01, -1.937877251045216e+01, 1.042797912271736e+01, 3.582129593136669e+00, 3.683545441282752e+00, 5.574970251637487e+00, -2.957634452267708e-01, -7.124829091583559e-02, 1.569356074005692e+00, -1.173518665951284e-01, -5.373337197523688e-04, -2.256089607677419e+00, 2.173945768810491e-01, -3.316584035050721e-01, 4.048804985438116e-01, 3.877701348027336e-01, 2.060776004910610e-01, 1.097402292076597e-01, -1.909058906995698e-02, -4.542321567170898e-03, -1.936140866725369e-02, -4.652050514735473e-03, 1.810232979524468e-01, -6.855259120950220e-01, -1.282533287128700e-01, 7.576277778343364e-02, -9.223207598688757e-01, -1.517043818970811e+00, -5.133378571862013e-01, 6.344276072984767e-02, 3.101302119550784e-01, 5.294110719382161e-01, 3.939833148715954e-02, 6.802011310645055e-02, -2.458409573764056e-02, -7.923302772322838e-02, 1.075089023822983e-02, -1.195369372978063e+00, 5.582539602548324e-01, -3.748473231383069e-01, 4.236140632525714e-01, 4.467112104603117e-01, 1.723833687949948e-01, 1.526284569764729e-01, 4.074803778549006e-02, -1.765488529525249e-02, -1.432352436707523e-02, 4.765549989907081e-03, 3.303675211779242e-01, -5.226000747438407e-02, -8.901837522840950e-03, 3.170131500001972e-02, -6.275537465686383e-02, 2.092616348780258e-01, 2.774622380760078e-02, 2.064892004243613e-02, 7.238910522373314e-02, 7.859470536218713e-02, -1.359738989759918e-01, 1.117192906244674e-02, -1.446180126054849e-02, -5.012275146495343e-02, 1.172968700824449e-02, 9.495445865871528e-01, 6.484373256625646e-01, 8.466651481355586e-01, -6.231696271912875e-01, -3.097422031148619e-01, -1.579135335387567e-01, -1.227437463404233e-01, 9.806959502426943e-03, 1.526935658409055e-01, 3.214642151880907e-02, 1.361070333991617e-02, -7.888179036606687e-01, -1.256537212777199e-01, 5.497133663511188e-01, -1.961262478825814e-01, 7.528583290902214e-01, 8.366352884291108e-01, 3.118798785024546e-01, -6.285835764221165e-02, -1.314175162737899e-01, -1.201272074632790e-01, -1.270710031428800e-01, -3.209831956409088e-01, -1.370444096123341e-01, -4.099306623088030e-02, -8.956848575081678e-04, -4.869545868493626e-01, -1.190607341619996e-01, -2.952971952992442e-01, 2.879015444528428e-01, 2.080616914553925e-01, 6.354069254624507e-02, 4.173156489637495e-02, 1.158705650502057e-02, -7.234704401529768e-03, 6.956966373164891e-03, -1.678239994361943e-04, 1.216544374250194e-02, 1.385039084769247e-01, -1.720403064949426e-02, 2.178300221547393e-02, 4.342024325037620e-01, 3.062422352747139e-01, 2.860243556566183e-02, 1.516644886409744e-02, -1.693370763272947e-02, -8.706063999359082e-04, -3.016766433289505e-02, 4.000270298906091e-02, -7.089897046833235e-03, -1.963905215573783e+00, -2.987595161103162e+00, -2.080162493301703e+01, 2.153977963105152e+01, 4.428696007263993e+01, 3.028227468780490e+01, -2.033600449356176e+01, -8.205988289413938e+00, 5.562013733675729e+00, -1.822341344351043e+00, 2.597717035144446e+01, -5.910591271139869e+00, 8.763750275412034e+00, 1.511417206955636e+01, 2.882711697200575e+01, 1.412726061599881e+01, 3.311452687837701e+01, -4.245423570343794e-01, 1.052955518909410e+01, 6.991774720868713e+00, -5.093279063806841e+00, -1.992609447525721e+00, -4.263047352359420e+01, -2.165754227256650e+01, 9.051909552619344e+00, -1.139710461556969e+01, 1.039239630906526e+00, 1.215277488116289e+01, 6.350131822137032e-01, 3.497750752198766e+01, -1.740449814714532e+01, -3.875091874148254e+01, -1.645901866256141e+01, -9.639130494725332e+00, 1.619963418943275e+01, 1.871978581415276e+01, -1.196558159436549e+01, -2.852866109542191e+01, -2.671020728227635e+01, 5.439879108074375e+00, -1.001718645202403e+01, 7.473965987012108e+00, 8.986881117799802e+00, 1.556360535889982e+00, 1.485833314845419e+01, -2.740899146567370e+00, -1.378287707293447e+01, -1.207600632289450e+01, -7.570223898315608e+00, -1.403141509109513e+01, -5.828252890352293e+00, 1.384749915423810e+01, 3.941117674692363e+00, 1.818574046011463e+01, -2.219725156094993e-01, -1.351093033536286e+01, 2.581206360964651e+01, 3.359245531336639e+01, 3.907401825625887e+00, 1.765800776525877e+01, -3.788274556012047e+01, -1.799599631601987e+01, 5.550544583521344e+00, -1.093004644164039e+01, -7.986655584065375e+00, -2.330020743280003e+01, -5.654189024487463e+00, -2.185448268519416e+01, -3.184863426830995e+00, -4.855120193694160e+00, 2.340484454555709e+01, 1.463501080135650e+01, 2.328854523819980e+01, 5.371980045554931e+00, 9.584487920461406e+00, 3.792709441656128e+00, -1.446987525516657e+01, -2.036061187823351e+01, -5.598384275879392e-01, -2.068402301753247e+00, 1.647827448087389e+01, -1.702366004428475e+01, 1.711013528430103e+01, 7.972611876573145e+00, 1.569560466892290e+00, -1.736574344723770e-03, -5.081384485984582e+00, -1.446580157230334e+00, -6.963130338457675e+00, -3.072782353205647e+00, -1.217991724084770e-01, -9.115068219786078e-01, -1.861925215383710e+00, 1.695388116967803e+01, -1.624844242264300e+01, 1.348012886763096e+01, 1.727985328194589e+01, -1.375252687544822e+00, 3.542965194740232e+00, -7.736350920918277e+00, 3.773355048176042e+00, -1.355203356157022e+01, -6.520588073315460e+00, -1.997150680090611e-01, 3.765905141384004e-02, -1.467005483643580e+01, -4.137484992057211e+01, -2.036768306383084e+01, -1.321631829730326e+02, -7.900443575633246e+01, 7.123812559698530e+01, 1.598972002142861e+01, 6.240595607657315e+01, 3.489745561421504e+01, 1.035787916390957e+01, 1.878887207866275e+00, 1.258575589516736e+01, 1.116570817220915e+00, -1.341133176049210e+00, -3.960783249256069e+00, -1.016438930642086e+01, -4.411896158771167e+01, 2.370704188630400e+01, -3.196603225914376e+01, 4.849865124343085e+00, 4.173837936211586e+01, 1.439903461984392e+01, -1.051025494496004e+01, 1.948743214851780e+01, 1.453260610690396e+00, -2.557784191600027e+01, 3.856871201244435e+01, -3.912863707091540e-01, -5.016512103726861e+00, 2.924211515984870e+01, -4.744416038967707e+00, 5.565110031428060e-01, -2.341833260400572e+01, 2.710359487188751e+01, -1.361846168902985e+01, 4.019270316792624e+01, 1.926129082899368e+01, 2.195412469409462e+00, 2.266181661148019e+00, -2.699654853167443e+00, -1.171878298035593e+01, -2.576488024309525e+00, 2.713768355767678e+01, -4.336466489388867e-01, -5.740157689229087e-01, -2.445345409873968e+01, -9.370048465613770e+00, 2.809725850078878e+00, 1.698827465185196e+00, 1.885844067116851e+01, 1.991414398889975e+01, 1.450248938360948e+01, -1.995222463642349e+01, -7.597126275197139e+00, -4.281124820030342e+00, -9.591314394201795e+00, 1.439668986782746e+01, -1.405252958815525e+01, 2.785615479057581e+01, -4.570868787988791e+00, 7.009198095669921e-01, 2.748822548599652e+00, 2.971558345419371e+01, 1.300984026359752e+01, -5.304293673759517e+00, -3.276225591598184e-01, 3.466011003149264e+00, -2.752474198307110e+01, -1.888363533561536e+01, 3.831451454561366e+01, -2.834324832570978e+01, -4.732011739158224e+00, 8.857806215427281e+00, 7.130757647386075e-01, 1.532164259293793e+01, 1.126381570625442e+01, 5.165997451507370e+00, 2.144712384606337e+01, 7.337079629828284e-01, 9.398014272636246e-02, 8.134517765759909e+00, 6.706258275293311e+00, -2.836784420390534e-01, -1.643026870826084e+00, -9.715602846582424e-01, 1.741097403877712e+00, 3.307194027962914e+01, -7.501153248374069e+00, -8.820571163425443e+00, 4.139572129553287e+00, -2.190432532613976e+01, 7.465131440108881e+00, -1.082057920281676e+01, -2.571219827382492e+00, -4.389963125731224e+00, 8.989987363701985e+00, 1.404090743440403e+01, 4.632338407137588e-01, 3.787553179609552e-01, 5.044245509829068e+00, 1.416842495170274e+00, 1.260032007630300e+00, -3.437914746207526e-01, -2.690147703254374e+00, -8.875994052445109e-01, 4.072616076297352e+00, -1.067228882006956e+01, -4.066042976897050e+01, 2.193063245312308e+01, -2.029136690330317e+00, -6.957897186292172e+00, 2.947383177353974e+00, -2.907636059214989e+00, 5.161123094085720e+00, 5.837228480340128e+00, 1.690345143268808e+01, 1.038170725200423e+01, 1.161194300748617e+00, 9.424095296488596e-01, 3.775146593858801e+00, 5.090651486042962e+00, 2.517165402605426e+00, -2.499325355648705e+00, -1.438135049106219e+00, -5.861691567808980e-01, -5.016137161801515e-01, -1.037619495888357e-01, 5.827610219191274e-01, 1.924437310170871e+01, 5.763088167470782e+00, -1.804884204586014e+01, -1.723573723964844e+01, -6.703967824077739e+00, -5.448764955391696e+00, 7.543345706783363e+00, -7.379194820908327e+00, 1.540871430728440e+01, -7.218191873089095e+00, 2.304573688771965e-02, 6.127502017478537e-02, 7.098998313132031e-02, 2.300681500292778e-01, 3.653949811376406e-02, -7.935693682074191e-01, -1.754058418271290e+00, -1.323857261603096e-01, -1.208698906246150e+00, -1.313166984764697e-01, 6.346417103516826e-01, 6.958624374940995e+00, -1.853811134883938e+01, -2.005056056209886e+01, 1.710674064170743e+01, -1.553084101731610e+01, 9.626115555891181e+00, -9.589483293436901e+00, 2.324470361279495e+01, 3.345591227168613e-02, 8.712667311207378e+00, -2.087813226140051e+00, 8.671730002412449e-02, 1.003545952995107e+00, 1.446574191510451e+00, 3.734692105022525e+00, -4.533670153164346e-01, -3.258507553846276e-01, -5.445650013292066e-01, 2.321317556378730e-01, -7.031702797078990e-01, -1.594660500405283e-01, -9.142332376252865e-02, -1.532739312260560e-01, 1.098168454202224e+01, 1.938106142670063e+01, -1.844466045456906e+01, -1.546917188633513e+00, 1.088295532476448e+01, -2.275754149904034e+00, 6.292475622153823e+00, 1.399464578893622e+01, -5.646520113062470e+00, -5.795463664704046e+00, -1.403824032917423e+01, 4.765404360169648e-01, 9.207720487426450e-01, -3.600519750759550e-01, 7.045767959572552e-01, -7.629161290136210e-01, 8.170021607122657e-02, -2.347003652530218e-01, -2.056093038807814e-01, -3.416378963993479e-01, 3.249342182077596e-01, 2.420094262511281e-01, 2.412848373720315e-01, 1.991035401190790e-01, -1.907114264418531e+00, 1.227185198297762e+01, -1.141816956405131e+01, 1.204487475586651e+01, 2.583990323262160e+00, 1.881401730853737e+00, -1.877649947714776e+00, -2.724500263533233e+00, -1.665605722621512e+00, -1.448246199917118e+00, -3.058048004628501e+00, -3.137957861116467e-03, -4.208020181302340e-02, 2.590554579112100e+00, 2.110818612941553e+00, -5.772072988561330e-01, 3.436949480903592e-02, -8.239110614575622e-02, 3.319817898394312e-01, 5.670789669011324e-02, -3.516327066193535e-03, -1.013858490852649e-01, -2.534235926897480e-02, -5.373336355009393e-04, -9.213690786263196e-02, -1.069578128236095e+00, -9.147652864035957e-02, -1.231351541050135e+01, 6.339022425763640e+00, 7.746289027894221e+00, 3.736906527718078e+00, -5.443722111315387e-01, -2.316571661578133e-01, 1.602862385537187e+00, -3.829354799057821e-03, -3.618226337184484e-01, -7.591885042228436e-03, 2.918812644068392e-02, 1.066910045459576e+00, 9.101563072524317e-01, -5.886448484689049e-01, 3.966250882289675e-01, 6.637064867327051e-02, -2.389641424746391e-01, 2.117816042840097e-01, 6.430165350583392e-02, -4.002500540415833e-02, -4.735080806857916e-02, -4.652042010975630e-03, 5.842439033759873e-04, 6.170837916092381e+00, -5.369989554364944e+01, -5.039917022458449e+01, -2.079578004048462e+02, 8.051081803908649e+01, 9.469416725484342e+00, 5.186607649458649e+01, 5.483386940041246e+01, 1.205427479763740e+00, 2.509862013159040e+01, 9.293292416332964e+00, 1.043160324137688e+01, 1.230192017203416e+00, 1.463147056796832e+00, -8.587595749820654e+00, 3.634067091917672e+00, -2.535298688719887e+00, -3.314379536047429e+00, -3.220218012862452e+00, -3.334406865920292e+00, -7.824259486386114e-01, -2.779651293569846e-01, -3.660490428545791e-01, -1.417712462445695e-01, 1.810235194936013e-01, -3.099081399908989e-01, 8.462610588001502e-01, -1.110388290879061e+00, -2.267599547933831e+01, 5.122213785927681e+01, -1.224044778456851e+02, -9.474139118899078e-01, 1.861095240156675e+01, 7.558251050736587e+01, 2.957173443056906e+01, 1.629366585944182e+01, 1.885060315393692e+01, -4.844090136447667e+00, -3.381726941398720e+00, 4.271738847023615e-01, 4.429885526371672e+00, -5.866191847906224e+00, 4.717584558105547e+00, -1.000668008701349e+00, -9.602789750391092e-01, -3.147654931489443e+00, -1.688786327671985e+00, -1.369372057386251e+00, -4.770560475604734e-01, -1.113855656681856e-01, -1.055401042990295e-01, 6.855259861161036e-01, -2.120689150922595e-01, -1.117871061086042e+00, -5.698998627011012e-01, 4.580319760927074e+00, -6.389098364953012e+00, 2.039614559375722e+01, -2.140544553029690e+01, -1.629649369436978e+01, 4.565965144883085e+01, 2.051491709847499e+01, 1.135526185780028e+01, 1.687818589040662e+01, 1.151914107501419e+01, 2.256995764845573e+01, 3.585223230190155e+00, 5.849002503874083e-01, 2.574004721450388e+00, 5.822055289443110e-01, 2.326357173276711e+00, 3.935814367883346e-01, -1.507093436668229e+00, -1.292650054212619e+00, -1.585023414527085e+00, -1.058837892547791e+00, -1.791822043824330e-01, -4.230607354292625e-01, -4.446766382107166e-02, -1.282533087476774e-01, 2.124162534247582e-02, -2.105535616827772e-01, 2.599798770255333e-01, 5.941725305497898e-01, -6.245512644614650e+00, -3.203708294581734e+01, 4.523191120272749e+01, 4.324306925559036e+01, 6.302556011138745e+00, 2.176658740424447e+01, -2.303151457422853e+01, 7.100343050399417e+00, -1.164931134533223e+01, -7.326823450789369e+00, -1.037695086596756e+00, -4.727636408716734e+00, -2.396063042079204e-01, -1.129704888373285e+00, 1.274492062168620e+00, 1.807403659513602e+00, -1.479160024911248e+00, 1.705564421122126e+00, 2.731150927196876e+00, 1.632083208240361e+00, 1.233563290675971e+00, 8.203553971045248e-01, 1.768765438556837e-01, 1.383440117271337e-01, 7.576280140491597e-02, 1.494942908050786e-02, -1.718890341191000e-01, -2.113986107335543e-01, -7.806761378488218e-01, 2.880086226793479e-01, -2.149415074106726e+00, -2.409004729140830e+01, 2.932089360791034e+01, 4.858950336524790e+01, -3.164340463631817e+01, -2.948575373604449e+01, 9.976225824350272e-01, -6.481344479173770e+00, -4.212286742387903e-01, 1.683115177207339e+01, 6.698472430415880e+00, -3.990100229452640e+00, -2.253378238240939e-01, -6.210262295315510e-01, 2.673368403747217e-01, -7.348968038795552e-01, -1.534951617139839e+00, 2.318788083955954e+00, 1.595743980288268e+00, 1.428577079711607e+00, 6.752604150345203e-01, 1.732242089944320e-01, -1.062933950696047e-01, 8.882560703402574e-02, -1.086332582531112e-02, 4.112948486929587e-02, -2.401547757434309e-01, 3.104628252140472e-02, -6.752160629169438e-01, 4.198386129046951e-01, 1.262034544713200e-01, -3.355799888151765e+00, -2.567100907751898e+01, -3.266862028784131e+01, 2.943126751554615e+01, -8.762917864629749e+00, -2.573124926650467e+01, -4.233260018495350e+00, 1.065679645663279e+01, 1.224164976988377e+01, -6.549793826273726e+00, 2.378608978152143e+00, -1.027057784998163e-01, -7.650543914142234e-02, -4.399967200295911e-01, 9.689417008637593e-01, -4.292730785868110e-02, -2.151973524713467e+00, 9.671896063720835e-01, 9.450899182263834e-01, 5.692679043984892e-01, 2.549622312197346e-01, 2.669021501981196e-01, -1.456806559691040e-01, 6.049254888349767e-03, 2.984364503688023e-02, -7.603049428175457e-04, -1.308315973379751e-01, -1.552788065744003e-01, -1.330667586247136e-01, 3.853609289184845e-01, 1.274349826949108e-01, 1.568969892228365e-02, -8.106472916052072e-01, -2.466397081231730e+01, 5.382419259632082e+00, 2.231074268390229e+01, -3.309430309435592e+00, -8.356739083775738e+00, 2.464009720480846e+00, -4.315002667341896e+00, 2.952090637849036e+00, 1.016988022243310e+01, -1.701376595047062e+00, 2.515536308726388e+00, 3.397938422253766e-02, -9.599534846325917e-01, -7.138403880255323e-01, -5.789506520029295e-01, -9.547856523258608e-01, 1.596850842388702e-01, 2.314969830430728e-03, 4.031068208027225e-01, 2.127293603191571e-01, 1.555438814083076e-01, -9.789909766234933e-04, -3.719757902484815e-02, -1.336319659620608e-02, -3.163503443511340e-02, -1.739872243107100e-01, -1.402712489889171e-01, -5.570329679426551e-02, 1.762229961603567e-01, 3.047760134398014e-02, -5.410188954373559e-02, -3.641469626068530e-02, -1.497445136983103e+00, -9.781575741250954e+00, 1.744006542042711e+01, 1.591164768705880e+01, -2.252023829772461e+01, -4.808451423622190e+00, -3.851415875023059e+00, 3.889573005455810e+00, -6.022628014221084e-01, 7.320772993065056e-01, 1.516301042299971e+00, 4.532652520340136e+00, -1.121686188092718e-01, -2.834887983393499e-01, -9.798620444271487e-01, 1.521886940832786e-01, 4.972786716030578e-01, -3.867210941013253e-03, 9.391328682156803e-02, -1.685887708902054e-01, 1.316177100364300e-01, 1.656318455151676e-02, -6.144767243939914e-02, -8.782004181410040e-02, -1.439496841951032e-02, -4.666328449807051e-03, -2.983709577590802e-02, -1.785941334292345e-01, -1.692828216097285e-01, 6.974900957679636e-03, 4.947238368505105e-03, 2.436971917230185e-03, -4.086787810783730e-02, -1.038555814479963e-02, 3.797283976608024e-02, -9.788934548576933e+00, -6.306315807258310e+00, 6.606819326217602e+00, 7.992067567233111e+00, 2.763073924874182e+00, -1.575270201187045e+00, 5.013966336355685e-01, 2.146897626483677e+00, 2.182393369022031e+00, -5.805973652801202e-01, 7.522235692470375e-01, -1.305611531904690e-01, -2.003678996265941e-01, 1.294623094883110e-01, -3.967612252627426e-01, 1.740960594341730e-02, -1.624753270268245e-01, 6.704784282456533e-02, -8.935493312527547e-02, 2.094166270157592e-02, -2.220837245797978e-04, 3.408404015941352e-02, -1.440121574852437e-02, 1.738769178529456e-02, 9.240578672148954e-03, -6.416258349045485e-02, -1.661914619789375e-02, 1.435288845119307e-03, 1.101914010095411e-03, 3.877575065866466e-03, 2.261205446686226e-02, -4.214638092872551e-03, -9.637937261202385e-03, -3.593099622574997e-03, -8.728243222309113e-01, -1.147315008755004e+01, -1.399513355607131e+01, -3.252401583317089e+00, 6.290953837589438e+00, -6.273369616761538e+00, 5.888464137052738e-01, -8.535687241505339e-01, -1.841021040312689e+00, -2.348962611674500e+00, 1.402935386552473e+00, 2.778980278002268e+00, -1.672873089728787e-01, -7.301689801315431e-02, 3.094120289220710e-01, 1.044055975515929e-01, 4.602919544860857e-02, -5.362070753897118e-02, -5.832076806225912e-02, -1.015604694544382e-01, -1.100509873111596e-03, -1.559508730496383e-02, -5.551616766334586e-02, -6.523377267270240e-02, 5.758364748182333e-02, 6.210375672642978e-03, -3.190600343636380e-02, -1.612440929583891e-02, -4.516948362599723e-04, 1.198567388608807e-03, 5.012102293223440e-03, 1.329591324552253e-02, 6.661698397311891e-03, 5.094516447715308e-03, 1.972261905388673e-03, 3.363540226610684e-03, 2.991996328382623e-01, -2.346323982786425e+00, 7.931998357721638e+00, -1.078842578197382e+01, 8.921109947956985e+00, -5.374641247458628e-03, 2.307279397562104e+00, -6.695931229247005e-01, -1.734022147335601e+00, -1.069203579744388e+00, 6.560274530751027e-01, -2.337666070248940e+00, 4.121788851327806e-02, 5.219760297977096e-02, 1.385351695496747e+00, 3.934723719563754e-01, -1.363716904983378e-01, -4.142622212287790e-01, 1.653272673860396e-01, 2.580373695327997e-01, -1.025505998060043e-01, 3.290788875931878e-02, 2.982815404344214e-02, -1.191929745784404e-01, 1.209292204533217e-02, 4.339687321075470e-03, 1.752663173722052e-01, 1.734121204528377e-01, -6.290011393388824e-02, 2.511948841896770e-02, 2.803529637498252e-03, 2.989599090896800e-02, 3.850450119883688e-02, -5.531065024965172e-04, -4.457720599087768e-02, 3.465769645694807e-03, 1.075089037240081e-02, 6.448102914330026e-02, -2.119327250291857e+00, 1.738005660568786e+00, -4.911838273539470e+00, 2.832746476499915e+00, 1.518084264228035e+00, 1.284913713560283e+00, 8.217046552619580e-01, -5.076817543287502e-01, -9.401348529831141e-01, 1.160272620501237e+00, -3.320302656396304e-01, 1.637818436848809e-02, 3.147366423240398e-02, 1.127382310621948e-01, 5.314727896825397e-01, -9.638780272959518e-02, -4.404849795819221e-03, -5.258297322698695e-02, 3.851541668950809e-02, -3.248296047759459e-02, -6.647894019992100e-02, -1.447450815545518e-03, 5.356992165490367e-02, 4.651026462641283e-03, 3.591787662221754e-03, -1.141182942927951e-01, -2.983599619378453e-01, -1.979170081046262e-03, 3.624374675897480e-02, 2.432691167962062e-02, 1.797666742821847e-03, 1.218586195122499e-02, 2.625128949518536e-03, -3.158227152399122e-03, -1.145865524950068e-02, 4.765550134197567e-03, 2.616636626389262e-03, 4.396920223226790e+00, -1.661190164696281e+02, 1.280307528221828e+02, 1.374274781982169e+01, -4.372278259986130e+01, -8.313077132273937e+00, 6.148207400158321e+00, 1.160840673015134e+01, -5.550892359741886e+01, 8.389906547698737e-01, -7.138545981136304e+00, 1.581941499720959e+01, 1.466716423884497e+00, -1.546687646899128e+00, 1.963470634545163e+00, 6.869188376633839e-01, 3.768629456051138e+00, 7.509323929742568e-01, -1.440745407161804e+00, -7.967301687127354e-01, 9.569439688991797e-01, -3.886684413270923e-01, 2.755630883127532e-01, -2.273723689278799e-01, 5.208354893283971e-01, -6.184328631163804e-02, 1.361452293985934e-01, -2.564057774822281e-01, -7.860473848299341e-01, -2.076926870601870e-01, 2.267673000356865e-01, 5.417121063699993e-03, -1.160344825336480e-01, -4.124781999117808e-02, -5.458323883817359e-02, -1.244394441171578e-02, 3.303675010210418e-01, -1.931319986539407e-01, 1.415949172488299e-01, 3.223729502355142e-02, -2.134928938282837e+02, 8.738245751512629e+01, 8.196315975742583e+01, -1.776072506335491e+01, 3.028277637103708e+01, 2.268738646111533e+01, 5.003209390373386e+01, -4.292399927452031e+01, -2.596103567624134e+01, 7.401249210650478e+00, 1.352749963780773e+01, 1.071068385245325e-01, -1.166502280512681e+00, 4.348276649572492e+00, 8.787361274854277e-01, 4.078048768110239e+00, -1.361161363399839e+00, -1.918950758376880e+00, -1.027698857051804e+00, 2.099206780746407e-01, 2.497998651470627e-01, -2.368344777089729e-01, -3.180442469375951e-01, -1.123685652607220e-01, 2.502450181137486e-01, 3.681973455314150e-01, -4.969767042053163e-01, -3.903483927293195e-01, 4.715200394933430e-02, 1.733637149659756e-01, 2.302795367880497e-02, 1.106486919264016e-01, 6.629572725988452e-02, 4.597145439327716e-02, 3.589593287436232e-02, 5.226004086454405e-02, -6.766467824302833e-02, -4.050633192372453e-01, 1.381219446661784e-01, 4.572533016020564e+00, -1.122265358714246e+02, -4.730022452164972e+00, 3.660507362952006e+01, 1.450390775776738e+01, 1.556300041806088e+01, 2.443350540860176e+01, -2.422310786338083e+00, 6.389730797524596e+00, 1.967758774064629e+01, 1.703806212473037e+00, -1.378195101692869e+00, 1.128829577943311e+00, -2.591721864896529e+00, 5.092886250885540e+00, 4.241699152237179e+00, 2.944358715329379e+00, -9.171979978984539e-01, -4.371819499560959e-01, 1.481069000161816e-01, -2.095059693113252e-01, -1.713122847010489e-01, 1.870658659685029e-01, 1.624144440620478e-01, 3.090297818718825e-01, 8.471448747604689e-02, -1.989000706551184e-01, -1.273784562299703e+00, -2.287134589023751e-01, -3.595574657055056e-02, -1.061180535494275e-01, -2.348208134660953e-01, -8.270800463344606e-02, -1.567200063965296e-01, -5.908058395737377e-02, -3.716949057846822e-02, -8.901925829009966e-03, -1.835825801091056e-02, 2.807210303628148e-01, 7.780778556012792e-02, -8.264210493428815e-02, -4.055941795075583e+00, 1.200661014451592e+02, -5.560544003292732e+00, -1.820092362989180e+01, -1.552672119375460e+01, -8.418686568293960e+00, -2.121861764936452e+01, 1.089585898185406e+01, -1.194143989515521e+01, -3.204761693854894e+00, -1.612796002940733e+01, -7.791521955207662e+00, -1.436780598011896e+00, 2.763567090155962e+00, -2.823361053297347e+00, -3.027178632765412e+00, -1.826499155620048e+00, 1.360213527840995e+00, 5.765283350294502e-01, -1.579125967059630e-01, 5.888047000406713e-01, 2.968929627906193e-01, 1.913711049094677e-01, -9.791226433126099e-03, -2.131260006207849e-01, -2.897062426982791e-02, -3.296797141812531e-01, 3.315446015261227e-01, 1.464583087640183e-02, 5.968028769498674e-03, 4.409663768206711e-02, 1.156188925658941e-01, -5.732064137208411e-02, 2.542115544849551e-03, -2.918565579932406e-03, 2.904931178110456e-02, 3.170138673577394e-02, -2.358101442609143e-02, 5.294508585041844e-01, 2.972379571324537e-02, 2.485600554844448e-01, -1.299073707647611e-01, -2.573972031012387e+00, 9.568441819548251e+01, -7.615662777840050e+00, -1.117776960660035e+01, 8.605162765677880e+00, -1.695194715771085e+01, -7.103271201484408e-01, -6.406551700031892e+00, -9.945765834347466e+00, -8.003521426245630e+00, -7.886724547834410e+00, -1.365966382381926e+00, -1.291694877543627e+00, 2.459879065955787e+00, -1.874899845160228e+00, -2.221221041855066e+00, -1.958120403915826e+00, 1.716649823773418e+00, 5.828873397064317e-01, 2.287931032240089e-01, 1.989992132275590e-01, 1.501986110942286e-02, 1.608894068040546e-01, -6.727001878410963e-02, -2.016348225668056e-01, 3.725627663558101e-02, 2.703262323585791e-01, 7.535006086629717e-01, 1.084827695090083e-01, -1.352391215477537e-01, -3.690477304953424e-02, 5.894727237834355e-02, 1.075300329977995e-02, 2.857561768836755e-03, -2.547987683333991e-04, 3.596220200951478e-02, 2.186179819650386e-02, 2.814654134962894e-02, 1.796843039408246e-01, -6.149887937909027e-02, 2.520248200901689e-01, -2.621075201523934e-01, -1.354125046103761e-01, -3.532907484681258e+00, 6.948332629348009e+01, 1.231724685592155e+01, -3.358782069032032e+00, -1.873804649015823e+00, -1.146557559976520e+01, -2.239103843234905e+01, 7.162617866221526e-01, 4.006396791709548e+00, -6.215006145765612e+00, -5.941667422750281e+00, -6.608907358699241e+00, -5.799072071996472e-01, 1.271818891543913e+00, -8.078787950493168e-01, -2.482992838015901e+00, -1.476577252545287e+00, 1.281548392891730e+00, 5.398224723580098e-01, -5.270128793866265e-02, 6.971064493225151e-02, 1.884164456516887e-01, 1.041389259000211e-01, 6.793111605159768e-03, -6.786006884317539e-02, 1.280677376604555e-02, 9.343682693824173e-02, 7.119612363633867e-01, -1.185561576283560e-02, -9.685458718094787e-02, 1.804834659185644e-02, 8.133333487267233e-02, 2.363704359039268e-02, -9.016318866125304e-03, -7.835787943684659e-03, 1.139775939625630e-02, -1.656915648914762e-02, 1.293312676363153e-02, 7.440614036372917e-02, -1.057095991777698e-01, 1.774741084181674e-01, -6.715611344362120e-02, -1.939109841773928e-01, -7.985544816402759e-02, -1.128498328307631e+00, 5.885001597322302e+01, -1.930065875715461e+01, 1.452733937190627e+01, -2.471623121049169e+00, -1.599849517998634e+01, 2.069387496047808e+00, 2.448113066249582e+00, -3.510385650873323e-01, -4.022824165857529e+00, -6.802536886199015e+00, -2.476700340150712e+00, -2.681816674754972e-01, 1.122381572960903e+00, 8.888603063538327e-01, -1.579760428337103e+00, -1.058320776761654e+00, 1.121248499783893e+00, 5.787165173237846e-01, 4.168939008314100e-01, 1.776758864832861e-01, 2.836634535757833e-01, 1.501204268407442e-01, -3.390579764849935e-02, -1.123001131351327e-01, 3.356501770976984e-02, 1.299995872977038e-01, 5.354012152251937e-01, 5.600916164489776e-02, -3.730736188564698e-02, -8.613819897688182e-03, 5.418165773515208e-03, 9.601085643435061e-03, -1.651722989392590e-02, -2.630930143717094e-03, 2.415688696550198e-02, -2.674649768542123e-02, 1.961520467574018e-02, 1.359037189958074e-01, -1.588295041403973e-01, 1.326060466770996e-01, -3.436866534890139e-02, -1.103061693043233e-01, -7.876986987333959e-02, -2.610089024050510e-02, -7.797785769783508e-01, 2.997998225495538e+01, 1.919964994023738e+01, -1.319864579831942e-01, -8.453623640283822e-01, 5.706318020185787e+00, -1.297267170288426e+01, 3.657465540377549e+00, 1.292060568314364e+00, 8.916920915215064e+00, -1.140811898861104e+00, -4.097511385080142e+00, -8.416108866094815e-02, 1.149075526038400e-01, -8.620561900328147e-02, -3.200719877175056e-01, -6.603574012160520e-01, 2.334240723970956e-01, 4.930514278383112e-01, 1.257829635883057e-01, -2.726406998519808e-02, 4.966109245512264e-02, 8.746323292869838e-02, 6.110731893432039e-02, -5.279340635785577e-03, 1.547545103511970e-03, 9.671309823649589e-02, 2.816973657592904e-01, 7.516215522096067e-02, 9.567743952684664e-03, -3.358195096292400e-02, 2.841462085231490e-02, 3.296334487313390e-02, -1.641635673906713e-03, 8.971510852705249e-03, 1.119881329560828e-02, 8.739896133737490e-03, 4.507269619817021e-03, 8.410333412796109e-03, 1.712659967019321e-02, 7.580361977746911e-02, -2.567065666487318e-02, -6.560532944209591e-02, -4.244558238255005e-02, 7.512000812516554e-03, -1.319864613579295e-03, 9.163002603993364e-01, 7.713979829561057e+00, -1.724735240896038e+01, -7.483544494831234e+00, 6.054130438842320e+00, 5.594519427401924e+00, 1.598468096805062e+00, -1.902937267186385e-01, -2.821415794950994e-01, -3.205866224718655e+00, -1.784968468315659e+00, -1.094389177505096e+00, -2.124843152865586e-01, 4.839310164662086e-01, 2.678734913669782e-01, 3.652233441918941e-01, -1.220999545817956e-01, 8.419641383110901e-03, 1.354345828569488e-01, 1.470324459511108e-01, 7.709731794468082e-02, 1.219504846485892e-01, 2.194593655951316e-02, 4.290639536882625e-03, 1.608322698374197e-02, -9.579209973847968e-03, -9.760810852887426e-03, -5.811662628377778e-02, -5.173216095716075e-02, 2.306754244997506e-02, 4.284340687538120e-03, 7.465895806398982e-03, -4.150004284560616e-03, -2.827646444943211e-03, 1.026620072018616e-02, 6.751922950887712e-03, -9.363604395030568e-03, 9.433412759417155e-03, 4.275041581006127e-02, 1.822871501257727e-02, 3.561519456573928e-02, -1.325828865058170e-02, -2.526700417591274e-02, -9.709449198765374e-03, -1.007342792470590e-02, -1.209604538671134e-02, -6.446334137090995e-03, 3.257692417514461e-01, 9.166893274072196e+00, 2.424003072115850e+00, -5.508978356061299e+00, 7.599815251021004e+00, 1.367324727115306e+00, -1.191451157790445e-01, 3.557237571752574e+00, 4.520425848193080e+00, -2.090047219927846e-01, -9.691598570799071e-01, -5.865765502059394e-01, -1.104559384833283e-01, 1.163685383622242e-01, 3.285938578159531e-02, 2.171017371872160e-01, -1.191574961742265e-01, -1.932550385230979e-02, 3.604735164593955e-02, -5.277087298014650e-04, 1.263343682348582e-03, 8.527279392535911e-02, 5.524258979974762e-02, 2.667509558902790e-03, -4.954406280678326e-04, -3.371353484584536e-04, -4.312511753051434e-02, -5.373185152734633e-02, -5.710525138320113e-03, 1.002251597601691e-02, 6.370379417981826e-03, 4.677142987165544e-03, -8.178996178965121e-03, -1.139406713855769e-02, -6.319481233798796e-03, 2.345592941949676e-03, -2.038462465401057e-02, 3.534771488620257e-03, -3.367143275407433e-02, 5.012942950631778e-03, 5.557415142634633e-03, -8.667384917762420e-03, -1.970540513058280e-02, -8.821377075195237e-03, -6.715670126640303e-03, -2.682852996722094e-04, -3.308133353473389e-03, -1.382742144779720e-03, 6.350775127296958e-02, -2.007367699192801e+00, 8.490531355632667e+00, -1.238093330383871e+01, 1.029142472167522e+01, 9.980556500510611e-01, 3.814701511332946e+00, -8.820298705120833e-01, -2.012640525615684e+00, -3.409712983154056e-01, -7.496760663226836e-01, 1.556919549944138e+00, 3.177917574129101e-02, 9.131161585202643e-02, 1.327575131744470e-01, 4.571918948934518e-02, 9.220239315633294e-02, -3.286523542186845e-01, 9.329690786643503e-01, 2.673207079150849e-01, -2.754441013339436e-02, 2.425747283800545e-01, -1.211452169539115e-01, 3.986834978920557e-03, 1.492489645799173e-02, 1.080855595681357e-02, 2.515119304781793e-01, -3.827570279719581e-01, -3.371593428993193e-02, 6.918239383290979e-02, 3.432754513124790e-02, 5.466684184989946e-02, 7.091177796969994e-02, -8.238023836744114e-03, -8.694566141787936e-03, 2.400282637287914e-02, 9.568383340360731e-03, 6.292790975645638e-03, 8.541116015534700e-01, -3.119077000829085e-01, 1.139183001323467e-01, -1.692440418942519e-01, -5.031336842515520e-02, 9.410279057016729e-02, 4.017991782847089e-02, 5.864972956640822e-03, 4.641555354060260e-02, 3.794086603369484e-02, 1.172968768038853e-02, -1.949000932245809e-01, -1.594571885761388e+00, 8.506794798588530e+00, -7.121904349460581e+00, 2.550930080747161e+00, 7.823242257962932e-01, 1.423367139264006e+00, 3.471205472941273e-01, -7.294054150782517e-01, -6.978777380217942e-01, 1.809833640536647e-01, 1.163986903453570e+00, -5.593698498025317e-03, 2.262805461854594e-02, 1.576686083578908e-01, 3.968478364490398e-01, -2.521363195719002e-01, -2.489684185579137e-02, 2.318270263336404e-01, 1.758231209511584e-01, 8.736469548596899e-02, 7.431936498090720e-02, -2.280958672644019e-02, -2.689107904597051e-02, 8.518970439266284e-03, 5.185568656081337e-03, -8.930572433203976e-02, -9.910999905543419e-02, -1.000034403244283e-01, 1.312321288289202e-01, 4.983886652523751e-03, 2.346286497422896e-02, 2.144576257698410e-02, 1.999686390603047e-03, 1.698373840775300e-02, -1.596017780562813e-03, 9.509946612934327e-03, 4.043261298147115e-03, -3.271598582916735e-01, 9.103371936667176e-02, -1.467772670824816e-01, 1.774410398465003e-01, 9.654212178529446e-02, 1.824490490011415e-02, 8.498935642927372e-03, -1.299998914556496e-03, 2.853290792424744e-03, -6.042382652772410e-03, 1.361070104443144e-02, 9.409039664408005e-03, -7.078746132279785e+00, 1.939543864033869e+02, -9.774689712850646e+00, -1.147516969952634e+02, 1.250091826266021e+02, 1.796846337099953e+02, 1.862088938431803e+01, -4.991543329140087e+01, -3.424294688388382e+01, -4.120705446525092e+01, 1.995316095343513e+01, -1.807064854545496e+01, 2.115857254536382e-01, 1.608775942621958e+00, -2.466338865563619e+00, -2.924436972786969e+00, -4.132707767913910e+00, -5.010467928118536e+00, 1.224166827020633e+00, 1.079465110042498e+00, -3.009584698157287e-01, 1.220286245278225e+00, -2.439304561988501e-01, 4.958659639257182e-01, -2.402353203626478e-01, -6.003189136956232e-01, 2.795071585628438e-01, 2.211961111472854e-01, 6.947881482872205e-01, 5.067298547978426e-01, -5.416285585148216e-01, -4.178002747827207e-01, -1.297147797736030e-01, -2.814619574094379e-01, -3.655391987103655e-02, -7.135189201543739e-02, 2.309682770739026e-02, 5.292823407286876e-02, -8.606917166741023e-01, -6.695746049845904e-01, 2.653528904311218e-01, -6.302959062893561e-01, 3.811318178348020e-01, 1.724396031904065e-01, -8.287228900723338e-02, 1.061948249223602e-02, -3.778095385555959e-02, 2.280181949999514e-02, -7.888178125257774e-01, 3.453830536256771e-01, -1.258624903273302e-01, 5.348520778829105e+00, 3.292254696557447e+02, -2.125228845774531e+02, -1.062141671509479e+02, 2.974410384634412e+01, 1.911779016108632e+01, 1.651929079856145e+01, -1.573315469126891e-01, -1.022306579842364e+01, -3.684006587505456e+01, -1.533572031119927e+01, -1.270086339091402e+01, 3.932446638302213e-01, -1.007430573281310e+00, -1.391180187684632e-01, 2.642643941761691e-01, -7.093508701899980e+00, 3.084857385756481e+00, 3.512295697708326e+00, -9.772457409267961e-02, -1.199705080177694e-01, -4.661277247297572e-01, -1.462890368125339e-01, -8.277566355239378e-02, 1.460061706253299e+00, -2.158874806790002e-01, -2.905851578284105e-01, 4.047551494362045e-01, -1.865448416712333e-01, 7.847153807000508e-01, 4.806229436136476e-01, 6.104195013071403e-01, 7.116419186158075e-02, 6.480970762695575e-02, 5.261451806543370e-02, 4.538772546097486e-02, -2.957953718735814e-01, -3.180959427641393e-01, 3.904180341302410e-01, -3.329818996105611e-01, -4.296233998891106e-01, -2.850160738390088e-01, 5.887499790139821e-01, 3.273000453685022e-01, 3.210774391525989e-01, 1.909866574809925e-02, -1.624583107361167e-01, -1.159969209277578e-01, 1.256547266878763e-01, 3.560984786362504e-01, -1.661146127062236e+00, 2.683529298252231e-01, 2.698367340085781e+00, 6.857815143476364e+01, 3.677677593657735e+01, -4.788744047079948e+01, -3.327381382775700e+00, -3.452594683928016e+00, 1.030565947841473e+01, 3.501955029912561e+01, -6.226033799877721e+01, -6.808555659363550e+01, 2.887954961176708e+01, 1.081721117359160e+01, 8.225977776914421e-02, 4.205072055397640e+00, 1.281735602907482e+00, 4.829693245998101e+00, -4.880395191179757e+00, 3.543085292436658e+00, 2.801318307045140e+00, 7.186546665266927e-01, 1.915381036130599e+00, 1.026653988422634e+00, -4.645124689925866e-01, -5.435212640938018e-02, -3.891503505568900e-01, -6.530895403700161e-01, -1.845051025637688e-01, 1.797590375489207e-01, -1.796746867980008e-02, 3.868413962283795e-01, 2.718874054474236e-01, 3.492091276574649e-01, -7.366021178704994e-02, 1.512032073084465e-01, 3.036734400406374e-02, 6.300756646901153e-03, -5.771607437076314e-01, 1.247749596358045e-01, -1.362178178826336e+00, -5.514428308166822e-02, 4.185105436207415e-01, -3.835252035145128e-01, -2.144248134355586e-01, 2.019633672039922e-01, 4.861183997415204e-02, 4.478814909884101e-03, -8.537387546731644e-02, -1.541810200788803e-02, 5.497128728904433e-01, -5.658714363752654e-02, -9.268761526665733e-01, -1.003669266742513e+00, -4.525753593936948e-01, -2.978664730379979e+00, -3.317886241615205e+01, 7.550329966737432e+01, -1.872305971584120e+01, -3.637479373104338e+01, 2.374427292856903e+01, 7.729202659246815e+00, 2.257905011584812e+01, 1.897758722433273e+01, -6.018489651193221e+00, -2.407624126645234e+01, -1.639096432574026e+01, -1.070273179934019e+00, -3.946721397948534e+00, -2.775031060823982e+00, -1.412616251035516e-02, 3.764772661430971e+00, -4.442926669995789e+00, -2.443209930892999e+00, -4.774321449943084e-01, -2.070049636005328e+00, 1.215096052907015e-01, 2.358499484638009e-01, 2.397490741008421e-01, -1.181312516828160e-01, 4.505959793200223e-01, -2.700049958969579e-01, 3.077084733359319e-01, 3.275874713659004e-01, -1.111932221459600e-01, -3.717546655201740e-01, -3.055854383312882e-01, 1.387775534305716e-01, -1.642849597874611e-01, -4.222035381020075e-02, -3.450384122560363e-02, -9.163498447624736e-02, 4.315138781836286e-02, -6.193517250114663e-01, -3.226494125130791e-01, -3.695043480677158e-01, 6.292684186924561e-01, 3.519768159061375e-01, 7.119460333754088e-02, -8.173939210913732e-02, 1.614609507500377e-01, 8.761592064366151e-02, 3.574603338928226e-02, -1.961263825573877e-01, -1.056080396861563e-01, 2.019428396943699e-01, 8.130291848068574e-01, 9.315611932512163e-01, -6.159669378594490e-01, 2.005153721578074e+00, -4.215484194653732e+01, -2.645962163341394e+01, 1.049836142273585e+00, -7.065681652399196e+00, -1.132985531334451e+00, -2.623723156728042e+00, -1.622314936474856e+01, 3.114634396342700e+01, -9.533090433255683e+00, 1.206382643508601e+01, -7.327166120877836e+00, 8.976099808273781e-01, -2.917758206018589e+00, -1.620559107817766e+00, -2.891032938434480e+00, 1.506270784893835e+00, -2.455968332069370e+00, -1.519395938429522e+00, -2.963091422540638e-02, -1.583955347116654e+00, -6.357063594372211e-02, -2.567039821572672e-01, 8.848657428110226e-02, -3.206333144256891e-01, 1.220585211191084e-01, -5.203727229152040e-01, 4.395301915671191e-01, 4.411356290784798e-01, -2.604623108078877e-01, -3.532693127987027e-01, -3.754889796808093e-01, 6.237587454918852e-02, -7.727145484263241e-02, 3.774568407523137e-02, -1.010189313119515e-02, 9.543743814290252e-02, -5.016396283072878e-02, 4.068552944278913e-01, -1.781731882076007e-01, -3.656559075764730e-01, 7.923525258016458e-02, 2.768926838793853e-01, 1.798665311529223e-01, 9.399409261561721e-03, 8.811251231506440e-02, 1.507821197078614e-02, 8.411418241732979e-03, -5.828015727684900e-01, -3.073347680047585e-02, -4.305455508170535e-01, -2.261700408529481e-01, 8.513144058492925e-01, -4.532804665494642e-01, -4.367721607529394e-01, 7.160633430478858e+00, -7.586410589979917e+01, -1.524813506501349e+01, 1.285808424908636e+02, -4.370616603556162e+01, 5.385751304361351e+00, 1.202307032112814e+01, 1.165232374773208e+01, -1.924555906634041e+01, 7.016826780020976e+00, 2.558413447217665e+00, 6.982190510571978e+00, 1.847651938400819e+00, -1.250158092961840e+00, -2.866507445507708e+00, -3.646155330164500e+00, 1.928570161474245e+00, -2.329189878670777e+00, -9.333465016007071e-01, 6.383077429325279e-02, 1.664999350371710e-01, -7.244952635107248e-03, 2.189086166832973e-01, -2.813846891490990e-03, 9.511470094129922e-02, 8.380626001668921e-02, -1.652761094497677e-02, 5.363326793901235e-04, 6.536095866682377e-02, 2.566137620624248e-01, -8.890323209796464e-02, -6.393334385533924e-03, -3.137901709684341e-02, -1.673107312976783e-02, -1.540549297682473e-02, -5.649722915502047e-03, -2.110651628694308e-01, -1.076766167218678e-02, 4.302552321660300e-01, 1.419071453235218e-02, -7.688577530066019e-02, -7.682103254821226e-02, 1.377250247438710e-01, 1.907977345017286e-01, 5.213595433253122e-02, 1.540263841435019e-02, 3.295533748264787e-02, 2.706207203787442e-03, -1.650034904302112e-01, 3.579111728470000e-02, -6.185014521712346e-02, 7.242799801159459e-01, 6.932522130799057e-01, -4.449418524982604e-01, -6.539486079871123e-01, -1.305097343597558e-01, 3.007485455377336e+00, -2.538479555747980e+01, -3.654908293480948e+01, 5.409336598335220e+01, -2.497370018028589e+01, 1.417769756732545e+01, 1.132671595553614e+00, -1.911456268509541e+01, -1.863792395255812e+01, -2.149628352657526e+01, 1.941748951080730e+01, 6.412550015219757e+00, 1.412057342497066e-01, -8.691139791536869e-01, -9.738025927145115e-01, -2.312284313392405e+00, 5.011481403524991e-01, -1.598007480082531e+00, -7.398096928331974e-01, 5.771627852222422e-01, 5.993011706850253e-02, 1.713334589913185e-01, -6.290580097053183e-01, -1.838846005116492e-01, -1.663405132895971e-01, 2.163472509612212e-01, -1.521143025645987e-01, 3.381641079772190e-01, 3.653535452079109e-01, -9.112507471907343e-02, -1.742284107583793e-01, -1.148350322254719e-01, -3.361681368249890e-02, -3.505976953176573e-02, 8.142258874341458e-02, 2.007353050748340e-02, -6.790693893309384e-02, -1.677428833797905e-02, -8.668461527104636e-02, 1.175774078767043e-01, -1.392666084217097e-01, -4.238343140863838e-02, 4.025465268959948e-02, 1.830087341581941e-01, 3.309023547497306e-02, 1.894932232069277e-02, -2.825575101566177e-02, -1.253331741640311e-02, 7.624410114579890e-02, -4.250914789286568e-02, -1.088477788760823e-01, 1.618012971165337e-01, 2.301270662471762e-01, -7.456727979688642e-02, -6.537788986926731e-02, -3.977788383509709e-01, -1.276807391867400e-01, 8.579670344322317e-01, 3.767463984878338e+01, -1.832454132307934e+01, 3.091854893053593e+01, -2.097772359214771e+01, -4.245887818641282e+00, -6.912389834259802e+00, 2.395095121673725e+01, -2.348153395538960e+01, 3.963351298231613e+00, -2.592382821457353e+00, 3.701175583755417e+00, 9.929217985244107e-03, 1.106652667080974e+00, 5.666934712951440e-01, -6.403611870755255e-01, 2.771753504740189e-01, 6.072520196930199e-02, 3.547801559602535e-01, 2.646399705243908e-02, 6.480068564287442e-01, -1.773521619361048e-01, -3.844557395808217e-02, -1.371444450667905e-01, -1.295129455610241e-01, 5.405799809917921e-02, -1.106365919815376e-02, 6.524683522619994e-02, 3.490344063202676e-02, -9.149816921838885e-02, -1.127457301091447e-01, 1.058743505336485e-02, -6.189323951044105e-02, 6.829254226535521e-03, -6.705223350029483e-03, 1.444661478212087e-02, -1.025615762497854e-01, -1.709507433096862e-03, -2.056993596169066e-02, -1.488415235877458e-02, -1.233123218563815e-01, 8.124726911538252e-02, 1.100998688311442e-02, 5.988115748684442e-02, 1.919218142442388e-02, -1.691469898698999e-02, -1.351281850979177e-03, -1.224500862435509e-02, -5.542162967354477e-02, 4.180215080050356e-02, 3.068302648653651e-01, 4.656446978670973e-01, 6.379476502551373e-01, -5.324650039590335e-01, -1.349242079801916e-01, -5.760029295938716e-02, -1.135083751702570e-01, -6.625489473441983e-02, -2.950839217894290e-01, 6.436822673707293e+00, 5.616668061954556e+00, 8.398969537753841e+00, 6.701391142779879e+00, 1.406070448063646e+01, 1.515708903106927e+01, 1.492300322338729e-01, -3.122463772430929e+00, -6.696959324384614e+00, -1.074255395911061e+00, 4.006889783478412e+00, 1.391859911549163e-02, -1.365170017455769e-01, 1.676302896463379e-01, -2.605140585281053e-01, 1.121768502947337e-02, -4.721252717967719e-01, -2.471354121906256e-01, 1.162092871539377e-02, 1.148506049585753e-01, 1.231317273225655e-01, -3.515028945675192e-02, -1.092479980300399e-01, -5.119975182627033e-02, 6.083976331464221e-02, -2.936718253174968e-02, 2.398281982724411e-02, -1.353054802201576e-03, 3.844045483604791e-02, 1.742623569690246e-02, 1.477151726007154e-02, 1.756434753738935e-02, -2.850414657331166e-03, 1.367910963401816e-02, 1.170405242777970e-02, -5.890696490610997e-02, -1.405435840591295e-03, -2.617525232080962e-02, 1.225009478902862e-02, 2.256142327129039e-02, -1.945357524366648e-02, 7.447519640722902e-03, 2.065740962661615e-02, 2.078805922830122e-02, 1.940535091592929e-02, 7.747880899487105e-03, -1.039512334116055e-02, -1.044778771023213e-01, 4.316562480902090e-02, -8.765745933609825e-02, 9.333481549780323e-02, 9.606731734595091e-02, -2.653077942733358e-02, -1.482607229600609e-03, -2.793790302995361e-02, -1.580676251118241e-02, -2.357802863201120e-02, 6.673828516995610e-03, -1.254539403299066e-01, 6.705058820729971e+00, -5.141200961979088e+00, 1.004393980958498e+01, -1.861480362382846e+00, 8.850388155599514e+00, 1.407018509489033e+01, 6.385639209094642e+00, 6.937150865262365e-01, -9.086470362487512e+00, -6.056422898274436e+00, -2.195257633017276e+00, 3.401708235294413e-01, -9.536935461336095e-02, 4.031329755781802e-01, -1.479292071559880e-02, 9.140139536531405e-02, -2.085370683891878e-01, -5.854352129217322e-02, 1.668592669129484e-02, 1.851597144516469e-01, 2.174290836328578e-01, 4.288548868190016e-02, 4.620516261881217e-03, 1.546993940304683e-02, -2.886977152971357e-03, -5.873232700796119e-02, -2.592140760585523e-02, -3.334321523163296e-02, 4.946724902459509e-02, 2.260348655747343e-02, 2.146381116855656e-02, 7.313497830617500e-03, 2.500913437202139e-03, 1.027696292905482e-02, 5.837074026458637e-03, -6.108441456059820e-03, -2.468622601123206e-03, -6.046207025990930e-03, 6.700774262020858e-04, 3.588631330165969e-02, -2.460054384059169e-02, 2.362104714333683e-02, 1.257587844925195e-02, 2.925445135680362e-02, 1.821408665197774e-02, -2.105913865930783e-03, 4.659311377849477e-03, -1.519686188200244e-02, 1.569570746549411e-02, -1.286967623434850e-01, 9.557299656096015e-02, -1.060503778277421e-02, -4.254556234044521e-02, 1.330525165244239e-03, -5.479685662864709e-02, -1.321267181287846e-02, 4.011049108165172e-03, 1.660399539815586e-02, 3.822368841846697e-03, -7.688535028617928e-02, -1.443554222377830e+00, 3.619774296741789e+00, -5.602092469225529e+00, 4.716583324178936e+00, 1.141300839638853e+00, 1.723475615850862e+00, -4.326313854590469e-01, -1.006519302276976e+00, -1.068747275779668e-01, -3.602861566381100e-01, 1.175817240426322e-02, -1.132768723436612e-02, -1.703219733510460e-02, 5.052003430975928e-01, 3.746520957633354e-01, -1.282271884778571e-01, -2.659388216763581e-02, 2.332035429468824e-01, 1.743436785992951e-01, -3.253197271620459e-02, 8.216600740882199e-02, 3.301162472292173e-02, -4.757349439494581e-02, -3.340613039036594e-04, -7.590860355965975e-04, 2.615642030721331e-01, 4.110546745756904e-03, -5.718002860893678e-02, 3.952650672858196e-02, -5.289387353458901e-03, 2.218876524116454e-02, 5.386683921617675e-03, 9.034964394743918e-04, 1.502931748665585e-02, 9.966567737903789e-03, 3.613620285195451e-03, 2.343337420389417e-03, 4.345451454522157e-01, -1.125370361037511e-01, 9.171892443283154e-02, -4.291417153981314e-02, -1.044809327925696e-01, -1.200419876859224e-02, -3.011860365101924e-02, 5.490867581331324e-03, -6.694970856750001e-03, -2.654303556518407e-03, 2.646235258693882e-03, 3.941961046400667e-03, 3.984650508684332e-01, 1.316874617539682e-01, -4.152623749698350e-03, 2.733707384741349e-02, -1.483154187871666e-01, -4.088513732407618e-02, -5.850001189012008e-02, -7.105338284880489e-02, -1.941143318364887e-03, -1.686995586371451e-02, -8.956846492311561e-04, -2.504271723855763e-03, 7.007005045899006e-02, 3.576202899403755e-01, -1.698545687235357e+00, 1.215622218413422e+00, 8.443351432016425e-01, 4.265763915487260e-01, -2.087610630150780e-01, -1.795106619597739e-01, -5.046659793515068e-02, -1.157147149706872e-01, 2.263088402399118e-01, -1.933148333483086e-03, 1.029535880302770e-02, -4.363385308823993e-02, 1.494727978708620e-01, -4.617615509960747e-02, 3.405277167951734e-02, 2.679165550005066e-02, -2.343274081189711e-02, 5.480191493662170e-03, -2.165613177265532e-02, -6.924397482795552e-03, -1.133827246025320e-02, -4.582135901977225e-04, 7.778526769219973e-05, -1.398611419249715e-01, -1.036884671509539e-01, -3.126726899594150e-02, 9.194426417272420e-03, 5.623553498726332e-03, 2.330246775333117e-03, -8.743149514373371e-03, -7.717145640805689e-05, 1.922594135489676e-03, 2.251921363304060e-03, 7.400299957008241e-04, 6.213144933982204e-04, 4.519123285799209e-03, 6.650577024336039e-02, -1.105189785500967e-02, -1.320847721378743e-02, -2.490688319995401e-03, -3.815705199810527e-03, -3.170555677843124e-03, 2.017765890968512e-03, -9.366479223439762e-03, -1.657311232046825e-03, 8.229130188230046e-04, 9.693271531169614e-04, 3.538616774571401e-02, 1.165746719029362e-02, 1.827942918085776e-02, 6.892312149680176e-02, 1.178332689344991e-01, 1.406890186592385e-02, 1.418291700000090e-03, -5.018364589947010e-03, -1.572334891649210e-03, -8.506801422482946e-04, -1.678197577651627e-04, 6.432292765365177e-05, 8.093115629995913e-01, -2.686532415359698e+01, -3.802904211695576e+00, 6.417984817433951e+00, -7.899252386834355e+00, 1.611444429942900e+01, -2.847818278514147e+01, 2.017754452880861e+01, -1.121723922142059e+01, -6.087297653612859e+00, 8.564078413242219e+00, -1.487927976851219e+00, 1.587355077660574e-01, -4.763376167298690e-01, 5.514088196930715e-01, 9.161647785926406e-01, -3.373283682613366e-01, 8.843231698812305e-01, 1.850365483551517e+00, 3.061432430498980e-01, -3.489012151404146e-01, -1.686376615111962e-01, -1.620470769107622e-01, 6.177229594036382e-02, 3.529667959374537e-01, 3.182091640612762e-02, -1.019106738028770e+00, -2.749608176633084e-01, 1.429278757637999e-01, 8.518480779667613e-02, 8.244032504424575e-03, 1.078332692367698e-01, 2.184563217853999e-01, 1.149663935193738e-01, 3.341349860702328e-02, -6.575868048883026e-03, 8.543865543473145e-02, 6.761940879777992e-02, -5.708907856948815e-01, -2.414720691166398e-01, -2.914113651990227e-01, 2.330840335026670e-01, -3.600603718731796e-02, -4.209294868934179e-02, -1.012387776985494e-01, 3.147225714575712e-02, 4.152647975307337e-02, 6.266252876751224e-02, 3.078920495298405e-02, -2.936713773410819e-02, 1.116690299732277e+00, 4.043369619963519e-01, 3.917144088810418e-01, 5.194768588106946e-01, -6.490719191584386e-02, -3.692575833803021e-01, 2.608201991697316e-01, -1.028480892950274e-01, -5.036271612823439e-02, -2.741017353576854e-02, 1.216547169432149e-02, -1.020603620587539e-01, 5.331651985415008e-01, -2.578573685648679e+00, -1.899524749830643e+01, 1.751297274489542e+01, 3.299069087971427e+00, -7.601694854717180e+00, 1.667582004007364e+00, 2.458187466339910e+01, -1.887732002437877e+00, 4.717623436487602e+00, -8.404925574604416e+00, -9.159394835083646e+00, -6.201402444894807e+00, -4.396328948405183e-01, -9.470379762709981e-02, -6.484010461762574e-01, 1.231463331326013e+00, 4.386985310435846e-01, -4.702320793023087e-01, 2.339717644333807e-01, 2.667125270942354e-02, 1.679681754415354e-01, 1.709833048452609e-01, 1.517801235671102e-01, 1.541685223544160e-01, -1.448462761562394e-01, -3.281512524108214e-02, 2.171857286250939e-01, -7.087128514814763e-02, 1.781967646420455e-01, -1.420188074300471e-01, -1.890414344500090e-01, -5.642541977258579e-02, -8.619782417159046e-02, -7.779518339097465e-02, -9.964703309655279e-03, -1.598149562455140e-02, -1.351405273638929e-01, 1.693737857834009e-01, 2.018018163844864e-01, 2.596309746589166e-01, 3.595289780409565e-01, -1.901999288120637e-01, -2.386343609071339e-01, -9.048740775630126e-02, 6.266704700350090e-02, -3.125952729819800e-02, 3.812055757228225e-02, 3.701530257763667e-02, -5.346245425468600e-01, 1.486996095821952e-01, 7.877214660444679e-01, -4.809709604043888e-01, 4.583810630261221e-01, -2.650781316549211e-01, -1.371611986016696e-01, -3.154273617003754e-01, -4.765792306722273e-01, -1.595956407450347e-01, -5.376000084444295e-02, -4.975922274175829e-02, -1.385039258060079e-01, 2.789315605747758e-02, 8.257610205124453e-02, 7.628442862662513e-02, 8.365902516343336e-01, -3.559204099953578e+01, 3.077770784167725e+01, -2.172177229587636e+00, -5.654787308528748e+00, -8.021375244337420e-01, 4.063548429976845e+00, 8.783632539988675e+00, 7.487719096786816e-01, 5.700158562352596e+00, -9.711612942618631e+00, -3.110034423666063e+00, 2.741217701841239e-01, -7.379999522598697e-01, -1.440520923309990e+00, 3.175514338471231e-02, 1.758569089055739e-01, -2.720111828192594e-02, -3.449095288951533e-01, -3.991054757141180e-02, -1.829735533804252e-02, -2.388622658354397e-01, 1.192553442149747e-01, -1.080225871066893e-02, 1.380421132501816e-04, 4.973300512165892e-03, 3.470493241055961e-01, 1.861354352408743e-01, 1.473825277621200e-01, -1.211958004268622e-01, 1.949075585630312e-02, -2.250325779130762e-02, 4.606768094270313e-02, 1.054343331806284e-01, 1.255066986272456e-02, 4.610659055184951e-03, -8.227171651841661e-02, 7.101076395499480e-02, -7.299687744517301e-02, -5.465108086780154e-02, 7.617061020168668e-03, 9.454056746589045e-03, -1.035229870850867e-02, -3.337236903908768e-04, -3.958598974999097e-02, -6.449767010958030e-02, 2.983335450925760e-02, 9.969768303572955e-03, -1.029867741218106e-01, -5.440929673945040e-02, 1.389957304932548e-01, 4.859877780911446e-01, 2.422605421811301e-01, -1.656543593967745e-01, -2.690869145530121e-01, -1.953027820231321e-01, -1.629360846343440e-01, -5.398577677948387e-02, -4.811255482319700e-02, -2.392843982106282e-02, -1.720404537971608e-02, 8.410051000718087e-03, 7.371590515826852e-02, -8.063199360232386e-02, -2.351211636332272e-02, -1.418283222974763e+00, 1.380715068655952e+01, -2.015028138684863e+01, -1.314864435496839e+00, 1.063829771690574e+01, 3.724820340012881e+00, -2.760684905479683e-01, 1.585110904016665e+00, -1.906158844777061e+00, -7.727328415081961e+00, 1.537534074782964e+00, 4.380600882823306e+00, -3.759937418468456e-01, 9.754856147429360e-01, 9.083581697575184e-01, -1.230240094599804e+00, -6.025151780149890e-01, 4.172580766045789e-02, -2.009704119761510e-02, -1.521987332023741e-01, -1.608547922038181e-01, -1.029226428199269e-02, -7.751101303079515e-02, -3.784983739939639e-02, -4.877785389311214e-02, -9.959549540693557e-03, 1.150031857637879e-01, 4.030685891582832e-02, -9.001405939289692e-02, 1.896729114902118e-01, 9.537047425305195e-02, 2.417208304759828e-02, 3.020283125673840e-02, 2.280913257494284e-02, 6.623452079892464e-03, -6.100425214561303e-03, 5.109670937410155e-02, -1.471438280102209e-02, 1.137165205172725e-02, -2.348284943963260e-03, -9.818327581416239e-02, 2.896161948307325e-02, 2.308875420522911e-02, 8.518497105144268e-03, 1.452412751040239e-02, 4.033182153598602e-03, -1.121963976761572e-02, -4.525935273479009e-03, -5.079865311049333e-03, 3.414291275406202e-02, 1.677088900694479e-01, -9.824094407850012e-02, -1.074153783387246e-01, -1.483844498915549e-02, 1.481170447441953e-01, 8.734748237407929e-02, 4.620977126195643e-02, -1.212940392702640e-02, 1.181755862649862e-02, 5.747098391926520e-03, 2.178296715413047e-02, -1.289350521496845e-03, -2.395094654741935e-01, 5.776838303056793e-02, 4.615909466463454e-02, -4.537031573386296e-02, 7.663839273214262e-02, -9.261045295027438e+00, 3.408526528575900e+00, 1.006518392793809e+01, -3.042613233639125e-01, -1.072359878894259e-02, 2.447139010482259e+00, -8.284020256368851e-01, 4.716714880799217e+00, 1.406245976431706e+00, -1.214508533369028e+00, 2.591397165076216e+00, -3.024032613523355e-01, 9.653825018120685e-01, 1.773933418417032e-01, -1.609526132994139e-01, 1.480435477965273e-01, -2.384937902894768e-01, 1.818906185661824e-03, 2.573100819015278e-01, 1.167497844911801e-01, 1.967286778600192e-01, 6.925061258412303e-02, -1.802813841368591e-02, -1.212130672496831e-01, -1.835717535020537e-02, -4.651396805762387e-02, -1.373377334570273e-01, -9.124796691319764e-02, 1.053947626750084e-01, 8.911804122706482e-02, 1.369513278490027e-02, 3.353890909976501e-02, -1.921149622936031e-02, -1.191475885696696e-02, -8.385237293968357e-03, 8.606239643073599e-02, -1.119437639337703e-02, -4.174699372203467e-02, 1.470559689725359e-02, -8.317616987751064e-04, 7.982648998070434e-02, 1.176643524887715e-01, 5.636944814553546e-02, 2.707560742317546e-02, 1.705016373069983e-02, -9.101757688848132e-03, -7.265860538644394e-03, 1.575522145176093e-01, 5.957647501089743e-03, 1.175419088622825e-02, -4.450778193787917e-01, -2.781950176909316e-01, 4.091994591718950e-02, 3.395434415500572e-02, 1.483020487799301e-01, 1.068488007825312e-01, 1.436658776427468e-02, 2.803682767622283e-03, -6.631360421239713e-03, -4.853813509821287e-03, -9.213402520757443e-03, -6.544900073074950e-02, 1.071015966806550e-01, 2.019665502708341e-02, -4.936436169322629e-02, -5.220972299013760e-02, -1.014458821004024e+00, 2.174510198943512e+00, 2.958402574602863e+00, -3.024488664825623e+00, 1.516313449489679e+00, -1.676763644406954e+00, 4.043886669018518e-01, -9.213015001750077e-01, 5.381477464289454e+00, 2.938318914065383e+00, 6.415325147495946e-01, 2.894156315776485e+00, -2.221222337306685e-01, 5.787883130938769e-01, -4.186924077968572e-02, 4.715891180543426e-01, 4.212284216919387e-01, -5.770953748768107e-02, 1.398670895612836e-01, 1.200154996219534e-01, -1.082486946996372e-01, -4.792151777887171e-02, 5.960076098849679e-02, -8.738582600086408e-03, -4.426815721786281e-02, 7.821648961941924e-03, -6.273206957901949e-02, -1.315996881254165e-01, -1.468792244666656e-01, 5.425826325551379e-03, -1.034229658578273e-03, 1.124936070102609e-02, 2.934928089865348e-02, -1.394146308247442e-03, -1.463387347822192e-02, -1.366626051306146e-03, -4.158853243890715e-03, -2.044610632956199e-03, 2.116310814971701e-02, 1.130253150550565e-02, 8.529317930685407e-02, -1.694775301022664e-02, 4.732262387991097e-02, 1.547036327510040e-02, -3.134110695695030e-03, -7.245114815257071e-03, -1.187773777086615e-02, -4.913977249738731e-03, 6.130734325421417e-02, 6.848326592307295e-03, 1.071508555815362e-01, -2.496288158548391e-01, -3.856130638597923e-01, 6.456286175384780e-02, 6.081041985302114e-02, -8.198078619157379e-03, -4.817315892096829e-02, -6.738203949607419e-02, -1.800170628187654e-02, -9.293359202103661e-03, -3.090782651013548e-03, -1.729381240654798e-03, -7.454870597431855e-03, 6.779257041789384e-02, 3.965170177652169e-02, -1.673019826562545e-02, -5.140042144581720e-02, -1.590269091112228e-02, 3.187432944297728e-01, 5.640257142851916e+00, 1.308208193510295e+01, -3.863927407901126e+00, -5.890827289391825e+00, -1.837305506053327e+00, -4.326591581062557e+00, 6.876384943866846e+00, -1.563016919734409e-01, 3.571462562987664e+00, 2.107724519641491e+00, -3.414141618774875e-01, 6.812029027618757e-02, 1.076515999457471e-01, -5.014817668514602e-01, 1.295797980021437e-01, -4.978905020751308e-02, 2.877841895984969e-01, 1.389362766902384e-01, -2.733281864285397e-01, -1.508997802428088e-02, -1.679952301478511e-01, 9.410432553149935e-03, 5.303488377471887e-02, -2.458256088975075e-02, 2.836936448793959e-03, -2.899794011824971e-02, -5.909780223686259e-02, -7.287946565368851e-02, -3.817355413493662e-03, 3.630848888500154e-02, 4.855068770782329e-02, 2.735007059751279e-02, 2.344880882246048e-02, -5.000189975686532e-03, -1.176781196904735e-02, -5.054692315897967e-04, 1.672789055276874e-03, -8.169051134820672e-02, -3.306706113615657e-02, -3.352535324128916e-02, 2.072568467219537e-02, 3.704280798357284e-02, 3.541645475640365e-04, 4.366796948219633e-03, -2.639050640016739e-02, 1.041735855159281e-03, 2.070561768083318e-03, 2.720651459667927e-02, 1.096573413269780e-03, 1.814527170792110e-01, -1.297461727485710e-02, -5.803295059883107e-02, 1.278823689465415e-02, -2.059327350903997e-03, 6.551939446062301e-02, 3.696062793143991e-02, 1.200092786341347e-02, -1.731604582540691e-02, -1.858194578729156e-02, 2.325496327709725e-06, 6.279611020136394e-04, 1.127676093577422e-02, 1.844746687006228e-02, 2.949078998773034e-02, -2.505906422372221e-02, -4.890348727779981e-02, -1.720735248291469e-02, -1.114944311720912e-02, -3.095870202367633e-01, -2.030844686145305e+00, 6.964772502093564e+00, -1.248856210802378e+00, -7.583835274586698e-01, -5.529275912350311e-01, -1.096526528308470e+00, 3.795911340623197e+00, 2.216689693869186e+00, -2.885547703593512e-01, -2.063834732561480e+00, -5.187960320371477e-01, -2.169717269121139e-02, 1.295793151621386e-01, 1.437553153830533e-01, -7.471988813601158e-02, 5.367111567756987e-02, 1.055896510676416e-01, 1.129948048398832e-02, -6.353450721627259e-02, -6.531225092596622e-03, -1.999258828402896e-02, 2.228536422720446e-02, 8.080765005284520e-03, -2.596333132960030e-03, 5.996926468314244e-03, -4.887196121999785e-02, -3.431332444282360e-03, -6.649741854528709e-03, 3.118077059294489e-03, 5.091787622122066e-03, -1.329611237738649e-02, -7.285475127467286e-03, -2.798008170563706e-03, -2.210923061780807e-03, -5.241094595824437e-03, 1.003059230913707e-03, -2.209770288302455e-05, -3.696381258730561e-03, -4.987205203392658e-02, 4.597084398601865e-02, -2.523766906055064e-02, 3.576850821623857e-02, -2.750683373108895e-04, -1.283672322259205e-02, -1.768672893060817e-03, -7.624961129707710e-04, -1.247373014987090e-03, 2.530323647253861e-03, 3.083091831621639e-03, 1.327788598042219e-01, 3.144892259470316e-04, -1.634787226462485e-01, 2.989496058695220e-02, -1.572705272364947e-02, 4.024172112922087e-02, 4.259741400002734e-02, 6.902319393633912e-03, -6.108566562887658e-03, -1.231667695687341e-02, -4.088867233688115e-04, -4.632100638381506e-04, -1.942524299842018e-02, 4.911253020971983e-02, 1.051025430192038e-02, -8.399947477897182e-03, -1.216774956559619e-02, 8.841254924516392e-03, 6.052315832358557e-03, 8.526791660979506e-04, 4.666934039844929e-01, 1.600845946195486e+00, 8.328108273632314e+00, -1.785081852782417e+00, -3.841102051513186e+00, -3.430257206408987e-01, -1.139715922048040e+00, 3.032777118299794e-01, -7.424524787765981e-01, 3.429911585305873e-01, 1.611528289655629e-01, -3.986856997108977e-01, -4.120909674421872e-02, -2.044306983603023e-01, -2.979682132925352e-01, -1.223875375703723e-01, -6.558810233519470e-02, 7.101303646630781e-02, -1.357533732821789e-02, -4.386234389035461e-02, -4.543995232960808e-02, -6.210607495104751e-02, -1.594806165432043e-02, -5.358697475151005e-03, 1.811746906139210e-02, 4.344630958262164e-03, 3.780268889742514e-02, 4.419549431103736e-02, 3.351055305478371e-02, -1.778002303328329e-02, -1.002283711856879e-02, -1.119631698842565e-02, -1.184364095941911e-03, 1.971788831460515e-03, -6.840457054010565e-03, -1.445174349860722e-03, -1.888018379903097e-03, -1.270392059650302e-03, -1.377417913749844e-02, -3.089176061213669e-02, -1.298216347936824e-02, -1.615277560760755e-03, 1.585663511064492e-02, 8.485288414939721e-04, 5.852509704315193e-04, -1.292054151924333e-03, -3.378432444545928e-04, 1.491437451559817e-03, -6.079843536656403e-03, -4.544627932710064e-03, 4.554642719706496e-02, 4.390180925834755e-02, -5.653778430953617e-04, -8.276244527983033e-03, -1.497745718169973e-02, 3.584932120537404e-03, 8.541307375729508e-03, 8.909751589457258e-03, -1.077905552196010e-02, -1.489962308742359e-03, 5.169389927795386e-03, 2.251949985228202e-03, -9.753007405916812e-03, -1.259403519202230e-02, -9.174565700709176e-03, 8.227313291873581e-03, 1.379200285342488e-03, 8.619269819158512e-03, 1.231275258001504e-03, 7.405274402566859e-04, 2.629691511550798e-03, 3.434951234122227e-01, 1.344209620788288e+00, 6.503358469760651e+00, 4.807633267750355e+00, -2.240676032328605e+00, 1.431083505505294e+00, -1.510088847965131e+00, -1.695930895590162e+00, -2.768194219227076e-01, 2.905076273317564e+00, 1.586680406891935e+00, 2.571422520001851e-01, 4.753085086247515e-02, -3.798286070265982e-02, -1.752615940256736e-01, -1.597753298038835e-01, 1.938743120736739e-03, 2.194728577263850e-02, 3.727171607571821e-02, 5.860869775216589e-02, -1.282230955447924e-02, -5.627690289501373e-02, -1.704498812898157e-02, 4.059739919342726e-03, 6.315317704118072e-05, -6.049476000167826e-03, 3.529119653368122e-02, 3.186492376617005e-02, 6.739046799661603e-03, -9.312662240374551e-03, -1.273075261339138e-02, -1.220803912410040e-02, -7.582917650889039e-04, 1.346260025284099e-03, -5.841864344833659e-05, -2.005928975708553e-03, -1.538978092762882e-02, 7.259270708057619e-03, 2.436197394961007e-02, -8.626795150896286e-03, 2.513393366137020e-03, -1.027424810541955e-02, -5.052326033882178e-03, -3.158038181444225e-03, -9.222611909697089e-03, -6.779992652299489e-03, -1.880045391278318e-03, -1.607661520498035e-03, -1.986481296984730e-02, 3.523756199073598e-03, 9.359998067094283e-03, 1.262740690717687e-02, -1.248215225197413e-02, 1.061400431194987e-03, -1.871710196840939e-04, 9.775066803276767e-03, 4.190575138270783e-03, 3.341692684584203e-04, 5.409198444358189e-05, -4.460103391039216e-03, -6.068665136021340e-04, -4.239231197557211e-04, -1.688148410481090e-02, -7.310403691990770e-03, -1.482429929622808e-03, 6.026648576292374e-03, 6.556971203504386e-03, 3.178313820413177e-03, 4.022616474410739e-03, 3.798939743962291e-03, 1.012566368745969e-03, 1.155876264875828e-03]
