elements:      [Au]
cutoff:        6.0
pair_type:     gaussian
feature_type:  pair
model_type:    2
max_p:         3
max_l:         0

electrostatic: 0
mass:          [197.0]

n_pair_params: 11
pair_params:
- [1.0, 0.0]
- [1.0, 0.555555555555556]
- [1.0, 1.111111111111111]
- [1.0, 1.666666666666667]
- [1.0, 2.222222222222222]
- [1.0, 2.777777777777778]
- [1.0, 3.333333333333333]
- [1.0, 3.888888888888889]
- [1.0, 4.444444444444445]
- [1.0, 5.0]
- [0.0, 0.0]

n_type_pairs: 1
type_pairs:
- atom_type_pair:      [0, 0]
  pair_params_indices: [0, 1, 2, 3, 4, 5, 6, 7, 8, 9, 10]

type_full:    1
type_indices: [0]

n_coeffs: 363
coeffs: [7.822048007211176e+01, 7.625558325091162e-01, -4.766846136969639e-01, -4.845611159938524e-01, -4.869203149916833e-01, -2.302480905447425e-01, -2.123814155738254e-01, -1.679937674826006e-01, -1.204818245350007e-02, -3.429939552466165e-02, -1.072732423117438e-01, -1.836087923343264e+01, 3.895725433117062e+01, 2.221085691542442e+01, 3.086102205437694e+01, 4.571473434997973e+00, -8.122087730233973e-01, 2.279655460341313e+01, -5.996049362673117e-01, -3.205545610514966e-01, 2.622121055447417e-01, 2.312823134156525e+01, -9.186977009712848e-01, 4.341642926108925e-02, 1.300210741103610e-01, 1.742119910035259e-02, 1.023024771436580e+01, -1.550941392327339e+00, 2.263043004719409e-02, 2.191550149066617e-02, -1.383485845782340e-03, 2.337264967293637e-02, -6.281784595748032e-01, -1.832947934839770e-01, 3.328418295912050e-01, 3.570403884507830e-02, 2.124404215525898e-03, 2.789952431022409e-02, 2.581936152678485e-02, 6.853628302787369e+00, 1.239922262080477e+00, 1.229545950314441e-01, -3.936341627447845e-02, -1.800470646504048e-02, 7.062122768104987e-03, 1.181090032818962e-02, 2.607132107226635e-02, 6.735059574336585e+00, -8.191145618640095e-01, -3.109185991435864e-01, -4.666894625502908e-02, -2.247627045484666e-02, 6.154474966989547e-03, 1.253443137447091e-02, -1.239893179540599e-02, 3.716400705345575e-02, -4.687037135250939e+00, -9.539072715079824e-02, 2.991148551093697e-01, 1.512993410139789e-02, -6.531231783695515e-02, -4.182861951876613e-02, -2.227750812022557e-02, 1.934005187791397e-02, -1.142588935073916e-01, 5.347704371461489e-02, 2.712752575554469e+00, -4.394470084410709e-01, -1.141517120740429e-01, -1.551047298671935e-02, 1.415531374950624e-03, 2.690234939831934e-03, -6.994733021041285e-03, 1.063062019960113e-02, 2.722142089168553e-02, 5.557828868578282e-02, 1.117659956270407e-02, -1.152024604415605e+01, -5.742669390462677e+01, -4.529980063490758e+01, -4.323579585404647e+00, -6.201750582885743e+01, -1.703898368520097e+01, 3.421417055880939e+00, -6.167679240200845e+00, 1.239710109448347e+00, -3.402260677559679e-01, -8.336471189938221e+01, -1.947533422536234e+01, 1.733998267961297e-01, -8.614650136690281e+00, -5.007299950996834e-01, -3.336690440377393e-01, -4.226882583899745e+00, -3.258868521085058e-01, -4.733891528693818e-02, 2.610848355532096e-02, -1.020366347671496e+02, -2.010490391199191e+01, -3.605134971227015e-01, -3.913177192840381e+00, 9.835997463958616e-02, 5.779516696257615e-02, 1.721198599798692e+00, 1.774171204314160e-01, 3.808939359877984e-02, 4.900617119852690e-03, 3.295832422359415e+00, -5.874626700304499e-04, -4.166244781478892e-03, -2.986637539929484e-03, 1.654923307247162e-03, -1.696752885345509e+01, 1.814960165076592e+00, 1.332624706590677e+00, 2.582250669518153e+00, 4.413465730343708e-02, -9.100808545659753e-02, 2.202146104505266e+00, -8.926705378923180e-02, -4.681086112023624e-02, -2.851931531914822e-02, 4.792097938684006e-01, -2.520013233529908e-01, -1.239967962972234e-02, -6.814812160961314e-03, -1.231990888798917e-04, -1.641876960032374e+00, -2.889756278824087e-01, 1.871722550102266e-02, -1.242534276976781e-03, 4.725749379553338e-04, 2.406201474569883e-03, 2.785662953246860e+01, 8.683651271859338e+00, 1.376894812997054e+00, 3.098872283543714e+00, 7.660738674073980e-02, -2.007211032281322e-02, 9.964746598401887e-01, 2.141532486440134e-01, 7.515555837700787e-02, 1.055788894354289e-02, -2.252143661095410e-01, 2.322963865439473e-01, 9.920754922719961e-02, 4.428225203349173e-03, -4.004334246544896e-03, -6.526626911442776e-01, 9.337960699524248e-02, 6.476445018727392e-02, -4.023365885122494e-03, -4.216136293277069e-03, 1.258821990503920e-04, 3.305142172859340e-01, 1.181053628637094e-01, 3.298601182077415e-02, -1.282230436674046e-02, -6.245207232065345e-03, 1.509831747563132e-04, 5.054939755677464e-04, 4.225006340676881e+00, -3.830129398661420e+00, -7.988850926944537e-01, -7.179512524225007e-01, -4.919264926974721e-01, -4.644295675944062e-01, -3.430958541707135e-01, -1.621612549113340e-01, -1.144173268695990e-01, -2.250034913482153e-02, -8.701733384331560e-01, -1.327123998841673e-02, 2.646112024326216e-02, -2.297329624604248e-03, -5.839120675554852e-03, -1.157627011780439e+00, -2.206518058991229e-01, -1.133443124116806e-02, -1.068228159061030e-02, -4.130081309729042e-03, 1.086829843797377e-03, -7.230124946856620e-01, -1.533408218322908e-01, -1.472307523632476e-02, -1.714415013834529e-03, 1.569484838991895e-03, 2.165739051601034e-03, 2.997293044929818e-04, -1.174995446468984e+00, -4.740591516379484e-02, -2.407049362423599e-02, 1.037887797151329e-02, 5.482963972721295e-03, -1.756541726579992e-03, -6.762873094381005e-04, 2.420293609281520e-03, 3.595903038822946e+01, 2.959560161734303e+00, 2.073487973829113e+00, 1.916497628725613e+00, 2.840995526108442e-01, -3.740270249450766e-01, 1.596824289080317e+00, -4.263779970906063e-02, -5.476901049548932e-02, 2.940052742856777e-02, 1.335888323175648e+00, 3.411068246599264e-02, 8.499700380246972e-02, 1.215355583999091e-02, -1.525583563596889e-02, 1.510853042401563e-01, -2.003320220357603e-01, 4.704984141039161e-02, -4.917245718286883e-04, -9.499693373702180e-03, -5.037946082806744e-04, 2.016416118094600e-01, 1.490976748354471e-02, 5.988527123522465e-02, 1.443026105092594e-02, 1.010852455309021e-03, 2.588060312126802e-03, 3.332189242096363e-03, 4.145508042403643e-01, 9.642896795627851e-02, -7.705315747081620e-02, -3.048586616201050e-02, -2.135332137061811e-02, -1.562749474592847e-02, -1.917604046953332e-03, -6.594755268732959e-03, 5.310081560203436e-02, 1.852614076209784e-01, 2.707200893836356e-02, 2.118750343384291e-02, -5.590382710118905e-03, -1.133984322260054e-04, 2.269234209102493e-02, -1.248191079839758e-02, 4.043217510059006e-03, -8.368826928206108e+00, -1.209242807971439e+01, 5.505928147511288e+00, -9.965016899538046e+00, 1.574584140174130e+00, -1.208653023510372e-01, -6.891461990262789e+00, -1.658184647982253e-02, -1.185424121459809e-01, -2.997998767094638e-04, -3.369419438640542e-01, 3.011093471732416e-01, 1.399370346808655e-01, 3.397137186489717e-02, 5.793651608137718e-03, -6.762055533863910e-01, -1.684760699457593e-01, 5.390039245575816e-02, -1.801528229184339e-03, -1.934170437033972e-03, 5.558191086919946e-03, -1.358425990704635e+00, -1.244213965349387e-01, 2.317856703483547e-03, -5.546039403681282e-03, 6.080813007618686e-03, 9.615274554114088e-03, 6.312377277845058e-03, 1.083758325937267e+00, 2.433078068017668e-01, -4.896603087643518e-02, 1.908349731480432e-02, 2.381022030763521e-02, 4.497213487020330e-03, -1.110748854406221e-03, 1.685583444340318e-02, -4.734643210252927e+00, -7.046780837221447e-01, -7.101147972804155e-02, 5.158409249199453e-02, 1.974705314180073e-02, -6.057945196055018e-03, -6.929545533660954e-03, -3.987579264076930e-03, 4.524769125510342e-02, 5.931416041647598e-01, 7.161600672519833e-01, -2.553575094131913e-02, -3.669816272331673e-02, -5.679824843101120e-03, 1.278038074033202e-02, 3.529983012283970e-02, -8.157418821331010e-03, -7.737506961405578e-02, 5.520145816649150e-02, -1.090868130056240e+01, -2.714856076752739e+00, 7.578026699624151e-01, -2.800267176846689e-01, 3.365785130290375e-01, -1.028643440967252e-02, 2.426271002036495e-01, 7.943035448097351e-02, -3.762457821458760e-02, -1.812999953662193e-02, 2.513034324881265e-01, -2.412124226612665e-02, -9.449717943365082e-03, -1.348800706718024e-03, 2.551467482367731e-03, -3.719406117172220e-01, -1.476056932186067e-01, -1.685958222192595e-02, -3.783123076440460e-03, 6.995737008441600e-04, 5.167540232101283e-04, -2.597154939792233e-01, -2.870417358917937e-02, 7.027419769465873e-04, -2.581233456233622e-03, -5.359505089911603e-04, -1.642667264578225e-03, -5.006449279365791e-03, -1.059851932142409e-01, 6.509576647392661e-02, 2.152608898109979e-02, 1.477627716974025e-02, 8.517820333613308e-03, 2.069182326143256e-03, -2.212176379709427e-03, -2.518317521558679e-04, 4.427993428079686e-01, 5.724227752054872e-02, 9.802623781296481e-03, 8.602696491330374e-03, 3.839149417365265e-03, 9.933846791151735e-04, -7.715803862278542e-04, -5.523382817218726e-03, -1.258640571939810e-03, 1.733354388027974e+00, 1.958654677531079e-01, -5.866435539564864e-02, -2.701474148231458e-02, -6.822305692029717e-03, -7.438158850213316e-03, -1.086963650703188e-02, -3.237858564931779e-03, -9.538818782096685e-03, -1.174338313754766e-02, 2.448740307075546e-01, 4.105872572111421e-02, 2.376875401744792e-03, 3.190481141701423e-03, 3.310435775416789e-03, 3.583055188185978e-04, -2.434825388993341e-03, 1.862154851226496e-03, 1.821435656290192e-03, -6.151225278357234e-03, 8.290102017973698e-04]
