elements:      [P]
cutoff:        5.0
pair_type:     gaussian
feature_type:  gtinv
model_type:    4
max_p:         2
max_l:         12

gtinv_order:   4
gtinv_maxl:    [12, 6, 2]
gtinv_sym:     [0, 0, 0]
gtinv_version: 1

electrostatic: 0
mass:          [30.97]

n_pair_params: 6
pair_params:
- [0.5, 0.0]
- [0.5, 0.75]
- [0.5, 1.5]
- [0.5, 2.25]
- [0.5, 3.0]
- [0.0, 0.0]

n_type_pairs: 1
type_pairs:
- atom_type_pair:      [0, 0]
  pair_params_indices: [0, 1, 2, 3, 4, 5]

type_full:    1
type_indices: [0]

n_coeffs: 3912
coeffs: [-3.890129096654979e+00, -2.845583103239798e+01, 1.089305651505623e+01, 3.190317316522835e+01, 4.014119022846808e+01, -2.677093351038366e+01, 2.740463254160662e+01, -6.440904804506734e+01, -9.652803778781307e+00, -2.846369572843635e+01, 4.795716732376166e+01, 5.694515716795968e+00, 1.650334727637591e+01, -1.943849633180587e+01, -1.190501907264184e+02, 1.359480376882849e+02, -5.521029311971441e+01, -6.024412558910412e+01, 1.222781553339014e+01, -4.133115008318503e+01, -1.194173142926687e+01, -1.098340733190256e+03, -1.341055216428421e+02, -6.502589558232971e+02, 7.147231535956940e+02, -4.807587838259390e+02, -5.368073946143206e+02, -5.225836232475916e+02, -4.960523168206732e+02, 2.486212985132283e+02, -3.420990813934737e+02, 2.371724853600440e+01, -8.359474339579531e+01, -1.082718808676066e+02, 2.455334972206349e+02, 1.146575147854348e+01, -1.227341216883785e+02, -1.542411291277425e+02, -6.944356736527717e+02, -2.941148215879207e+02, 5.497083267654023e+01, -4.320029513625694e+02, -3.187604124099385e+02, -1.757623531183843e+02, 5.378662807444595e+02, 3.571093659195198e+02, 1.206761975094929e+02, -4.497197957620492e+03, -3.140101675091488e+03, -6.247015555876651e+02, -5.083622447937517e+04, 3.584306467585934e+03, 3.828627856097272e+03, -2.360784611701282e+02, -2.613738554388512e+02, 5.012574717436766e+02, -1.788977196089158e+02, -1.004540852287470e+00, -5.230809778159296e+00, -3.450129060670351e+01, 2.007521005892042e+01, 1.262183629746409e+01, -8.745665388576750e+00, 3.956687147432197e+00, 2.605806977959385e+00, -1.872288452457226e+00, 3.204908088959024e+00, -1.300800246704234e+00, 2.664939613355396e+00, -4.144440893569368e+00, 2.983347906982052e+00, -1.957920689865541e+01, 1.849165082541705e+00, -5.720492742760606e+01, -9.541425132301223e+00, 5.410654246103124e+00, 2.130831966214320e+00, -1.753498896294412e+00, -5.574279007900433e+01, -2.491308523417610e+02, 2.453284429313431e+01, -2.558717825729590e+01, 3.514125254098241e+01, 1.239945046137770e+02, -4.617114143851795e+01, -1.366331414374189e+02, 1.010603992338115e+01, 8.150538253976298e+01, -2.332836701813101e+01, -8.332946035442641e+00, 5.998704152012206e+00, 3.590140517764996e+01, -1.027837317629234e+01, 4.053210261451576e+01, 1.301696717786034e+01, 4.480270125454967e+01, 1.264993181503320e+01, -4.684021828028444e+00, 1.745979510269617e+01, 1.185931341083326e+01, 5.853679646109988e+00, 4.643854309840876e+01, -1.115307804911194e+02, -8.001757013108477e+00, 5.049075088161489e+02, -8.467251165452944e+01, -8.954274326828504e+01, -7.286714925255837e+03, -1.610500941957044e+02, 3.133282816726033e+01, 4.007882108439428e+01, 4.437323426707272e+01, -8.509808668779998e+01, 3.037132309463627e+01, -1.239302117060947e-01, 2.432209506382010e-02, -3.343882899543111e+00, 4.326205889689885e+00, 3.913587194800750e+00, -6.870868409538299e-01, 1.709158579164763e-01, 4.483092397275178e+00, 2.097399554112595e+00, 1.501365307442656e+00, 8.299719210974994e-01, -1.193918817006527e+00, 6.475608317346571e-01, -1.689137152213796e-01, -1.435496004405791e+00, 1.255195904241055e+01, -3.050035701470793e+00, 9.439351387736767e-01, 1.495310540272645e+00, 3.238382274034290e+00, -2.379734769842089e-01, 9.392955612624944e+01, -1.550102692026056e+01, -7.487009702897653e+00, -2.060325903818143e+00, -5.864072964981346e+00, -1.219232053517904e+01, 1.189175640780975e+01, 3.296118368677953e+01, 1.761417913540378e-01, -2.098244305680044e+00, 3.511489512024898e+00, 5.564759834113764e-01, -5.469663636165304e-01, -6.019745733298873e+00, 3.083542654881851e+00, -2.877257058511615e+00, -7.882502046018253e-02, -3.949326777379888e+00, -1.073771905160226e+00, -5.533377880003874e-01, -1.191460103717231e+00, -2.831812938279635e-01, -2.981711454371594e-01, 2.151498801914803e+00, -1.236531017968085e+00, 1.844031023300430e+01, -1.283144938273948e+02, 2.765096594968175e+00, 6.051446492263363e+00, 4.924519613286782e+02, -3.031466232117161e+01, 2.600805402896644e+01, 1.095437811665120e+00, 1.212863950180136e+00, -2.325916179878427e+00, 8.301683877248920e-01, -1.326802563965871e-01, 4.420535288131214e-01, 1.698404610543214e+01, -6.967068605242494e+00, -7.139106179163611e-02, 6.123005894527438e-01, 7.076346327285664e-01, -1.142898578058067e-01, 3.212718496957155e-01, 3.310044488442236e-01, 1.136324286049089e+00, 8.692680218365472e-01, -1.287976263278074e-01, -5.296508444391394e-02, -2.555395194421873e-02, -1.486987776006624e+00, 9.580374345841542e-01, 4.572191242964176e-01, -1.297387829749544e-01, 4.252646672275346e-01, 5.828717711248531e-01, -2.742082758590680e+01, -3.938945325069123e+00, -1.396543289802049e+01, -1.111017850436895e-01, 7.725483733548992e-01, -3.712240867035816e+00, -1.562394282411949e+00, -3.540099962274402e+00, 1.052381939214026e+00, -1.100677037016672e+00, -1.428269312377021e+00, -4.485312794182275e-01, 1.473085634426388e-01, 6.587749710089298e+00, -7.440887384502023e-01, 3.261177359283450e-01, 5.390043172052912e-02, 4.017095671337145e-01, 1.516184612085437e-01, 1.167877831252305e-01, 2.012815437297267e-01, 6.207963916236978e-02, 3.985685545430446e-02, 2.497917568505201e-01, -4.675627450195224e+00, 3.070940866071812e+00, 1.148548543515881e+01, 2.341061746187973e+00, -8.738380977299157e-01, -7.111104530082359e+01, -2.716695198820346e+00, 2.199091201746896e+01, 3.761202326469401e+00, 4.164202845991320e+00, -7.986067025692882e+00, 2.850215471853844e+00, -8.864857928584206e-01, 2.694019519881059e-02, -4.348480328026422e+00, 3.543920266593323e-01, -3.098921563660655e+00, -8.865275543840920e-01, -1.469109183194378e+00, 3.600301558622335e-01, -5.318053127663291e-01, -9.617667195628435e-03, 8.110934214834824e-01, 2.703264830849050e-01, -1.363948908094940e-01, 4.631521541318240e-02, -2.073813492052355e-01, 1.888777183796545e+00, -2.057382448340865e-01, 2.003000715639926e-01, -8.515994931304978e-01, 3.345156263459778e-01, -1.928487659107743e-01, -9.831115310790050e-01, 3.734228931389478e-01, 4.896216261192421e+00, 7.953404710863925e-01, -3.946249832792722e-01, 2.321695912690238e-01, 1.439468731489460e-01, 2.562509951284911e-01, 9.260609257663497e-01, 3.464454150182720e+00, 5.255499387576580e-01, 3.263847589932699e-02, -1.531412831047866e-01, -2.916205180739946e+00, 4.761737197923218e-01, -7.200681559927310e-01, -1.690098327395625e-02, -3.093243584148108e-02, 2.662736564958695e-01, 1.165796214700508e-01, -2.509801504678807e-01, -1.535626389528272e-02, -9.206222780564601e-03, -7.892432885965421e-02, 2.634712016042932e+00, 1.256413236986913e-01, 9.878995030016359e+00, -2.847048527560413e-01, 1.330023712946690e+00, 1.082330011743996e+02, -7.422580609129365e+00, 2.297712883410075e+01, -1.036469150746130e+00, -1.147512454202220e+00, 2.200696161840808e+00, -7.854709833508252e-01, -3.041523786751306e-01, 1.653457259180209e-01, -1.273464111340110e+00, -5.941153057996841e+00, -2.115891574111901e+00, 2.171917493620969e+00, 2.094859788944716e+00, -9.430774563015867e-01, -3.723630810133151e-01, -5.123679953819411e-01, -6.486864059863543e-01, 1.011123537479069e-02, -1.883691982012852e-01, -1.604624470334442e-01, -5.884572034429332e-05, 4.139103684390668e+00, -1.384744283042143e+00, -6.599992389338766e-01, 8.324241968589681e-01, -9.500250796761073e-01, 7.957222444114237e-02, 3.871685743731310e+00, 4.168684861047349e+00, 1.578223861105717e+00, 7.688184670973353e-02, 3.595294277639207e-01, -3.603059359022038e+00, -1.548026805104775e+00, -9.746063066820845e-01, -1.761627916054774e+00, -5.002747825337402e-01, 3.786098001104385e-01, 2.918417782182328e-01, 5.484168211411638e-02, 6.090732379028848e-02, -2.149926476686214e-01, 5.315503616918543e-01, -2.772977964748116e-02, -1.280533150492436e-01, -1.711084356525913e-01, -3.303489900721603e-02, 1.176359494560310e-01, -3.951490413422046e-02, -1.860588701310404e-03, -1.708988172675814e-02, -6.122639888116310e-01, 1.318574281591141e+00, -2.549462825028814e+00, 2.239678214627761e+00, -4.241811815398060e-01, -3.451709285513171e+01, -7.921926448932938e-01, 5.213576051638051e+00, -7.400077284548183e-01, -8.192778220559344e-01, 1.571218701491098e+00, -5.607576797675858e-01, -2.845583176972647e+01, -1.190505444794012e+02, 5.378653755146014e+02, 1.359480573629378e+02, 3.571096014730037e+02, 8.302752583987506e+02, 5.521042099046578e+01, -1.206762570355094e+02, -3.507075925399928e+02, -1.521862891589793e+02, -6.024395066116708e+01, -9.373589277871594e+01, 2.817518392989280e+02, 1.144574282245596e+01, -3.774874484448439e+02, 1.222791359823799e+01, 1.384947664687833e+01, -5.142857895594199e+02, 3.079871694983918e+02, 2.859909007227404e+00, 1.752946910582980e+02, -4.133118554306692e+01, -2.114817332077321e+01, -8.631353151757159e+01, 2.106556905984750e+01, -1.206034320647265e+02, 2.994796637991409e+01, -1.013225544708012e+02, 1.194169537625820e+01, 6.269815008819374e+02, 3.004301421470393e+01, 1.959538840690599e+02, 3.530388703764874e+01, -3.432668161543167e+01, -3.932944276446974e+01, -7.726283129255880e+01, 4.509574292765419e+01, -2.903691587116526e+02, 3.040897473492383e+01, 1.774324363100965e+02, -1.560983670383868e+02, -7.844481225962534e+01, -1.082581517480592e+02, -2.984906974424521e+02, 2.257131728502381e+02, -3.740219652412430e+01, -3.199954737573742e+02, -1.336226092775291e+02, -1.190472752498364e+02, 1.746539709910481e+02, 1.841576594950406e+02, 2.718106093150611e+02, -2.515900658761987e+01, 1.109983060712219e+02, 1.256457254729856e+02, -7.162128669293524e-01, -1.141326040261591e+02, 7.876561846548697e+01, -2.989444631209262e+01, 3.356285025713959e+02, 1.312672202318749e+02, 1.321219517129330e+02, 8.669885799638470e+01, -1.491684546511813e+02, -2.775509138217032e+01, 1.536111171644640e+02, -1.846287658052687e+01, 6.180778846602631e+02, -5.842205851648663e+02, 9.341111976575871e+01, 2.368158310235637e+02, -1.521067745553260e+02, -1.363941831426080e+01, -1.653539527089012e+02, 1.670909883153799e+02, -1.876292760699722e+02, -3.519284398122220e+01, 2.929051549533162e+01, -3.272551427663035e+00, -1.862485309074958e+02, 1.204897456292090e+02, -1.467850135668610e+02, 5.805084272440369e+02, 8.272390982207934e+01, -1.486936313900362e+02, -1.275528452213467e+02, 1.308391352895001e+02, -1.003376026342396e+02, -1.649406298064587e+02, -1.077632680364063e+02, 4.706876921772221e+01, 4.436722336733420e+01, 7.140083562297009e+02, -4.375798034922628e+02, 5.056083093601996e+02, 1.443635941225870e+02, -1.919487053026054e+02, 1.403850956772340e+02, -4.647321073904968e+01, 2.504482751491855e+01, 2.042738894573337e+01, -1.775191702894359e+02, 7.440029735124452e+01, 9.282692751437033e+01, -6.777623402152918e+01, -1.511195045311237e+01, -7.833230072877551e+01, 1.134033287897800e+02, 1.624760378719279e+01, -3.570621697271818e+01, 1.502398460569676e+01, -8.204087750478116e+00, -6.442229724359395e+00, 4.220015081504865e+01, -7.274943438138864e+00, 7.355958286879772e+00, -1.432927033471918e+01, -8.086498821404728e+00, 2.090515570677301e+01, -5.230809705085163e+00, -4.295075372750031e+01, 2.337865231049951e+02, 1.380076723718767e+01, -7.039560886947807e+01, 7.548632262748708e+01, -1.603122248927528e+01, -2.273193791762804e+01, 1.531238353987432e+02, -1.425345344189305e+01, -3.065869520525080e+01, -1.126244651852278e+02, 3.059627523477257e+01, -2.141988512623465e+00, 3.179298349725264e+01, -1.957923152151372e+01, 4.643855291844660e+01, 9.596676699010345e+00, 1.120892713509562e+02, 3.903910972285735e+02, 1.275598991608126e+02, -4.316687765549715e+01, -2.613785170844098e+02, 1.411536272718567e+02, -2.893640703844472e+02, -1.411663973235000e+02, -1.925093711669348e+01, -2.687571965500957e+01, -3.582735578553510e+02, 6.343194481928968e+01, -1.073417262145653e+01, 1.849223711397711e+00, -1.115306822390100e+02, 1.190091388942583e+02, 1.035663735203720e+02, -4.713535261375989e+01, -1.283066742628816e+02, -8.899329015435117e+01, -1.035422666065555e+02, 1.028142186491018e+02, 6.902769804346306e+01, 1.127732250030785e+02, 6.631368067141018e+01, -3.741081148685066e+01, 1.379856347564225e+01, 1.322248402132468e+02, -1.085833129295997e+02, 1.404714263879326e+02, 5.720496777418002e+01, 8.001770271028128e+00, 6.183183486968832e+01, 2.583654257884482e+01, -1.835638641709957e+01, 1.126572905358285e+00, 4.671242104675454e+02, 1.621337706173154e+02, -1.096585978147489e+02, -4.888802577666949e+01, -1.687025592644339e+02, -1.127866621895659e+02, -7.727562660178330e+01, 9.166267419020715e-01, 6.834350260927271e+00, 9.852736209315953e+00, 1.360500851420800e+02, 1.044315305961406e+00, -9.541423915756008e+00, 2.139856915789083e+01, -4.256837159170242e+01, 5.233060535433867e+01, -3.863903920756327e+01, 2.011570232958675e+00, 1.860960444568682e+02, -2.156906041256531e+02, 2.361076772129500e+02, 4.351303779017456e+00, 4.929937780270689e+01, -8.798649516751426e+01, -8.054080465959860e+00, -5.200244760029462e+01, -2.445709623115350e+01, 1.367422980753518e+02, -1.067275996503185e+02, -7.153308559496550e+01, -1.621634836622494e+01, 5.410684755265759e+00, 2.563326742773446e+01, 1.685778289056488e+01, 9.861403450007717e+00, -4.830823054326914e+01, 1.497465264296899e+01, -1.158419361978303e+01, -4.351391941551676e+01, 3.684740095799153e+01, 5.275951067793795e+01, -7.631426760427645e+01, 2.771451241086907e+01, -5.572701935256850e+01, -2.489122852703509e+01, -1.385292486662324e+01, 1.208314799187970e+02, -4.759558826273758e+01, 5.883258031021513e+01, -5.894745083190873e-01, -1.600925558144887e+01, 2.130836244624445e+00, 1.304666349499480e+01, 2.170989674061918e+01, 3.755098926722759e-01, -2.728194099676074e+01, -1.904305197149348e+01, 7.957448836075165e+00, 5.986659276529035e+00, 1.830441370590231e+02, 8.148157242260640e+01, 6.589379849907699e+01, -8.553580829464985e+01, -2.535512634329815e+01, -4.812039336816641e+01, -3.387879418631211e+01, -5.286407937641152e+01, 3.265265512238935e+01, 3.657400828530059e+01, -1.448063362862769e+01, 4.061525480330197e+01, 2.760631208880801e+01, 1.753534014618373e+00, 2.004591548213678e+01, -2.919997216787106e+01, -2.926151760997660e+00, -4.933665972934236e+01, -2.172216249883112e+00, -4.027628583587874e+00, 5.142771710264735e+00, 2.090093410175650e+01, -1.521347857085954e+02, 1.217040319135541e+02, 1.060956394642501e+02, 5.075486027149653e+01, 8.812397008681678e+00, -4.789727691890334e+01, -1.033952158426213e+02, 5.888649876970828e+01, 1.058773757274904e+00, 3.679965819064978e+01, 3.668067166319102e+01, 3.349441926806727e+01, 2.896452817965876e+01, 9.809818718539983e+00, 1.328701213338274e+01, 1.933138936471340e+01, -1.428251987677561e+01, 1.268430314710984e+01, 4.081815218284742e+00, -4.727087201040550e+00, 9.593382679005543e+00, 1.482706665748374e+01, -9.787526948919396e+00, -2.542956206904747e+01, -2.089660788096490e+02, 2.816490803637934e+01, 1.312659223017749e+02, 9.345519668194582e+01, 6.514532285063297e+01, -3.361593156567734e+01, 7.218840015968877e+01, -2.749601658957232e-01, -1.818322352068351e+01, -1.865858282213568e+01, 2.638480385083974e+01, 6.415259766916213e+01, -1.499333716235669e+00, 1.528651135825907e+01, 2.025291332919661e-02, 2.780742306305947e+01, 5.844925018176139e+00, 1.015306816929868e+01, 2.719588846673034e+00, 1.317821558001348e+01, 7.256856246500718e+00, -4.875607613263720e+00, 7.492387465517459e+00, 1.645861790855044e+02, -5.844971585347143e+01, -1.529281848998729e+01, 4.587729342761000e+01, 8.233376454237311e+00, 1.919579543650575e+02, -2.834190878312746e+01, -1.540839681769095e+01, 4.434228627004931e+01, 4.331071725896171e+01, -3.428507609730051e+01, -7.737730643392101e+01, -3.020842423009237e+01, 4.546549527725656e+00, 1.091924331242792e+01, -2.453058296206795e+01, 4.579627545522391e+01, 2.144206057831124e+00, -3.654953023155858e+00, 3.790581028769576e+01, -2.637907952112005e+01, -4.807478861107137e+00, 6.953565873574574e+00, -1.630892157833153e+01, -6.526806248193544e-01, -4.601109397578561e+01, 8.773820486014701e+01, -1.167523768499443e+02, 5.545212729281003e+01, -2.581465961014857e+01, -4.362627983331860e+01, 1.894257266820624e+00, 2.321769080474225e+01, -6.032646871241452e+01, 1.183855235401324e+02, 3.848227399719756e+01, -1.054767585350602e+01, 1.519183028807864e+01, 2.077969535454248e+00, -1.673291289826948e+01, -1.791710729481009e+01, -6.056439251097368e+01, 4.219441252301571e+01, 1.645057187289359e+01, -2.592782910914107e+00, 1.167213420019933e+01, -4.650277808375219e+00, 2.163244860238471e+00, 1.706406153460267e+01, 7.871389394625808e+00, 5.792172914011134e+00, -2.992732663587742e+01, -2.861113662797140e+01, -3.954301694837104e+01, 9.393181502549305e+01, 1.510670124914740e+02, 1.746554659552941e+01, 2.211627799124069e+01, -1.622612648152228e+01, 2.359508729377497e+00, 2.623444469651480e+01, 2.185193437499943e+01, -3.745761342649679e+01, 1.856370185223368e+01, 1.466646695351084e+00, 2.975862922951090e+01, -8.783013757493570e-01, 3.721254289153038e+00, 5.939689291270790e+00, -6.468134086756229e+00, -8.653200956273881e+00, -1.875846204086870e+01, -1.756504582563950e+01, 1.878250954724746e+01, 1.109339495738868e+01, -5.077775610705895e+00, 1.352513818292420e+01, 1.400152977308349e+01, 2.483354069182248e+01, 4.055863444964607e+01, 7.067999255500482e+01, 3.638251561893772e+01, -2.121448296376482e+01, 1.059443610437239e+02, -1.706041958883507e+01, 1.033597496101284e+01, 5.017608457200686e+01, -9.577212510962370e+00, 4.836349677862157e+01, -1.482330839483364e+01, -2.641989579069495e+01, 5.471920343589576e+00, -2.577971943742832e+01, 4.614260909295945e+01, -1.169807027808971e+01, 4.427433057764640e+01, -5.783712215393967e+00, 8.163606519260656e+00, 5.350396216790203e+00, -4.676867953947488e+00, 3.049861581440936e+00, 1.724123269080649e+01, -3.628242354602833e+00, -2.939548942271406e+00, 7.081521540673458e+00, -7.269528175555017e+00, -5.510585587538800e+01, 1.186961109126118e+02, -2.445593844144497e+01, -2.734964700537561e+01, 7.883372349467540e+00, 2.146434498465357e+00, -5.958448541253559e+00, 3.513948139471770e+01, 6.166379195357022e+00, 1.473300344205603e+00, -3.827404956363605e+00, 4.119807922439614e-01, 6.940804052794218e+00, -1.501391148750207e+00, -9.696471044877120e+00, -3.904056362482419e-01, 2.990616298912119e+01, -6.291518651310341e+00, 4.143979485735976e+00, 2.860547502315513e+00, 1.970181109073514e+00, 3.966882212613251e+00, 2.331606470044595e-01, 1.913964651973131e+00, 2.714619201041146e+00, 1.624255231498620e+00, 1.120272701981501e+00, 2.432210604318309e-02, -1.226503721343296e+01, 1.181659997385057e+02, 2.187155449989514e+01, -7.750405081819832e+01, 1.878331930973256e+01, -2.533074701670207e+01, -1.341587589594816e+01, 1.798193618143647e+01, 1.648672112119852e+01, -1.040980726624940e+01, -4.005223397497907e+01, 6.384979494150272e-02, -1.347579984736747e+01, 2.126536623180465e+01, -4.060444979431726e+00, 1.302009205012041e+01, -5.054966666462977e+01, 2.690642900008025e+00, -1.007112932739255e+00, -1.764455061637522e+00, 6.581055888990901e+00, 1.755100646847856e+00, 5.691595411537523e+00, 5.075857766853004e+00, -9.744101021391042e-01, 1.749189935388350e+00, 4.627418008504528e+00, 4.603481061492055e+00, -1.435495169752703e+00, 2.151501109390666e+00, 5.520994951609309e+01, -4.117731933053948e+01, -3.221230267588559e+02, 5.101660067876349e+02, -1.360390720335515e+02, 2.154535480246443e+02, 3.482836567052718e+02, -4.659478286483372e+02, 4.245459133889797e+01, 3.917807520806618e+01, -1.016482585952654e+02, 1.147050422367317e+02, -2.561255212305535e+01, -5.508043980997776e+01, 2.500933852113999e+01, -5.688376415961044e+01, -1.265728021405642e+01, 1.345912833337817e+02, -4.900255107825572e+01, 8.416999883620385e+01, -2.608898170475529e+00, -3.714926423184743e+01, 1.846654769529431e+01, 4.395848596273295e+00, -2.940281165102146e+01, 1.306382096251621e+01, 1.178532463546793e+01, -1.669227320503078e+01, 1.255196751149560e+01, -1.236507049369060e+00, -8.042859320718868e+00, 3.593257452961328e+01, -6.608004721190085e+01, 1.527644880179645e+02, 2.481137852251182e+01, -1.295163052055395e+02, 5.763945870348375e+01, 8.710813873021701e+01, -2.205167905638853e+00, 1.016335632409901e+02, 2.511664080641700e+01, 3.918646992795037e+01, 8.854964299770361e+01, -3.368349225162107e+00, -7.331750803276141e+01, 1.377880199068600e+01, 1.838229541007748e+01, -6.023671253923965e+01, 4.133341018571399e+01, 1.483317177140401e+01, 2.077836875348667e+01, 1.296155314013125e+01, 5.404345023922899e+00, 1.614915559717789e+01, 3.422556053780752e+01, -1.794910732672146e+00, -3.102608632447556e+01, 2.693697368780883e+01, 5.234272560699433e+00, 3.050051427897315e+00, -1.844032428741795e+01, 1.768395997762886e+01, 7.061165805691466e-01, -5.593350520482216e+00, -2.993035111880392e+01, 7.023746051104848e+02, 2.062128243356258e+02, -4.740399836309538e+01, 6.801263042197846e+01, -1.988143266221007e+02, -9.939319568241211e+01, -2.949848716032026e+00, -5.342159884598950e+01, 1.282976488562452e+01, -1.202090851020542e+02, -6.231756898544460e+01, -1.065359150114662e+02, 3.202811564365451e-01, -1.288059793492760e-01, -4.326906917473650e+01, 8.242133557170997e+01, -1.089619894701436e+01, -1.577680321516392e+01, -9.089316381963465e+00, -2.108060723188017e+01, -1.714502048469680e+00, 2.421595970680810e+00, 1.782184985257289e+01, 2.628054940512731e+01, -1.199761708108651e+01, 6.870039937882319e+00, 9.439291718097299e-01, -4.220911718764524e+00, 3.750199113954165e+00, 5.523314678316037e+01, -2.501589627449791e+00, -2.459821969096169e+00, 7.117745740715370e+01, -3.098315124102409e+02, 2.838162639064250e+02, -2.346226296223836e+01, 2.309271450143950e+01, -3.744762705814884e+01, -3.765918725833428e+01, -5.878434621960171e+01, -3.040310818098584e+01, 8.974115732279910e+01, -3.816755018975675e+01, -2.154907760289668e+01, 2.801501344768251e+01, 2.069240450991049e+00, 2.869154005710847e+00, 1.566743678087554e+01, -3.968574445494625e+01, -3.121278384152887e+01, 2.787755848376565e+00, 6.064433604929522e+00, -8.014671967888024e+00, 1.871681913420648e-01, 1.291292436182476e+01, -4.754100191696996e+00, 1.179967242199051e+01, 5.762933332077175e+00, -6.840462909751532e+00, 1.495326287140948e+00, -1.924000582901852e+00, -3.717550070922550e+01, 2.209854015363484e+01, -1.055672201626931e+01, -5.047711654624151e-02, 3.313834822246273e+00, 1.404370426498869e+01, 1.567874169005906e+02, 1.573820857627399e+02, -9.689332921164436e+01, -2.130772214167010e+01, -2.503105262142947e+01, -2.787980567515843e+01, -1.680848718322553e+01, 4.074112656756569e+01, -1.531711071911282e+02, 2.944458281329828e+01, 1.084856717767838e+02, -5.683529932103639e+01, 5.513954076165230e+00, 1.879707292240973e+01, -7.186419147325636e-01, -1.310055163696380e+01, -1.075907929426147e+01, -1.804666784590123e+00, 8.534164105389552e+00, 7.403296169400192e+00, -5.144594416127379e+00, -2.976566773537071e+00, 1.595155672842067e+00, -3.289543236903904e+00, -7.181689330263743e+00, -4.042001302536607e+00, 3.238389044557858e+00, 4.979119580761092e+00, -2.494123666308967e+01, -1.665170889327048e+01, -1.395159279287110e+01, 1.044711747372010e+01, -9.821534203828250e-01, 1.273321784483912e+01, 6.627637300969602e+01, 6.072892896938898e+01, 9.907721830326514e+01, -7.976747018267423e+01, -6.136456731376111e+01, -2.415877959117514e+01, 5.718333028261931e+00, -9.094091201634495e+00, 2.027051756939556e+01, 1.548513451619275e+01, 3.693435035807852e+01, 5.942606965716785e+01, 3.055244946619298e+01, 2.424717930243292e+00, 6.963091096824090e+00, 2.939678461993394e+01, -5.889514001712622e+00, 2.167675197401303e+00, -4.704654048636605e-01, -1.634994915811075e+00, 4.336252118133205e+00, 1.061398463084914e+01, 7.551609816281883e-01, 1.361465307688037e+00, 8.875627571934639e-01, -3.331649127556504e+00, -6.971928123773384e+00, 2.379721370922938e-01, 2.985392163397956e+00, -3.787795976982657e+00, 1.449403240720857e+01, 2.723212825488637e+00, 5.489953343023305e+00, -7.463175364532072e-01, 1.126153088643084e+00, 1.608033235774630e+01, -1.151572510311447e+02, 5.333387885907064e+01, 1.110022980538399e+02, 1.362561923334292e+02, 5.403821792540484e+00, 3.126276343788337e+00, -3.681924424945054e+01, -1.052646805994260e+01, 1.859464380099981e+01, 3.999977680944968e+01, 2.127517078437660e+01, 3.054446506791647e+01, 1.687081344792014e+01, 5.216415360752428e+00, 6.920708845874626e+00, 1.492640789605687e+01, -1.995213616668800e+01, 8.297556395684826e+00, 6.539494994056591e-01, 6.952438603916055e+00, 1.003974458594168e+01, 4.898833664161626e+00, 3.213779754496863e-02, -1.565788356538831e+00, 2.714696106325541e+00, -1.184051594531070e+00, -2.243837118052689e+00, 1.932342041962852e+00, 2.968789504882706e+00, -2.179097478746529e+01, 1.491081671722524e+01, -3.471330867927745e+00, -4.071627847580811e+00, 4.881382233185341e+00, 4.639837322828524e+00, 6.983901674992321e-02, -5.503361140169830e-01, -2.726856300665950e+01, -1.252338590116225e+02, 7.911852450926148e+01, 7.352999326488501e+01, 4.133912910752497e+00, 2.849102034817008e+01, -2.049627218661301e+01, 1.154595680570277e+01, -2.420448668906543e+00, -3.137726499539536e+01, 2.231864182226415e+01, 3.717605026018335e+01, 6.199932344459491e+00, 7.514523066689349e-01, 6.531505203682848e+00, 3.515979973839588e+01, 1.275180184104534e+00, -1.249953279572723e+01, 2.572523525316203e+00, -4.919912118362258e+00, 4.439708350353776e+00, 1.134655934510431e+01, 5.788953797069158e+00, 5.911052091261127e+00, -3.980830538299342e+00, -8.090984544999127e+00, 3.546839906541793e-01, 3.705561320648835e-01, 2.299576369494569e+00, -1.128157293856996e+01, 6.432767492614970e+00, -8.911798822296392e+00, 1.987214773163343e+00, 1.216098709508326e+00, -1.099434891894962e+00, 7.252236946544440e-01, 9.064897701632522e-01, -2.749692473262126e+00, 3.319001257931578e+01, 1.238459872428519e+02, 9.645942868978750e+01, -1.467190503368745e+02, -3.200034534729639e+01, 4.102711464999642e+01, 1.452248929095922e+01, 3.717702484517550e+01, -1.354143031758994e+01, -1.450918081949819e+00, -3.478349862238571e+01, 2.993970218581306e+01, 2.176330880535432e+01, 2.971576874406077e-01, -4.231266659126812e+00, 1.405404836575373e+01, 2.385090082306152e+01, -1.550860140724777e+01, 2.648491397867819e-01, 2.680293569188573e+00, 1.338133627198359e+01, -2.586817052604919e+00, -3.508281629069562e+00, -1.748642286083399e+00, -2.614528790924794e+00, 7.621549478589819e+00, -4.287306008482580e+00, 3.686289941115969e-01, -4.080714300584334e-01, -9.856444688675896e-01, -8.924634201095904e+00, 1.392473665665917e+00, 2.662863741287688e+00, -3.433000653914773e+00, 3.121671618622216e-01, 6.114391395395470e+00, 4.414082870343793e-01, 1.528512763912324e+00, 3.944813905068215e+00, -7.545823049252430e-01, 1.219174573419505e+02, 4.322163469763198e+01, -8.584432848401003e+01, -5.598608051473474e+01, 2.151715676607457e+01, -2.396879407348518e+01, -1.007261262504948e+01, 2.017841518826948e+01, 9.238114249593224e+00, 5.653688447890673e+00, 1.036993765642451e+01, -1.596915216847349e+01, 1.723971068355130e+00, -3.366642997748790e+00, 1.932617492805186e+00, 3.160071412266704e+01, -1.516835361066261e+01, -2.853246440104704e+00, 1.152270671391760e-01, -7.316655217260295e+00, -1.198663900644640e+00, -6.881600537535376e-03, -5.358115028618830e+00, -5.035897604974632e+00, -2.427837170415242e-01, -3.905125442303465e-01, 5.172107112244594e-01, -2.183070058975398e-01, -1.853181940814259e+01, 9.541849364078040e+00, -7.073707524942489e+00, 7.442995527326740e-01, -5.154408744962199e-01, -1.866964670415185e-01, 1.399563086738257e+00, 1.090199129076658e+00, -1.683606098901792e+00, -6.640843092892550e-02, -4.760259459293078e+00, 1.796783555444672e+01, 1.139085330812372e+02, 8.937594076367223e+01, -2.587370421309074e+01, 1.777986705439230e+01, -2.324929137816629e+01, 5.054236136959712e+01, -2.103321527542789e+01, -4.686053975817823e+01, -1.489960475617084e+01, 3.170632932418676e+01, -5.837064698788100e+01, -1.234801621833209e+01, -1.974578637615827e+00, -1.195234791079715e+00, -1.894101875774924e+01, -1.205147523175410e+01, 1.012310041624875e+00, -1.477408068833468e+01, -2.721425432114323e+00, -3.387570585910325e+00, 3.049636820569102e+00, 8.031416088247521e+00, 1.114119317287410e+00, 2.213903638741257e+00, 2.668688619897145e-01, -2.103502012186502e+00, -1.762051167525314e-01, -1.271935613804151e+00, 3.747118738053196e+00, -8.388619367133940e+00, 5.885305578022881e+00, 2.255069683045918e+00, 8.017046210530931e-01, 1.106955089188149e+00, 1.586039615124472e+00, -8.384877326096712e-01, -2.323907230136728e+00, 6.659879561694235e-02, -4.837869846713695e-01, -6.564509697350182e+00, 6.359153985965616e+01, -2.716470860213542e+00, 3.137315878547236e+01, -2.730338307029101e+01, 5.084931519877318e+01, -4.257914249049703e+01, -1.224897159381510e+01, 4.914667031183150e+00, -3.356573787872355e+00, 1.475521746229876e+01, -1.176150700799742e+01, -1.769892388679739e+01, -1.807143078832289e+01, -1.680371319738590e+00, -3.876087882526437e+00, 8.962458276437951e+00, -6.752633383756732e+00, -8.208210199237944e-01, 1.264405184647738e+00, -3.056577151494682e-02, 3.872605743631170e+00, 4.350902775042949e-01, -7.093385988559916e+00, 9.847707737631947e-01, 4.137771671395740e-01, 2.422883983502292e+00, 7.563453262580876e-01, -3.862685121901024e-01, 1.428901503902391e+00, 6.685214128633362e-01, 1.226229100047842e+00, -4.058077130596324e+00, 1.280373434030088e+00, 3.802773934837615e+00, 1.094967628841337e+00, 3.224081688959035e-01, 1.175961847369558e+00, -1.188901074011624e+00, 1.201346876511603e+00, 6.228148769510786e-01, -8.115177580940845e-02, -2.830453395148374e+00, -3.644253360141898e+01, 1.003112424713716e+02, -5.464694454370029e+01, -2.578856707037991e+01, -3.096770528910568e+00, 3.471789324807763e+00, -4.916547981438881e-01, 1.965966913740873e+01, 1.622771595153221e+01, -7.809044080105331e+00, -1.832701595144418e+00, 4.500255579805837e+00, -9.900902026107102e-01, -4.647093418294813e-02, -5.112246133167955e+00, -1.072510724630136e+01, 1.478590581266617e+01, -5.324981822351491e+00, 1.950118762131136e+00, -2.007609968381803e-01, 3.136765388094928e+00, -7.587227047359749e-01, 4.065697833791741e-01, -1.460471053946750e-01, 6.629511046370606e-01, 2.346050029555864e+00, -7.377653049638375e-02, 4.288114030352300e-01, -5.589532311799230e-01, 5.687198214815087e+00, -1.159782182684618e+00, 8.118118146194458e-01, 6.933179506064855e-01, 7.395202376010916e-01, 2.784334611063748e-02, 6.434733449391055e-01, 4.926775621797098e-03, -3.676154398483925e-01, -5.297547520176192e-01, 8.205422041510777e-01, 1.293282064215323e-01, 4.420535399380885e-01, -2.657414800351926e+00, 7.938962577488856e+01, 6.076624856207214e+01, -3.231166470385577e+01, -3.212149091862278e+00, -6.156008990973544e+00, -1.556240986517753e+01, -2.054005738444501e+01, 2.597257236456260e+00, -2.862535324907234e+01, 7.434438336699133e+00, 2.198668471618432e+00, -1.578853325671380e+01, -2.205004288299602e+01, -7.541952050555436e-01, 7.181880852671060e+00, -1.876134235385198e+01, 1.977496924544851e+01, -1.633747081738491e+00, 8.610627156986462e-01, -3.472296138356306e+00, -1.935749887045602e+00, -3.293017952558392e+00, -8.736943836905523e-01, 1.337736367797038e+00, 1.644550215309940e+00, -6.390679687961699e-02, -2.573477250221815e+00, -1.691620741547414e-01, 8.814767974565356e-01, 1.003593162059028e+01, -1.643275851518478e+01, -2.049541033320677e+00, -1.745219504771235e-01, 2.922077729940638e-02, 8.573305600245801e-01, 5.142340360091415e-01, 5.767291848454315e-01, 8.553961691452023e-01, -4.537647015837161e-01, 5.463128155564882e-02, 2.786844881736271e-01, -2.555454735064714e-02, 2.497914687519777e-01, 1.523406964999255e+01, 1.478047554943690e+03, -3.792504509921604e+01, -6.595608609358971e+00, 2.332655287785350e+02, -6.255404628165310e+02, 1.769807834527985e+02, -7.637017233113974e+01, -1.369273871685459e+02, -2.143944138245675e+02, 2.492294744282644e+01, -3.423135305702709e+01, 1.385022337577589e+02, 3.548499755576696e+01, 1.971461901629315e+00, 1.153272721938665e+02, -1.984043096959617e+01, -2.290598394511948e+02, -1.931102173371788e+01, 5.295312634350616e+01, 3.117328719964734e+01, 8.232811850348914e+01, 5.939828796509993e+01, 2.732987469903419e+01, 3.012032208446696e+01, -6.450847313700605e+00, -2.571396359350543e+01, 3.760385238181140e-01, -1.168168504866950e+00, 1.257752786266405e+01, -1.551928806650821e+01, 3.141888698729727e-01, 2.001719137001512e+01, 1.293609045058481e+01, 7.961617946628155e+00, 1.814817452003502e+01, -1.140905919707552e+00, 1.079727831806442e+01, -7.317560097670150e+00, 6.615450700373913e+00, 4.594047792043707e+00, 1.956173633063540e+00, -1.487012135094021e+00, -4.675612339076832e+00, 1.161347526463285e+00, 1.580755978384561e+01, 3.990409639274010e+02, 7.262626549364094e+02, -8.844622239867226e+01, 1.451012691340942e+02, -2.359242193853422e+02, -3.185678466433999e+01, 5.617554993153008e-01, -1.325566995635616e+02, -3.410567903653649e+01, -9.790165951428733e+01, 8.111945323940020e+00, -6.410358592641853e+01, -9.650035435828393e+01, 6.470964836148123e+00, 1.569537873686687e+02, -1.642743689199851e+02, -7.079325869396720e+01, -1.023939194910329e+02, -4.730014184167935e+01, 3.454758510945575e+01, 1.762785444280770e+01, -2.623596563035392e+00, 8.513065412953747e+00, -1.725345323977130e+01, -7.387727296065100e+00, 8.814943937847257e+00, 2.237849782562339e+01, 1.073709158662831e+00, 1.992391875576316e+01, -4.907264954615708e+01, -3.076948464276735e+01, -9.618561930407832e+00, -7.001261907304427e+00, 4.858224234054580e+00, 6.213237828534665e+00, 6.653098239627261e+00, -1.643896764817717e+00, 1.495583195696742e+01, 9.325646934675975e-01, 3.525071859666912e-01, -5.750905658227500e+00, -9.580318578380793e-01, -3.070940349177339e+00, 9.958051050066343e+00, 2.424678369034876e+00, -2.142092525541037e+00, 2.129532665223585e+02, 5.235637313783869e+02, -6.438358234705044e+02, 8.492069616245726e+01, 7.082406707125268e+01, 5.138147044546242e+00, 1.219084007620754e+02, 8.063849466494064e+01, 2.894490121518707e+01, 3.894131803935435e+01, -2.892785961416108e+01, 7.556738945325252e+01, 1.025592254591892e+01, 7.902052472327949e-01, 1.935124495675341e+01, -4.695899117885652e+01, -8.084514075315749e+01, 3.587780338913181e+01, -1.663337758856010e+01, 1.644679481911586e+01, -1.069014675008463e+01, -1.444512185315680e+01, 1.774010556667720e+01, -9.070126237544899e+00, 6.384911058907968e+00, -6.586360254545076e+00, -1.089263812246726e+00, 7.038509039356193e-01, -1.525854170196404e+00, -5.581209411387379e+00, 2.840872289964699e-01, 1.906053325399698e+00, 1.692430336404171e+00, -4.312058230566552e+00, 1.265602780621067e+00, -2.031681068278962e+00, 3.168324769894869e+00, -3.184310179662287e+00, -2.169648280958028e+00, 1.285453929486239e-01, 2.048110313242050e+00, 4.572167857624712e-01, -2.085978382883637e+00, -1.404242517131454e+01, -7.202168277925406e+00, -3.141936697086123e+00, -2.723562227558534e+00, -7.619510439798683e+00, -3.639217765343431e+02, 3.163115966615239e+02, -2.228217989720717e+01, 6.058065891456086e+01, 3.055556720719343e+01, -2.535001979336132e+01, -9.841409837768829e+00, -1.299472614927365e+02, 1.228802802573838e+01, 3.160523934470887e+01, -9.038509303288407e+00, 5.501031244988779e+00, 7.303915026859649e-01, 1.373115529191557e+00, 1.357656271596130e+02, -1.073349215493259e+02, 4.242018173787414e+00, 5.656002592388027e+00, 4.098471483029328e+00, -8.608597188239617e+00, 1.335928198259855e+01, -6.483677430796797e-01, -1.243997724198987e+01, -3.549289264319407e+00, -3.590994052464913e+00, -9.843430961398445e-01, 3.492766456345376e-01, -1.353689703285754e+00, -3.876460497707031e+01, 1.748640352135245e+01, -2.929278930160084e-01, 1.216965116032788e+00, 2.581477310510967e+00, 8.153463753927991e+00, -1.963468598677408e+00, 7.063786346997867e-01, 1.612885672487467e+00, -2.132265116781245e+00, 1.582931729201477e+00, 1.111524328900131e+00, -1.297399676204346e-01, -4.760588185858661e-01, 1.908103421408902e+01, 3.579445771045522e+00, 6.569822035990539e+00, 1.272640297798486e+00, 6.835123217972165e+00, -4.297495768843562e+01, -1.619047182865824e+02, 1.550081320353300e+02, -9.635054320490978e+01, 2.840483580926689e+01, 6.218017460339521e+01, -9.111562399840853e+00, -2.662400055544276e+01, 1.491174398893683e+01, 1.277831979857244e+01, -2.325421716054034e+01, -3.027440537056409e+01, 5.737652572180465e+01, 4.132168835057056e+00, -6.421454039005559e+00, -1.822053272858026e+01, 5.398234109288351e+00, 3.409846571591744e+01, 1.699646769909084e+00, 7.622844508097284e+00, 6.627155415554890e+00, -9.320831331684426e+00, -6.854415525117871e+00, 4.815550247679199e+00, 6.307606116110422e+00, -5.991709165589113e+00, -7.224218557755707e+00, 1.707122066934799e+00, -2.100323473085322e+00, -7.438178206012378e+00, -1.471040934687280e+01, -9.360388723824423e-01, 1.398132688031096e+00, -4.540077459629442e-01, -1.100244438680212e+00, 5.722622781837332e+00, 1.376966653766787e+00, 1.933742602061331e-01, -9.441119519378579e-01, 3.395732938353892e+00, 7.914558782332801e-01, 4.252644625390983e-01, -1.192201787834482e+00, 1.073158937684722e+01, -2.658383821001070e-01, 3.533642457957629e-02, -7.155723014681408e-01, 2.271088726238928e+00, 3.328535029048576e+00, 8.256121621269607e+01, -1.492713406951814e+02, 1.903176163383206e+02, -5.362660726367702e+01, -4.051346600204234e+01, 1.477314660226881e+00, 1.068975951817588e+01, -4.953587100010944e+01, 1.644641704842995e+01, -2.830419864086973e+01, 1.996547428793487e+01, -4.035465432278620e+01, -3.012824866437859e+01, -7.641421407289211e-01, 8.106050773624339e+00, 1.473450286953545e+01, -1.813519594417762e+01, 2.378135026481508e+00, 3.349621787206415e+00, 1.301869959172173e+01, 1.353741605522551e-02, -1.906193876165923e-02, 6.486050384635209e+00, 1.061321483984607e+01, -1.543609289171609e+00, 2.498112872199303e+00, 2.810567335224442e+00, -8.762823315117265e-01, 1.808729778687149e+00, -7.331609159892333e+00, -7.390505384287150e+00, -1.254729486089318e+00, -7.791675833943701e-01, 6.997579587236877e-01, 1.127203931166553e+00, 5.486334785744649e-01, -4.596307512066609e-01, -3.837450322612236e+00, -9.000243286868681e-01, 8.247405953757134e-01, 6.856890249406660e-01, -5.828716040545141e-01, 4.608807962978317e-01, -2.056736764002768e+00, -7.103004990946125e+00, -2.775740308452304e-01, -1.597213929005934e+00, 3.499219622201101e+00, 8.197337717225039e-01, 9.772871569942307e+00, -2.946671063040768e-01, -2.241422000460408e+02, 1.006898710487959e+02, 2.295608944199729e+01, -2.400367820402208e+01, 3.366176053018081e+01, -2.650083921952352e+00, -1.883485739743557e+01, 4.628948649763754e+01, 3.260241848226298e+01, 2.151580874339245e+00, -5.306570032211285e+00, -1.511507502757593e+01, 7.213666984008896e-01, 2.417999229563783e+00, 4.878043845844036e+01, -2.958355574602074e+01, -1.828669447936074e+01, -3.791112740602553e-01, 4.607450573777571e+00, -1.584710932665839e+00, 5.144186928020132e+00, -1.441085436535637e+00, -9.377453572772305e+00, -2.517943669220155e+00, 3.717810397140733e-01, 4.594618171758880e+00, -7.905526306493376e-01, 6.128705967835510e-01, -8.338472473952976e-02, 3.120595326105469e+00, -7.281485836097212e-01, 1.426583211587034e+00, -3.272036501499985e+00, 2.321587533263729e-01, -7.082821343182784e-01, 9.070768206090419e-01, -1.246480441835355e+00, -1.967086578463537e-01, -1.034905792374027e+00, -1.410953540494179e+00, -9.405428707798000e-01, 1.407456158689739e-01, 3.595539701324955e+00, -4.641511711178077e+00, 2.630683626413597e+00, 3.429732785236733e+00, 2.436062865992792e-01, 4.749565810614225e-01, 6.418628026952382e-01, 7.541235486537303e+00, -1.199302408813347e+02, 2.911649347607159e+01, 7.227940432323230e+01, 3.611648885291736e+01, -4.200271225237776e+01, 7.509667116780641e+01, 6.375969447885612e+01, -1.792203205577902e+01, -4.032806108436422e+00, -4.592499630867492e+01, 3.735190192569434e+01, -1.702404832586996e+01, -2.320510767152687e+01, 1.633256260000444e+00, 6.344817811996044e-02, 5.261227672156953e+01, -2.856716064392317e+01, 1.673837871612949e+01, -4.767502487519352e+00, -2.424190757546117e+00, 8.764190799670365e-01, 5.882104057246361e+00, -1.266641549944439e+00, 1.347060646325814e+00, -5.592004568735960e+00, -1.902574819527627e-01, 6.853278003607648e-01, 3.982034150292599e-01, 5.286051576982452e-01, -1.981397735757016e+01, 3.021721998976562e+00, -2.259886299841585e+00, -5.967728641401824e-01, 9.162980276187234e-02, 3.964020083560444e-01, -2.834043603637284e+00, -2.113807396411589e-01, 2.982879172089133e-01, 4.791599691858138e-01, 1.340236477634834e+00, -1.572621307012298e-01, 6.656103673034722e-02, 1.340741196181736e-01, 2.508511068139841e+00, -1.176595905356700e+00, -2.179656988214517e+00, -2.436594856654287e-01, -2.527813734608041e-01, 3.396857995474845e-01, 1.824740621305742e-01, -1.381602011190733e-02, -4.716753699798534e+00, 5.214321680975565e+01, -1.820415904604797e+02, 1.156210629345424e-01, -1.694327265196471e+01, 7.419146331161726e+01, -2.808420769110565e+01, -5.676390584025555e+01, 3.112272013717313e+01, -2.386887455576629e+01, 2.699697724849252e+00, -1.513390571468670e+01, -1.379066954732706e+01, 8.711820557095091e+00, -1.197605998262255e+00, 4.602696077891729e+00, 2.191783073672603e+00, -1.966004957546635e+01, 1.351504146381628e+01, 9.845744856426226e-01, 7.873261903008435e+00, 5.234184461399421e+00, -1.050978380471151e+01, 8.898965811469255e-02, -2.721908402177776e+00, 2.122792370423647e+00, -1.028484146462618e+00, -2.328924524074403e+00, -4.847447490316301e-01, 8.613971074642466e-01, 6.432929579366634e+00, 3.724893707595899e+00, -1.057820508716794e+00, -1.688588557848847e+00, 1.581190981197708e+00, 5.785551136565624e-01, 1.987274416494649e+00, 2.792818802307547e-01, -4.539581925192049e-01, 1.202744811159745e+00, 3.687002974293672e-01, 1.234678534717743e+00, -5.069211495842668e-01, 7.992038588503877e-01, 1.078595435493144e+00, -3.660969999892318e+00, 7.569006598427429e-01, 1.341768019237074e+00, 2.007487793287034e-01, 1.513964066999144e+00, -1.590232252829515e-01, 6.594907754762428e-01, 7.962543369660252e-01, 3.217669753517657e+00, 8.727651688948359e+01, -1.512202566441593e+02, 6.978766454547007e+01, 4.030773831088950e+01, 3.226939841866865e+01, 5.240068822745962e+01, 2.500545127070710e+01, 1.343462493483411e+01, 1.033083410768835e+01, -6.089943435163326e+01, -7.951253238212610e+00, -1.836370004819551e+01, -1.596329306680817e+01, 8.929613369514960e-01, 1.106126976255192e+00, 2.518588527250239e+01, -5.855791917618353e+00, 2.610722497996087e+00, 6.053186972163144e+00, 4.741697586625720e+00, 8.103495111515628e+00, 5.278441482383175e+00, -5.704017832155602e+00, 5.950741466867535e+00, -3.123671077043891e-01, 4.421643061819154e+00, 3.002088609166777e+00, -1.591998370368639e-01, 8.783943010229470e-01, 2.845671796887056e+00, -1.010420760876031e+01, 1.343154448604451e+00, 4.193962732745191e-01, 6.147042761324415e-01, 9.424327040266516e-01, -1.616032514491511e+00, 6.393907309801393e-01, -9.988675174379331e-02, -1.638542007440998e-01, -4.705495597587719e-01, -6.949285646456997e-01, -2.744528617290818e-01, -4.394107692727767e-02, -1.227036523820017e+00, 4.194904594272935e+00, 9.345212398385636e-01, 8.310819619474246e-01, 3.141658516575665e-01, 4.399102989636466e-01, 4.796853306611693e-01, 4.200627709950480e-01, 3.564183274282090e-01, 4.340622259803189e-01, -4.958230218454522e+00, 4.089255197146458e+01, 2.859855071971279e+01, 5.911400810708800e+01, 2.859561669757208e+01, 4.073973413849473e+01, 8.239834232949450e+00, 1.998713337434433e+00, 2.204214217801634e+01, 5.387002979333712e+00, -5.742013840827471e+00, -1.926504569217242e+00, 2.097548193319636e+01, -1.555844349654631e+00, -1.259471252379810e+00, -6.495449543671424e+00, 1.023362815762678e-01, -1.530025241930470e+01, 2.346379631878060e-01, -7.942796993799039e+00, -3.882794909800213e+00, -2.013008110552281e+00, -1.740234619771654e+00, 1.916157748220441e+00, 6.965421797317769e+00, -1.757397046699848e+00, -1.372742214538182e+00, 3.960390407866187e+00, -2.439660310198671e-01, -3.217680070442328e-01, -2.400664876315670e-01, 9.427476278784827e+00, -6.048937386401385e-01, -5.990433340283173e-01, -4.119941865194777e-01, -1.433340882897587e+00, -8.448805545282033e-01, -3.674481156641308e-01, -6.385238310082327e-01, 7.508795521822818e-01, 7.108503879230814e-02, -1.373315433164407e+00, -2.320792228283444e-01, 6.290482433103978e-01, -1.556362175227015e+00, -4.223598677668651e+00, -1.008191285110110e+00, -2.945262879942023e-01, -1.042176429000133e+00, -1.654219888438053e-01, 4.383216723388434e-01, -7.839862557740435e-01, -4.406947709128653e-01, -6.672611847844195e-01, 2.633073253903488e-01, -4.870750436656439e+00, -6.438758438409536e+01, -4.975544015451285e+01, 1.134020141484907e+01, 1.233374021152913e+01, -8.619701196541142e+00, -6.052868126557718e+01, -1.334435227858794e+00, -2.500860118253175e+01, 1.921282447564129e+01, -1.286855323197032e+00, -6.479383876454073e-01, 1.292931385372407e+01, 7.213541608882932e+00, -9.022875127479315e-01, 1.149158300973920e+00, -1.130158776140548e+01, -1.777594115606943e+01, -7.607455453007856e+00, -4.852045497786394e+00, 6.254066263457870e+00, -4.241902099170098e+00, -1.824006113324453e+00, -1.739079799673893e+00, -4.028978636762604e+00, -1.878503395023417e-01, -3.301692759112178e+00, -8.798696905213722e-01, -1.876280257100396e-01, -1.049917182046510e-01, 3.502315073443058e+00, 5.985839961942872e+00, 3.567997011416058e+00, -1.912263343863322e-01, -2.685728637407510e+00, -5.777691974867699e-01, 5.076371267307115e-01, 1.304479051595966e-02, 1.516481673121189e+00, -4.847214887117389e-01, 6.209389845404025e-01, 1.908794211338911e-01, 7.903111343457886e-02, -4.638841065073352e-02, -2.008929099470368e+00, -6.968333508487043e-01, -1.640312896280888e+00, -4.226119740763837e-01, 1.088868298071727e-01, -3.646913483038907e-01, 3.408068894932138e-01, -5.294734341816411e-02, -8.085950016741638e-01, 1.388487989551785e-01, 2.863036167554764e-01, -5.291095980900170e-02, -1.064206430504849e+00, -2.623270094170675e+01, 1.731562774448448e+01, -7.571061074624588e+01, -2.617175428581634e+01, -2.122021770104889e+00, 1.524940655448020e+01, 3.686967762335910e+00, -3.291132008216080e+00, 4.073597356090497e+01, -3.647940691777065e+00, -1.261550357995532e+01, -6.898941452946439e+00, 1.501748494981504e+00, 4.310966053992952e-01, -2.926253883724446e+00, -3.845149139923392e+01, 8.794598301107714e+00, -4.733340378429502e+00, 1.647796857709455e+00, -2.441107174618826e+00, 4.937829748752836e+00, -5.306219605749773e+00, 1.462516743356323e+00, -4.694735589539566e-02, -3.232212933020573e+00, 9.863785268316654e-01, -3.248329022105620e-01, 4.791128270526953e-01, -2.504825820067251e-01, 3.198992745126961e+00, 2.749834597575169e-01, 7.057770859634637e-01, 3.608929552805411e-01, -1.719843978755756e+00, 6.616089595715607e-01, 3.016318942968670e-01, -4.171861582581829e-01, -9.896209865776038e-01, -1.472381907461468e+00, 1.667658795906818e+00, -1.008113010874813e-01, 3.144017958559545e-01, -2.231292410302454e-02, 5.582035974096880e+00, 2.067743263479636e+00, 2.884974869534737e-01, -3.542873255807631e-01, -4.265778389735063e-01, -1.346121672907957e-01, -6.300804045615502e-01, -1.455757333186053e-01, -3.745173394015519e-01, 1.681745391484051e-01, -4.121811494736294e-01, 8.895292801844465e-02, 2.694015866097983e-02, -2.365473404899833e-01, 7.174668680371799e+01, 5.886343385354411e+01, 1.252878273520021e+01, -4.503325179116140e-01, -1.233208637289892e+01, 1.242550935272516e+01, -4.010286885298057e+01, -1.810318036460764e+01, -3.507762624136443e+01, 4.727605784135191e+01, 6.748303712525903e+00, -5.429091336378939e+00, 1.134730327573837e+01, -1.692328093285459e-01, 7.850412060241192e+00, -2.909408197881482e+01, 3.934983409008591e+01, 2.482465440243357e+00, 3.088239748490725e+00, -3.234025873116150e+00, -6.841347721187041e+00, -6.864451437270017e+00, -2.421230455222866e+00, 1.030295383818777e+00, 3.714637023254552e+00, 2.425091252925243e-01, -2.099469580793835e-01, -5.801486342828178e-02, 8.809616246159363e-01, 1.000946287299715e+01, -5.937057257970221e+00, 7.086159051695106e-01, 8.491076626487566e-01, -1.385338189582324e-02, -3.324044797398272e-01, 2.723100058282807e-01, 5.111715245258912e-02, -1.375273562300781e+00, -2.542453544863911e-01, -3.515143129725931e-01, 2.178272882648489e-01, -8.189348641718551e-02, 1.385117833958859e-01, -1.064376410883309e+01, -7.791628761626872e-01, -1.155392307670862e+00, 1.592245466795349e-01, 2.861752378846155e-01, 2.245020369703094e-01, 5.763574472151629e-02, -1.349016658512181e-02, -1.986341132205207e-01, -1.345207432447424e-02, -2.578999517032899e-01, -2.236265467964280e-01, -2.073809353192849e-01, -7.892440258417698e-02, 2.724840253063876e+01, -1.334663592907024e+03, -2.039036396327411e+02, 5.799743996756264e+02, -5.340180172385594e+01, -6.749178701597087e+02, 3.903241325143514e+01, 1.545944063597970e+02, -2.341279838674931e+02, 4.482325082587290e+02, 3.315187084305771e+02, 3.464390484792200e+02, -1.593253724296399e+02, -1.717499912182413e+02, -6.558031152457834e+00, 1.200703939484903e+01, 5.374063529544358e+01, 8.770546294791707e+01, -6.978336491333923e+01, 5.607867907579725e+01, -5.658449320248219e+01, -1.189387431011898e+02, 3.003474622939947e+01, -5.057212649893180e+01, -7.260341911960128e+01, -5.209898768276096e+01, 1.206340300234481e+01, 4.979340176655474e+00, -8.155788770008943e+00, 1.271579805516157e+01, -3.886555644167177e+01, 2.809117542346176e+01, -2.641182209145703e+01, 1.386448334988332e+01, -2.960676410334072e+00, 1.011302102878832e+01, -2.542549619515758e+01, -2.147330968341316e+01, -4.312163023641636e+00, -2.398762564793171e+00, 6.081567004316899e+00, 6.386295525769389e+00, -5.568137371462059e+00, 3.370572207331264e+00, 1.263075945741258e+01, -2.498270421799548e+01, 2.293981054737363e+01, -1.877230788211116e+01, -2.064920089108083e+00, -5.846951874217045e+00, 7.995063077828399e+00, 8.138912084635344e+00, 4.487871594929965e+00, 1.835763041758289e+00, -2.765832229934312e+00, -2.772539832469339e+00, 1.888797626884345e+00, 2.634722865387972e+00, -1.767795299979517e+00, 2.170675022102837e+01, -8.011386764929385e+02, 4.976426844827613e+02, 3.763598082070703e+02, 2.239359694250275e+02, -5.237251457426052e+01, -3.492695435788909e+02, 2.316211810346375e+02, 4.424310109808537e+00, -1.973959256429591e+02, 1.567084876761263e+02, -2.779602288677994e+01, -1.630895638529948e+02, 8.881486261720684e+01, 1.324091606524889e+01, -8.271368084193038e+01, -1.605380538796371e+02, 9.078583353332084e+01, -1.111697564414202e+02, 3.468990505832605e+01, 4.136661834605183e+01, -9.563115521833526e+00, 2.181984714412460e+01, 2.293400060677344e+01, 2.309503657116435e+01, 6.563143359811491e+00, 2.183810521716318e+01, -2.001936522841083e+01, 4.044466271053899e+00, 2.897115374707280e-01, 5.222257848775205e+01, 3.915500332415367e+00, 7.011497727009458e+01, 2.239377916129471e+00, -2.117969526630763e+01, -2.254200195363837e+01, -1.834748582353452e+01, -4.513121248179323e-01, -2.129333787621094e+01, -1.241509508353776e+00, -2.579400401358251e+00, 5.845294322402241e+00, -6.987579255682195e-01, 5.608833798158770e+00, -1.763265801948626e+01, -1.336666584833052e+01, -2.936335568802434e+01, -1.830388049145896e+00, 4.760953217970675e+00, 1.351567255077811e+01, 9.396497727905764e+00, -3.904301724690962e+00, 7.738670678906687e+00, -2.200655483182104e+00, 1.801995969795453e+00, -1.015821665001935e+00, 2.057515202832901e-01, -1.256439934618792e-01, 1.108238180867705e+01, -6.681915397117156e-01, -1.030485499962599e+00, -2.004772152942701e+02, -2.413709096605662e+01, 3.151317327209871e+02, -5.868847213170898e+02, -1.660310187236184e+02, -5.466258459750346e+01, 1.275537051293531e+02, 2.173684126890701e+02, -2.179624784999342e+02, 6.188201295289233e+01, 9.571740055719305e+01, -7.840416564211640e+00, 1.570259830943996e+02, 2.434034832516187e+00, 1.382835650272432e+01, -4.274602893949081e+01, 1.306609301467520e+02, -1.265042422921490e+00, -4.138151753277382e+01, -1.401522901145513e+01, -2.790553595900581e+01, -8.212069506382825e+00, -2.839296833098857e+01, -1.149879261150102e+01, -9.479310490055855e+00, -1.975431270340115e+01, -4.162012923193507e+01, 1.826912786054045e+00, 7.523226811275141e+00, 1.035898836855806e+01, -3.854703632573842e+00, 7.128043211121172e-01, 1.093958257421889e+01, 4.957828579278189e+00, -3.936544864450891e-01, -1.548940516689371e+00, 1.594405206640763e+01, 1.588580306835121e+00, -1.023477921683016e+00, 7.513632925105103e+00, 1.027433041513801e+01, 8.884784581184898e-01, 2.323655162276137e+00, 4.883531687358504e+00, -1.267587915797028e+01, -4.479654989690659e-01, 1.395389189147592e+00, 5.569122527792685e-01, 9.664986455038749e-01, -4.593739111436856e+00, -7.347109003029177e+00, -2.317674094963814e+00, -1.009131403313324e+00, -9.598898045414245e-01, -2.260931109178966e+00, 2.002941566640142e-01, -2.034046190425725e+00, -1.818702193684338e+01, 1.566083225510572e+01, -2.335424338565758e-02, -1.917294335846016e+01, -1.772963679001034e+02, -9.698522336794854e+02, 7.835445185277938e+02, 5.149089302380037e+01, -8.786550170608524e+01, -4.207899163100695e+01, 2.965672793991124e+02, -4.055395173079084e+01, -1.114753956493222e+02, -4.618418251521045e+01, 1.013609248947807e+01, 5.944449525012146e+01, 6.534605077694711e+00, -3.125035315522831e+00, 3.493593578223305e+00, 1.422692041946961e+02, -1.619720790754507e+01, 2.968555333425073e+01, 7.568260544221323e+00, 1.197485241115086e+01, -3.595887057483252e+01, 2.691125080472762e+01, 1.124157461476050e+01, 9.532280148846507e+00, 4.318548233786068e+00, -4.291806164513019e+00, -4.258455970240051e+00, -1.489728738456951e+00, 1.237785768650753e+00, -2.292199603280311e+01, -2.040272834481305e+01, -4.663368021124742e+00, -2.279463207612434e+00, -6.268127788304607e-01, -3.025605503472423e+00, -7.348073831102532e+00, 4.691107213424706e+00, -1.364168863801111e+00, -2.644165488851272e+00, 6.389769272293517e-01, 1.359197957771147e+00, -1.492080693079310e+00, 2.938649725787468e-01, 8.328954109250791e+00, 5.162671231055725e+00, -5.375071858083816e+00, -3.361909679674385e+00, -5.753018679745564e-01, 3.277871683465436e+00, 1.507188327264067e+00, -5.038798134289311e-01, 1.933236772148753e+00, 2.729073616695349e+00, -1.116008985427500e+00, -1.154893534477264e+00, -8.515992361858367e-01, 1.511568606119309e+00, -2.748008879682818e+00, 3.377791712005959e+00, 6.125242491837529e+00, -4.293063773954691e+00, -1.217075671424102e+01, 2.422962609503904e+01, 2.739286407962997e+02, 1.779206327481347e+02, -1.087181139818856e+00, 2.690138898075579e+01, -1.630446676346440e+02, 5.196173491105695e+01, -5.799676499953863e+01, 3.633687505233386e+01, -4.116096572722556e-01, 3.328865177163235e+00, 6.456461238940922e+01, 1.372422100305015e+01, -3.952542750072131e+00, 4.622341499792199e+00, -1.546467434051940e+01, 2.480464761829668e+01, 7.426683238230241e+00, 2.390006602843955e+01, 3.702279795051526e+00, 1.935618505952175e+01, 6.094900428369969e+00, -4.931866985931782e+00, 5.503707579363927e+00, 5.742405186948478e+00, -5.995496298867343e+00, -6.486154283597357e+00, -2.756665172098862e+00, -6.445143587060911e-01, -7.160381223179358e+00, -4.477060971944023e+00, -9.996590089734925e+00, -7.864016516026961e+00, 3.875292859474026e-01, -1.223360391336253e+01, 1.224060112956444e+00, 3.727605462740310e-01, -1.179852478139662e+00, -1.331711879909625e+00, -1.530563266400025e-01, 2.007709364097761e+00, -1.789038310739129e+00, -1.319022594745284e+00, 5.778161150870248e+00, 2.980496199624435e+00, 1.233929358957340e+00, 1.858683176446118e+00, -1.527715707984087e+00, 2.874608856034308e+00, -2.606729940033135e+00, 6.050682260832176e-01, 1.363686419165237e+00, 6.477011642036929e-01, 2.573967721069770e-01, -7.738364228420525e-01, 3.345127349583100e-01, 1.675152816697694e+00, -3.996884551661671e+00, 2.669968664441044e+00, 2.414725917763130e+00, -5.925420899489088e+00, -8.032836876803118e-01, -3.632811135226463e+00, -6.382542909247662e+01, -2.621093453480808e+02, -4.324968947618739e+01, -2.099213244543771e+00, -5.363502813364957e+01, -6.835073432605513e+01, 1.173447070699865e+02, -3.168835070599692e+01, -6.838974029458944e+01, -7.940253714998802e+01, -8.406914966686041e+01, 5.334907579475845e+01, 2.943222430169254e+01, -1.999251081148712e+00, -1.155320830951344e+01, 3.314218981593721e+01, 3.873210450788763e+01, 2.968805061303281e+00, 1.417516660971714e+01, 1.484013325054100e+01, -1.277525812723940e+01, 6.500177025216274e+00, 1.075825506874533e+01, -1.854270062409213e-01, 9.864559311987643e+00, -4.485793622177411e-02, -3.204404209858354e-01, -1.049161026817101e+00, -7.731817977043702e-01, -1.461032345553017e+01, -7.325253241030848e-01, -4.090831696126867e+00, 1.164261536769307e+00, -5.766674342203328e+00, -7.863241177356056e-01, -2.779366894714105e-02, -5.123653259309971e-02, 4.051162071247218e+00, -6.976137528820460e-01, -1.525634594344118e+00, -8.551137394769712e-01, -4.840006572667971e-01, -1.340237078644233e-02, 1.166676638996223e+01, 1.932711588486407e+00, 1.776677466646847e+00, -2.755919806559139e+00, -6.605182327756658e-01, 4.861320987274727e-02, 4.599069596050565e-01, 2.274452239448770e-01, -6.875610086889701e-01, 4.063778504637213e-01, 4.777688600313297e-01, 1.484064093045411e-01, 1.928488851893283e-01, 3.672584519933861e-01, -1.260371214666971e+00, 7.119783043211751e-01, 2.658689492707790e+00, -3.457371996535150e+00, -2.660834779705625e+00, -6.645782912111871e-01, 3.704564001268917e+00, 3.712954214513800e+01, -2.448501831719657e+02, 2.231382437425549e+02, 2.455594624152311e+02, -9.164833589278542e+00, -7.400232023249980e+01, 5.009153128416958e+01, -9.264311677692677e+01, -3.669003208167232e+01, 1.481354536989519e+00, 7.784826600000785e+01, -4.448447285949177e+01, -3.048539864122257e+01, -1.825180087327437e+00, -4.891109031133339e+00, 3.782227035442310e+01, -3.604468756985484e+01, -1.020199808842859e+01, -1.683756285645496e+00, 9.244545670000393e+00, 2.740477427354844e-02, 1.676011416211638e+01, 4.369727675879757e+00, 1.009902594754790e+01, -6.399586495890954e+00, 5.818242457219258e+00, 1.525354546401924e+00, -1.592056205601703e+00, -7.111285714268639e-02, -6.439185819832995e+00, 1.398926003431769e+01, -2.211171979883193e+00, -2.438588808209353e+00, -1.984445059632602e+00, -5.749514428630944e-01, -1.509162471356121e+00, 6.967234219033318e-01, 8.506343123015253e-02, 2.051066785825474e+00, -7.310881847087053e-01, 1.971405147668430e-01, -8.565682971169424e-01, 3.992312283653787e-01, 3.970284339496316e+00, -3.580400026945343e+00, -1.427732069097899e+00, -6.328021165887557e-01, 8.858288263891562e-01, -8.644317202323042e-02, 5.536718447743245e-02, 6.337079519699000e-02, 4.007111737233354e-01, -1.016407595002561e+00, 4.020172281160714e-01, -4.144347691853267e-02, 2.336985917700531e-01, 5.354831503925731e-01, 8.311624009229194e-01, 2.765800994300893e+00, 5.835922185603613e+00, -2.756526816921479e+00, -8.402281126689171e-01, -3.439738921952148e-01, 2.954495266857544e-01, 3.115307361402884e+00, -6.114189904890425e+00, -2.188093183386812e+02, 2.142376226789263e+02, -3.421292827569613e+01, 3.754590633466625e+01, -2.970189362329764e+01, 1.734525868564823e+01, -3.649786748258664e+00, -2.097167324730812e+01, 3.779480658538350e+01, -2.079530777176647e+01, -1.454252847870540e+01, 1.041484673707243e-01, 2.531702665004202e-01, -1.110045552563069e+00, 3.472520768809911e+01, -2.495717291702995e+01, 8.145548098104365e+00, 2.633501646120179e-01, 2.073602158213706e+00, -8.132663982067156e+00, 8.479786148284918e+00, 1.148858142286333e+00, -1.822177615522307e+00, 3.001498962391700e+00, 3.685395882280780e+00, 1.688616246089675e+00, -8.003650286895971e-02, -1.101416364000372e-01, -1.294599312203388e+01, 9.893538431981389e+00, -7.528578311244950e+00, 2.383181100367883e-01, 2.727339934433237e+00, 3.830504840478528e-01, -2.663726576601700e+00, 5.042270856710689e-01, 5.074187803055447e-01, -2.906995895026875e-01, -2.513480869049752e-01, -4.102437250488672e-01, -7.452097225253067e-02, 3.423302344634647e-02, 9.393053477303033e+00, -3.478770244732945e+00, 2.769278752712494e+00, 3.895166588886904e-01, -1.751373002770371e+00, 2.174266802233772e-01, 1.009343719014090e+00, 2.401785091358072e-01, -6.208619666754502e-01, -5.043270712793241e-01, 3.026597019464624e-01, 1.770561272726708e-01, -4.745256265528397e-02, 5.963175251824850e-02, -5.629707377125618e+00, 6.754581780442489e+00, 4.815892224126933e+00, -9.299433287419370e-01, 5.150690914415522e-01, 5.323933019635055e-02, 2.388591672973401e-01, 4.159640836302290e-03, -3.408763843007563e+00, -7.653659779838716e+00, 2.485159707522687e+01, 3.120030818512995e+00, -6.051488174429750e+01, -5.796603194735822e+01, -5.994196574613856e+01, -1.944755681887337e+01, -3.411022550128674e+01, 2.318401029949045e+01, -1.048644927119188e+01, 2.249338069425265e+01, -1.418542008239070e+01, -2.421782012912484e+01, -1.470502136038004e+00, 6.863124451497112e+00, 3.173219365309532e+01, 3.411541216331348e+00, 1.336130335667007e+01, 6.688288379520999e+00, -1.221898557274682e+00, 2.381541013703572e-01, 8.266326520334855e+00, 3.081132990034885e+00, 7.497303572394928e+00, 4.981297497655659e+00, 9.161554735433842e-01, -5.872136223525390e-01, -9.747121501128017e-01, 1.677693669625230e+00, -9.597342403465060e+00, 3.387253415653238e+00, -8.784972273130215e-01, -2.336888376671327e+00, 1.167193103874559e+00, 6.685208067521282e-01, -5.564987794297408e-01, -1.147295113647238e+00, -1.316728856078343e+00, -2.687291141957080e+00, 1.675760799776224e-01, 6.556202289654617e-01, -8.452663727419081e-01, 2.789206076065538e-01, 2.095587874525914e+00, -9.678540457235308e-01, -1.172584744500526e+00, 5.431806316743293e-01, -5.390692776864908e-01, -4.996120128628012e-01, -2.856817814789924e-02, 2.756226929293499e-01, -4.370349860522800e-01, 1.884721440264089e-01, 4.691557985233981e-01, 4.410483672305397e-02, -2.371664314416005e-01, -4.164772123858397e-03, -2.899613168282036e+00, 2.374248222793295e-01, 3.756092023199101e+00, -2.388316375695307e+00, -5.634882729857941e-01, 2.760745999832963e-01, 3.931868948055494e-01, 3.542924233434899e-01, 3.340480660279673e-01, 6.260539784047840e+00, -3.123756971613317e+01, -4.170229776282162e+01, -8.530169668724906e+01, -6.251852061312343e+01, -7.718514792165888e+01, -7.904686719170101e+01, -5.147603005014330e+01, -5.580749295086227e+00, 1.418067495207191e+01, 7.897513892329633e+00, 6.430129601026652e+00, 9.559986746910948e+00, -2.631232112227299e+00, 9.044938236434960e-01, 3.787221545821924e-01, 2.326471964901963e+01, 4.158630277874206e+00, 9.301958104088820e+00, 8.104455312790042e+00, 7.196282989745866e-01, 4.890719539243799e+00, 1.939170274992897e+00, 4.781539240579936e+00, 4.119425804262242e+00, 2.972014177345293e+00, -4.826896030411469e+00, 3.198480827197197e-01, -6.700134921575041e-01, 2.131359909205112e+00, -9.398627857972313e+00, 6.426090965565176e+00, -1.440089830727362e+00, -2.100896821528007e+00, 1.373402196199989e+00, -1.259816693535083e+00, 9.201632024029256e-02, -1.301035684811702e+00, -9.920490839811628e-01, -5.700433904947640e-01, 9.747758956266476e-01, -1.216383555989609e-01, -5.815368543309748e-01, -8.207180406187414e-02, 3.050495158373280e+00, -4.288871793245128e+00, -8.964052520251745e-01, 6.705687707175720e-01, -9.711873882425087e-02, 4.216278936238853e-01, 3.144346041284414e-01, 3.581125794543650e-01, 1.245109626471570e-01, -5.407462949904279e-01, 2.734026057490187e-01, 1.416645783258622e-01, 8.072693440098085e-02, 2.696580434000875e-02, -1.682186259663861e+00, 3.610910595702605e+00, 1.597738343309172e+00, -2.346244463106665e+00, -1.334045699483433e-01, -3.275095276191797e-01, 4.857005854921351e-01, 8.197873665596433e-02, 3.094910075141048e-01, 2.945402599265881e-01, -4.159575879406428e+00, -2.670715340547477e+01, 6.989902144749598e+01, -2.808763364723941e+01, 2.265853259702146e+01, -2.998905961131562e+00, 7.055011346081754e+01, 1.056475901246698e+01, 1.359604343225760e+01, 2.194291320966550e+00, 3.536495982567362e+01, -1.449696898154575e+01, 1.624990273997696e+01, 3.084140203792756e+01, 1.447818961548109e-01, 2.719594072895327e+00, -1.732580653380187e+01, 1.283472357159841e+01, -9.412279459417370e+00, -2.656135794646971e+00, -7.892220546557470e+00, -9.080410556562166e-01, -6.996808407497237e+00, -1.750502824555880e+00, -7.369157718697374e+00, 4.352133322501091e+00, -2.241339890231595e+00, -5.037682261117065e+00, 1.005250736273660e+00, -7.030547904136513e-01, 3.747635055211920e+00, -6.577005521096401e+00, 3.607061858174257e+00, 1.301134773061809e+00, 4.805471078487062e-01, 4.032075098013033e-01, 2.439117426607841e+00, 3.129883256026918e-01, 8.575832957023333e-01, -1.335943667667218e+00, -2.212059239204493e-02, 6.329376040131610e-01, 6.465133459673164e-01, -4.271328682010490e-01, -6.607431745042651e-01, 3.594491564637037e+00, -9.827597877406853e-01, -8.286153462595433e-02, 4.114154030935938e-01, 7.902559941422407e-02, -9.907819823219043e-01, 2.388520808259033e-01, -2.704214212738187e-02, 7.225072645530781e-01, -1.294711996260725e-01, 7.317973522249380e-03, -1.528862501004966e-01, 2.888708435290709e-01, 1.771856341237602e+00, -2.202371189532815e+00, 3.043005957497411e-01, 8.017293323133262e-01, -8.566382275702192e-02, 2.021071635353586e-02, 1.547524427717209e-01, 7.179121949783519e-02, -3.774418030437550e-01, -5.347789074359717e-01, -5.846707024475936e-02, -4.524993323209039e+00, -8.297624650336896e+00, 4.429241225055549e+01, -2.348722558670446e+00, 4.865320655526958e+01, 1.099154348085795e+01, 3.133776366834126e+01, -1.266042449417975e+01, 1.527549540179810e+01, -9.435012954262467e+00, 5.130257213362359e+01, 2.361337847062107e+00, -9.848511435799868e+00, 5.013152606144119e-01, -4.541442071714127e-01, 3.590622253220310e+00, -2.825962331220402e+00, 7.010554984124404e+00, -5.299504067965744e+00, -4.554999431113173e-01, -1.956542087817449e+00, 3.979266055784287e-01, -3.685061891371083e+00, -1.364815403540756e+00, -3.799579261667636e+00, -1.800822964708662e+00, 3.151943641750984e+00, 2.529239771180721e-01, 2.282533887602953e-02, -9.958405913500443e-01, 1.075333491590531e+00, -2.720970748924710e+00, -1.597064553132997e-01, 9.630625752080252e-02, 6.557003931693798e-01, 9.150084890890111e-01, 1.272933721087527e+00, 2.140292265895898e-01, -6.793054101179512e-01, 5.999461706324068e-01, -8.044127705979884e-01, -1.947401812113839e-01, 4.617307295684561e-02, 1.917113597898381e-01, -2.532714192124512e-01, 6.114417274166598e-01, 7.890661540122070e-01, 2.511371354808618e-01, -1.600938615120314e-01, -2.419290707517322e-01, -8.369609813663214e-01, -1.407309720646873e-01, 3.682101842630666e-01, -1.797833942041432e-01, 1.182506680221671e-01, 1.529962547890024e-01, -1.652484247026217e-01, 4.380371572401499e-02, 2.274115774547584e+00, -2.369534431489957e-01, 6.481573750923660e-01, 1.631809444959982e-01, 3.014160194204211e-01, 1.282222636874244e-01, 4.218773902563865e-01, -5.220979846656504e-02, -4.181287706224242e-02, -1.841112065507019e-02, -2.464773262924690e-01, -1.641440088415820e-01, -1.389464045674144e+00, -1.937499722716959e+01, 4.751484898232334e+01, -1.238363453420227e+01, 2.025885796855687e+01, -2.041132565456082e+01, -1.042396797583374e+01, -2.538549192826258e+01, -1.132455066448241e+01, 1.621739933268121e+01, -1.460119580493568e+01, 1.565356962523164e+00, 1.142363477217854e+01, 1.683894807675107e+01, 2.065411290140756e-01, -2.779235163652344e+00, -2.835623783034997e+01, 6.994331934758844e+00, -1.495021207480536e+00, 1.497202321056953e-01, 2.599794218987279e+00, -1.540844828940219e+00, -2.594705966610983e-01, 1.019014330776922e+00, 2.296265279237744e+00, 5.216187759679644e+00, -4.012925222986374e+00, -6.830527964918371e-01, 4.085773340043673e-01, -1.591571524927448e-01, 2.283043987024421e+00, -1.358701220484628e+00, -1.115104220585311e-01, 2.509606369235007e-01, 1.624018360475847e+00, -3.314512023290274e-01, 1.438383418175275e+00, -6.265466583160534e-01, 2.048676131823810e+00, 1.479997085137602e+00, -5.811352564792481e-01, -6.036884997961952e-01, 3.282492551977678e-01, 5.652960060477728e-02, 7.175339228853884e+00, 2.325932562172520e+00, 8.505016823594809e-01, -8.487510334917232e-02, 6.398665098355275e-01, -4.383091333321410e-01, -3.264189629624411e-01, -2.619715573089543e-01, 1.267653265731316e+00, 8.103985937865443e-01, -3.583546889697338e-01, 3.692754145031404e-02, 1.349274278393446e-01, -8.649129120979081e-02, -1.471996354533816e+01, 1.761856363931936e+00, 4.138632672122302e+00, 2.158999152206219e-01, 8.122709179634062e-01, -1.435084450344997e-01, -9.200844029446180e-02, -9.818283102770019e-02, -3.659874400305972e-01, -1.547661101624603e-01, -1.078414629496135e-01, -3.021829147814016e-02, 1.653457171027010e-01, -1.561186470263187e-01, -1.296875677528965e+01, 8.333375533065797e+01, -6.083123596206131e+01, 5.160005304346837e+00, -4.069079376431403e+00, 4.237623820171156e+00, 2.168161788735575e+01, 3.560331988651722e+00, -1.840147944297792e+00, 1.560154265213627e+01, 1.516940635611206e+00, -4.500538416238589e+00, -1.012712724426905e+00, 9.839444834689737e-02, 1.478250840338304e+00, -7.419669441346651e+00, 6.199089950373863e+00, 3.520173350579131e+00, -5.484703104381417e-01, 2.591228972728639e-01, 2.792748541011051e-01, 2.600294382535149e-01, 6.108073854384699e-01, -4.960247323984705e-01, -1.906011420128712e-01, -2.051804218065782e-01, -6.522149121940488e-01, 1.022738413963534e-01, 3.473713642639792e-01, 4.088699314641105e+00, -2.104323391622140e+00, 7.733603427811109e-01, -3.361451031741486e-01, 1.022316099644099e-02, 3.567158456218441e-01, 7.431625667669586e-01, 1.819334470331060e-01, -9.857774787634089e-01, -7.842816182287791e-01, 1.866252053561348e-01, 2.119211899684298e-01, 5.318278289612827e-02, 1.031983026269807e-01, -2.795143026836007e+00, 3.232865245493601e+00, -7.245791944825515e-01, -3.646336078741594e-01, -7.926935984374999e-01, 2.050677841371089e-01, -7.544482145115551e-02, 4.577694447022331e-02, 8.090411422544747e-02, -8.145165018345457e-02, 2.876550108340289e-01, 9.340634748071373e-02, -2.791146574165182e-02, -7.113039690952097e-03, 2.379271145372693e+00, -2.221535616425850e+00, -1.986920709588414e+00, 2.350061063072914e-01, 4.830908505031372e-01, -4.402939779986157e-03, 4.195599347695373e-01, 1.669269658072542e-01, 8.750518081408871e-02, -3.938063096627682e-02, -3.502434949236321e-02, 4.412292447016107e-02, -5.857050441637734e-05, -1.709002850299936e-02, 4.211956486503082e+01, 5.259015638485026e+02, 8.367674819776364e+01, 8.794653819286383e+01, 1.022005923010080e+02, 9.993558370912666e+01, -1.439829233404849e+02, 2.780091717574687e+02, -7.477091737575029e+01, 1.958247566813947e+02, 1.144430303975530e+02, 2.456843904772310e+01, -9.004500097947823e+01, 1.450364239316033e+02, 7.069773411820607e+00, -4.820374407900660e+01, 4.146853682102305e+01, 3.055796676535160e+01, 2.666556190587362e+01, -2.219224165394028e+01, -1.701574574959852e+01, -2.341866317048175e+01, 4.107102541497584e+01, -1.283056915373090e-01, 5.026305856692881e+00, 5.400141235385948e+00, 2.060534117807825e+01, -1.500313830523131e+01, -2.466021458933862e+00, -1.668281791594494e+01, 4.964502422824998e+00, -2.248739111828939e+01, 6.939701529348573e+00, -3.458218297355979e+00, 1.020893951510124e+01, 7.855128558272657e-02, -9.093671712562205e+00, 4.961584057461663e+00, 7.193846228370951e+00, 4.818060204866441e+00, -9.345594572749599e+00, -1.910711246827114e+00, -8.121801155640016e+00, 9.597249823892582e+00, 3.326712314562450e+00, 1.341529826705282e+01, 1.313283917410403e+00, 7.388432633231165e-02, -3.128302717426634e+00, 3.256064655321294e+00, 4.339865865963559e+00, -9.683734708856796e-01, -2.371676472409546e+00, -1.349012076201048e+00, 2.627117710812749e+00, 1.388287764694611e+00, -8.190411215708439e+00, 1.967174816308934e+00, -4.176877713198793e+00, -1.232088622780295e+01, 3.150294900454837e+00, 4.158504083958935e+00, 1.743491666921840e+00, -2.865810225822554e+00, -5.552111942315405e+00, -7.103861463541142e-01, -1.972888310831108e-01, -4.409341076061382e-01, -5.201628965521561e-01, -9.527325825313336e-01, 4.139104199626759e+00, -6.122658200321743e-01, 5.637014306049472e-01, 1.313749391099770e+01, 1.463403808931937e+02, -1.017497987215674e+02, -1.917990518588966e+02, 1.201981777860656e+02, 1.307409660372359e+02, 7.547136461833141e+01, -3.959436274253569e+01, -1.496110678051382e+00, -3.321298341021024e+01, 3.254444292721172e+00, 5.559460907178474e+01, -7.513124352616485e+00, -8.335926739116992e+01, 6.147070987496980e+00, 1.040738319344245e+00, -1.391496741035832e+01, 1.387564994247737e+01, -3.819793470897926e+01, 6.080658268088817e+00, -1.185149626353812e+00, -2.879029746788150e+01, 2.083376368351705e+00, -1.346271910463319e+01, -3.750631742357241e+01, -2.014516162089494e+01, 1.564107061669540e+01, 2.253643775290035e+01, 1.233096339464066e+00, -1.249238983761015e+01, 1.147055431926738e+01, -1.191729138177726e+01, -4.900881796341370e+00, -3.426758719813634e+00, -2.097617959815115e+00, 1.025059015350378e+01, -6.896550149165037e+00, -7.058122847449023e-01, 1.495412105390716e+01, 5.942838123806426e+00, -7.415640292733462e+00, -6.771371931672332e+00, -8.407674131964725e-01, -2.971188725127106e-01, -3.884014738103632e+00, 1.156639634460947e+01, 9.554507190529435e+00, -9.568457317819232e-01, 2.484614825910844e+00, -2.825857407863779e+00, 2.103562437225744e+00, 1.829256801953649e+00, -6.291950576737904e+00, -1.926779476937569e+00, 3.297854420943008e+00, 2.308118421033872e+00, 2.973117308740727e+00, 2.186419740845964e+00, -9.467954465533502e+00, -2.905163205225801e-01, -3.759588693345674e+00, 1.670205615669020e-01, -3.273287051222963e+00, -2.072472243656318e+00, -2.816877088438901e+00, -3.122160052758559e+00, 8.395208101459593e-01, 1.045771457431040e-01, -8.596539352291033e-01, -3.935904295679230e-01, 1.384736983808228e+00, -1.318577004899089e+00, 2.313640820336086e+00, -4.770407191221563e-01, 8.325596406508279e+00, 1.497476785323251e+02, 6.495414246719665e+01, -2.047744259985926e+02, 5.310948681580553e+00, 1.792762144190098e+02, 1.293195476607085e+01, -5.883388273787701e+01, -1.182346341383101e+02, 1.060855993106801e+02, 2.038666413759832e+01, -5.245879990211932e+01, 2.950931936891133e+01, 4.243215267900048e+01, 5.970165626783765e+00, -3.037446419663836e+01, -6.044961087198913e+01, 3.630699421852374e+01, -4.060665748603530e+00, -6.145654032557717e+00, -1.400613269096794e+01, 4.681098601125233e+00, -4.882525039442582e+00, -1.443239779647279e+01, -5.033247142750144e+00, 7.035858946107629e+00, 1.712006141753543e+00, -4.324456531330014e+00, 3.280607119144851e+00, -7.052796211856073e+00, 2.777951711630262e+01, -2.460302828247210e+01, 1.937492852810360e+00, -7.136336276316803e-01, 6.474888840091139e+00, 1.691240601941214e+00, 5.990556146714353e+00, -4.126633588272045e-01, 1.322060838359696e+00, -6.160266300767508e-01, -1.413465160538041e+00, -5.124761726405068e-01, 6.347494819465994e-01, 9.305119263738391e-01, -9.728150097332037e+00, 1.627177063906446e+01, 3.035416040495350e+00, -2.685645675606790e+00, -3.488843919747985e+00, -1.716674964512712e-01, -2.474634366367238e-01, 1.935160039765002e+00, 8.916640220690698e-01, 7.674143907551260e-01, 1.620247857565370e-01, 5.131984841430159e-01, -3.042982841490395e+00, 1.915720394017490e+00, 4.523197862538484e+00, -8.780115560951108e+00, -3.922518667539320e+00, -1.594013205095618e-01, 1.674977936594491e+00, -6.444183653179280e-01, -2.898888374990112e-01, -2.087330716573140e+00, -1.812988662005286e+00, -8.795823248875982e-01, 2.348991992590292e-01, -4.298624433125918e-01, -6.599988465504896e-01, 7.957164764277523e-01, 2.950544245523206e-01, 4.135372493998446e-01, 1.033182952068116e+00, -1.677865208261223e+00, 3.973236848934283e+01, -4.526629671126297e+01, 1.979765442641153e+01, 1.055767625432086e+02, 4.111027279411719e+01, -6.777521404578685e+01, 2.190013577710456e+01, -5.677577688916288e+01, 1.271896287526233e+02, -2.576058185245621e+01, -2.829934241478900e+01, -2.791762994267705e+01, 4.552544711511949e+00, -6.386530692537141e-01, 1.332397764776041e+01, -1.331805496632237e-01, -6.179070465174747e+00, -5.448859795186193e+00, -2.409537082350651e+00, 1.774220711043928e+01, -2.799934976795618e+00, 5.452056165352372e+00, -1.061535217425953e+01, 1.658861472131905e+01, 7.955017053866731e+00, 1.601102194979448e+00, 2.644616458423919e+00, -1.132037266194158e+00, 5.297755301980308e-01, -4.469247666198176e-01, -4.600587796707795e+00, -2.707302732903279e+00, 1.823791848573055e-01, -6.035669981727303e+00, 2.050014762128676e+00, 3.465537828840878e-01, -1.775458372256842e+00, -6.210142816688617e+00, -1.274768668211678e+00, -3.616335672850138e-01, -1.553051151744303e+00, -1.341800685850181e+00, -3.246138892616262e-01, -2.040686299476992e+00, 4.519673920823981e-01, -1.411163587052367e+00, 2.402699785124499e+00, 2.382459074548683e+00, -1.248040443999686e+00, -1.061061848057111e+00, 2.814375746022945e-01, 8.468430126040570e-01, -5.789562369875021e-01, 5.903476590578846e-01, 9.715344388072311e-01, -5.859300895165479e-01, 3.401984988666687e-01, 6.824422657736308e+00, 1.553292589728771e+00, -9.927931886446533e-01, 4.106994354529903e+00, 1.497490128526241e+00, 1.962583781485426e+00, 1.113320577458734e+00, 6.085210398205850e-01, 6.478933774388965e-01, 9.911379889571097e-01, -5.922367864198144e-01, -3.394851943025317e-01, 8.324202243671232e-01, -1.457276654059340e-01, -4.170831127051469e+00, 4.323819690868634e-01, 1.412308644707708e+00, -1.858886041350754e+00, -2.371951965335997e+00, 3.711003091902628e+01, -6.352289587101017e+01, -6.475001394679732e+01, -5.027825170043847e+00, -9.392670711020715e+01, 4.149113769267628e+01, -7.098488927116829e+01, 8.539586382884549e+01, 2.648483888445589e+01, -9.407406475182253e+00, -3.615550345940951e+01, 8.987258472885376e+00, 4.868725432022470e+00, 6.190733786557758e-01, -9.709832935532788e-01, -5.596828369870387e+00, 1.367713229472993e+01, 1.828637840100772e+01, 1.267667605621393e+01, 2.273424832910044e+00, 1.440527028524748e+01, -5.172422770912608e+00, -5.332090293563559e+00, 3.747367677966228e+00, 5.982677874603179e+00, -2.748170261128634e+00, 3.493258716393886e+00, 9.082031324120841e-02, 1.835246334787907e+00, 8.123293002866506e+00, -7.580240390406058e+00, -6.150123200961416e+00, -1.762383425384763e+00, -9.324269933424481e-01, -1.190799724474621e+00, -2.155105273716825e+00, 1.024345491308313e+00, -2.127429945589066e+00, -2.195004653342127e+00, 8.620656699192234e-01, -1.542263691882513e+00, -3.962757790709575e-01, -2.717941414016342e-01, -5.771148911012069e+00, 4.135757787850858e+00, 3.651538100330550e+00, 2.916637092306292e-02, -9.662526190055011e-02, -8.489050683547441e-01, 1.093634932658528e+00, -4.015680666452733e-01, 1.812389988537961e-01, 7.461202535508396e-01, -4.159792164985053e-01, 4.831695927536976e-01, -6.157210235982259e-01, 4.309857402731657e-01, 3.679397094207264e+00, -2.145067706841828e+00, -2.131110055987715e+00, 1.779117807700740e+00, 9.742358032951838e-01, 1.105089652550807e+00, -1.645956378177677e-01, 3.970446063165976e-02, -1.056081687123529e-01, -5.726035103168189e-01, 5.960253889491061e-02, -2.005572232372678e-01, -9.500266205879324e-01, 4.314780425783231e-01, -1.693213731991625e+00, 6.878839620179147e-01, -3.028676531779319e-02, -1.124742179792637e+00, -4.337830700467894e-01, 9.010456975407649e+00, 3.682636189812075e+01, -7.985553280422778e+01, 9.054454213425899e+01, -1.523411112311551e+01, 1.786768529066542e+01, -1.960145782750317e+01, 3.082443879907353e+01, 3.526726330828522e+01, 4.756200054467760e+00, 1.349459820831128e+01, -1.170616819256841e+01, 3.808430880508028e+00, 2.788636348972452e+01, 1.225177413318957e+00, -6.170770647433246e+00, 1.676147393383899e+01, 5.415361488904709e+00, 1.072709447762020e+01, -1.998101476437282e+00, 1.152605426326698e+01, -5.401221779711424e+00, -1.242880333048496e-01, -1.411361703995099e-01, 2.805572756826274e+00, 2.298913246696668e+00, -5.013047215577244e+00, -4.787834371872975e+00, 5.718005983832658e-03, -5.194744875386456e-01, -3.349909523832797e+00, -1.201267377487090e+01, -3.853172290354178e-01, -1.495202913067862e+00, -5.573426681053911e+00, -8.037309840754682e-01, -3.000074207554410e+00, -1.500511162709510e+00, -1.181544993133848e+00, 2.612164337994086e-01, 1.085047661843874e+00, 2.442838467734721e-01, 2.897154225574279e-02, 2.788210365233321e-02, -4.089226485700463e-01, 5.417532845482178e+00, -1.942105716535484e-01, 1.493819293773858e+00, 1.982049979296487e+00, -4.170794886536286e-02, 3.901382998891215e-01, 5.632366916747530e-02, -3.823609935223242e-01, -4.896350078686591e-01, -2.177762950237986e-01, 2.211337638623215e-01, 5.361569697237599e-01, -2.978032639194062e-02, 9.871406696605053e-01, -2.805166909026612e+00, -8.819191677665017e-02, 1.359962383871486e-01, 2.820069338505442e-02, -2.761892112498509e-01, -6.424190607085245e-01, -2.687998004274656e-01, -9.365338618388253e-02, 1.639532570134531e-01, -1.505941442317865e-01, -2.743440256994849e-01, -7.957243164185102e-02, 5.841041377851791e-02, -7.780613217868890e-01, 1.064977346935521e+00, -2.482589966547161e-01, -6.801045683818764e-01, -1.216597414416862e-01, 3.704718836580926e-01, 7.049516856247529e+00, -3.295415118083519e+01, -6.586703286480319e+01, 3.915569676621328e+01, -4.341820351490508e+00, -2.155256063665990e+01, 2.924288902708366e+01, 2.895078115602520e+01, -3.994008915457313e+01, 8.191006883497172e+00, 4.660701273587442e+00, -1.357386962931542e+01, -2.039228442350920e+01, 4.375111459196672e+00, 5.107504337886594e-01, 4.471958568784777e-01, 1.983715705828213e+01, 3.253966151926230e+00, -1.441698328888163e+01, 8.608068015909966e+00, -7.201630879500121e+00, -1.786652130493299e+00, 3.125570542289400e+00, -3.619909486863074e+00, -6.384861627483581e+00, -1.149416592303474e+00, 4.839376972383812e+00, 8.528975679540547e-01, -4.469983628018801e-01, 6.809596167018153e-01, -1.382900443948177e+01, -7.715833645071842e+00, 5.930547712480704e+00, 9.411130373722701e-03, 1.745856193411252e+00, -2.205709900286660e+00, -1.083245646318645e+00, -9.124511559825688e-01, 1.706989931585510e+00, -1.229724996393870e-01, -7.985830565586345e-01, -1.429018160609985e-01, -3.047132865192538e-01, -1.071456663120933e-01, 6.448012792120468e+00, 3.165312454497772e+00, -3.726884230817448e-01, -1.127995560900074e+00, -1.148235408364287e+00, 5.999582972385629e-01, -7.971846063875083e-02, 5.772321886556042e-01, -7.325721108712107e-01, 5.734343731673055e-01, -1.842530798005810e-01, -2.141289386199060e-01, 3.771372723513504e-01, -3.052057186379119e-03, -5.651961206428497e+00, -2.296490889064175e+00, 5.917116955901632e-01, 5.439911677639976e-01, 5.606703953993329e-01, -1.236079884581095e+00, -8.492724942176137e-01, -7.227758753749205e-01, -2.139510921678102e-01, -5.301672227857753e-01, 1.238327395632041e-01, -3.654883877092162e-02, -8.546063651366080e-02, -1.846169902900066e-01, 1.547735407821985e+00, 1.277084840972964e+00, -9.985595768159595e-01, 5.266152409311060e-02, 1.948001094842955e-01, 1.058276376587062e+00, 4.058250002009388e-01, 3.737759432089380e+00, 2.676271386004809e+01, -8.331254689457948e+01, 9.117579905133074e+01, -8.153516984850610e+01, -1.037590663431315e+01, 1.128571055050304e+01, -2.442054278645979e+01, -4.998250526961218e+01, 1.009123476564973e+01, 1.001638223317070e+01, -2.136494918749417e+01, 1.179698065151867e+01, 1.742732369027735e+01, 6.618837954224445e-01, -1.767209884520172e+00, -1.636017601452395e+01, -1.836477469894517e+01, 7.034861325433389e+00, -4.938043490582268e-01, -2.616049175379112e+00, -6.319481629668352e-01, 6.955734546031263e+00, 6.717849725262522e-01, -6.689484569482194e-01, 3.804119690227177e+00, -4.597729705804815e-01, -1.850230193022499e+00, 7.455212431689613e-02, 2.025213458001204e-01, 1.167682303493806e+01, 1.750667525107162e+00, 2.490786809627515e+00, -1.099072278920454e-01, -1.155563938592816e+00, 8.036080317877365e-01, -8.972320020633323e-01, -2.399101727295400e-01, 4.365402805513235e-01, -4.614477392795754e-02, -9.550654219531749e-01, 9.545554385329591e-02, -4.760325231992330e-02, 1.111327784274992e-01, -4.224433569757703e+00, -9.108894566079376e-01, -9.693698065724606e-01, 3.443652919871617e-01, 1.105187045829974e+00, -3.030790342098144e-01, 4.095781085654754e-01, -1.168989848044238e-01, -2.487311954751601e-01, 5.480739841584130e-02, 3.262725754806841e-01, -6.635428064173203e-02, -4.892799714752354e-02, -1.901609370840593e-01, 1.505344976915774e+00, -3.188672415024575e-01, -3.544039861750618e-01, -3.778225688189232e-01, -7.037596419383868e-01, -4.754622184385462e-01, -5.367169560719820e-01, -7.402421713901773e-02, -1.037694027243105e-01, -3.773233397116059e-03, -2.429245672551024e-01, 3.785632076343088e-02, 1.930968547966849e-01, 5.921142256587481e-02, -5.776178700492932e-01, 1.189190868918322e+00, 3.518362715090127e-01, -4.851368679043182e-02, 9.211004681038298e-02, 4.878713917757591e-01, 2.898705839652150e-01, 6.955182176036183e-02, 2.211950975891320e+00, -7.175076706604179e+01, -1.249689123849351e+02, 2.702859844545923e+00, 1.235996647876729e+01, -2.752168582522063e+01, 2.382176830012258e+01, -2.161003311662417e+01, 1.837272955928788e+01, 3.976929198179864e+00, -3.807793792055412e+00, -1.868617590782604e+01, 1.940761705673889e+01, 1.756806865544160e+01, 8.492477294663481e-01, -2.729909847139603e+00, 1.448112278874402e+01, -2.655962080408234e+00, 5.109755609535825e+00, -3.228138461166782e+00, -3.074759270981449e+00, 3.849729997548070e+00, -1.072414193840549e+00, -1.174229798617749e-01, 2.540929296082741e+00, 5.480123912137174e-01, -3.804591742067982e+00, 1.327136899063213e+00, 3.114840681028980e-01, 6.886919075427386e-01, -1.143202483354534e+00, 1.709754147198404e+00, -2.068672033284468e+00, 5.873718521709624e-01, -1.294116641449462e+00, -1.588363480343485e+00, -7.789524904570457e-01, 4.238008702322468e-01, -1.631396998054418e-01, 6.856533065809849e-01, 6.549414610256737e-01, -1.046312874707839e+00, 7.959858238564770e-02, -7.028746581519609e-01, 3.074385402969338e-01, -7.980855356180140e-01, 1.747469888321336e+00, -8.520115594051053e-01, -3.402191259280483e-02, -5.690603226795430e-02, 9.245419384051001e-02, -5.394017882937681e-01, -1.997868943688217e-01, -9.050049219228604e-02, -3.061811213128627e-01, 2.316689278669296e-01, 3.220693365481154e-01, 3.964832874174307e-01, 7.589759474921693e-01, -2.356002975422547e-01, -1.237673509386507e+00, 3.993640042627651e-01, -4.062070472285678e-01, -3.707702256541858e-01, -3.824185558050321e-01, 2.162175119284351e-02, -2.095110969919777e-01, -2.455341987998358e-01, 3.671127594471357e-01, -8.165939867061005e-02, -5.282557928960750e-01, -2.549953505325674e-02, -2.873843467895815e-01, 4.484475464193344e-01, 1.703780935926204e-01, 2.318799180984693e-01, 5.489076351899512e-01, 4.825672136385804e-01, 3.316489797910979e-01, 1.636151810354858e-01, 1.207803462950588e-01, 1.270937999113330e+00, -3.196238217566581e+01, -4.174455182355113e+01, 5.083669371333887e+01, -4.066902790799418e+01, -1.929297507376153e+01, -5.863458018062431e+00, -3.804882237954057e+01, 3.176466215481807e+00, -3.474521588033288e+00, 1.816113215622504e+01, 4.043535809043963e+00, -6.663303414106948e+00, 8.413217383506465e+00, 6.851932505816036e-02, -7.570817548936346e-01, -3.702357127569092e+00, -1.290976212332745e+01, 1.384883126248030e+01, 1.203118280584023e+00, -8.700098264479966e-01, 3.629292761756748e+00, -3.115934551171696e+00, 8.264146456252593e-01, 2.423044829299532e-01, 4.012284109288417e-02, 1.394721946137321e+00, -5.315776794120978e-01, -4.309249329402290e-01, -5.463712446679941e-02, 4.080424789528134e+00, 3.537886843261130e+00, -2.930894188644307e+00, -1.360178693063907e+00, -6.929746339928442e-01, -7.440698774137251e-01, 9.691917323533690e-01, 3.096696396221469e-01, -4.814393640730343e-02, 4.650771981783189e-01, -4.866266213908256e-01, -8.787805590557705e-02, -3.312997368350127e-01, 1.281444164718986e-01, -1.299025252525500e+00, -4.559996638694516e-01, 1.211755099980559e+00, 2.066666218570482e-01, -2.551834945446642e-01, -6.609637254616214e-02, -4.388673337504785e-01, -2.543958767928277e-01, -6.635273290106850e-02, 4.350573441373983e-02, 2.354335344489668e-02, -3.789181844625832e-02, -9.316325066576796e-02, 1.459231925995837e-01, 8.523189932084239e-01, -4.200525062475423e-01, -1.692770432364899e-01, 7.065217698179108e-02, -1.481841642596116e-01, -7.212815864497682e-02, 5.538289637433785e-02, 1.374285580586702e-01, -1.048258087681350e-01, -4.304227531298540e-02, 1.920548993891057e-01, 2.083141547398275e-02, -2.195241127728265e-01, 4.954697603049682e-02, 1.672399012877606e-03, -1.397297248752160e-01, -8.450178080678196e-02, -3.837043689356024e-02, 3.558491471856832e-01, 8.029423906362054e-02, 3.607868693727400e-02, -7.377199793523620e-02, 7.817344796583431e-02, -6.956029708189955e-02, -5.305195171974946e+00, -2.703373616755455e-01, 5.087914584808817e+01, -5.992102609464239e+01, 7.274164708317325e+00, 2.898080525515939e+01, 8.886247032110775e+00, 3.046503495062269e+01, -1.238614164506695e+01, -6.157869985354492e+00, -1.421519706171721e+01, -2.722400962878843e+01, 2.014364235337714e+00, -1.047633991409825e+01, -7.981749221949120e-01, 3.739914365536837e-02, -1.386294554271709e+01, 6.437250279692472e+00, -7.091371216219265e+00, 5.916109409732182e-01, -1.170901086161279e+00, -6.840614485675463e+00, 2.294002296843252e+00, -2.902910721450062e+00, -4.103293866352939e+00, 1.124814503175146e+00, 1.319103166559919e+00, 7.587093104451056e-01, 3.157711859684685e-01, -1.119033735781969e-01, 2.204227186967708e+00, -1.036230051583797e+00, 3.901047617433415e-01, 3.936690047880950e-01, 7.431332319938396e-01, 1.429486431133640e+00, -1.478021599285618e+00, 3.288782966836894e-01, 1.137795822943714e+00, -5.065513481018828e-02, -1.165932777122264e-01, 3.145112169704014e-01, 3.399446098738544e-01, 7.089175563777055e-03, -6.312957053471430e-01, 2.913711585889062e-02, 5.383678355054533e-01, -4.394874739371635e-01, -3.447733681181790e-01, -4.195029364044099e-01, 5.989211885819672e-01, -7.509825715725738e-02, -2.027905405126245e-01, -8.878543609857995e-02, -3.644248164542424e-03, -2.221138384546406e-01, -2.564858817333856e-02, -1.313050530993762e-01, -2.121054842685113e-01, 3.240988279817176e-01, -5.197562586692916e-01, 3.346049140680616e-01, 1.041798890069847e-01, 7.234256364155403e-02, -2.890972000679454e-01, -1.118357743061792e-01, 1.632446086463999e-01, 1.764472337778590e-01, 2.017402498783131e-02, 1.789163502783105e-01, 2.017012418047444e-01, -6.483872949198116e-02, 9.724227718340382e-02, -4.915045659930510e-03, 5.875490177542287e-02, -6.382327087862100e-02, 7.866235609483918e-02, 1.161510148588173e-01, 9.573957201778077e-02, 1.100753004940919e-01, -1.685798673079097e-01, -9.972723988903119e-02, 2.707573293708157e-02, 8.735984042137305e-01, 2.370228514389146e+01, 9.391592776156143e+01, -3.113278152271355e+01, -1.054794234735876e+00, -1.735322631526592e+01, 3.686758483964665e+01, 2.883438728681250e+01, 1.435262766765711e+01, 6.200085024193061e+00, -2.074342296061203e+01, 1.564690200093031e+00, 1.108888436210046e+01, 3.321573546093167e+00, 6.912179016054872e-01, 8.770010204703317e-02, -1.339309822953849e+01, 1.113603303965274e+01, -1.401632630370093e+00, 4.498660532494931e+00, -5.057092869379434e+00, -1.295413373965862e+00, 1.471829428771465e+00, 4.788847689848406e-01, -1.048986452230407e-01, -1.425341368818083e-01, -6.592280032579031e-01, -1.427862667996098e-01, 4.064937773198075e-01, -5.744397938594751e-01, 1.441034303152529e+00, -2.848796586168918e+00, 9.830856348238970e-01, -6.063248824075239e-01, 4.720534183742292e-01, -3.619148222803915e-01, -1.087935233500896e+00, 1.748534234034176e-01, 9.961583514329954e-01, 1.383803168972796e-01, -2.431170638169891e-01, -1.068781066197168e-01, 2.945503116226405e-01, 6.698769419289419e-02, -2.167880137826464e-01, 8.304025682368682e-01, -5.990500846081762e-01, 3.288037184701211e-02, 9.885475029363361e-02, 2.237403868544884e-01, 4.976669569367887e-01, -7.296285215320644e-02, -3.776238737455986e-01, -7.800610068301221e-02, 1.131303605932010e-01, 1.642468097265819e-02, 9.860239072054293e-02, -5.162408463376872e-02, -7.888591329870676e-01, -1.956295752942671e-01, -1.898591277018950e-01, 4.949607323110503e-01, 3.802799894419712e-02, 2.093177667141942e-02, -2.697439690918465e-01, 1.304522313573024e-01, 6.746408089193801e-02, 2.517000383810205e-02, 1.464833102964852e-02, 1.299326807042812e-01, 2.199677652313477e-02, -6.730671203733329e-02, 4.136655604540846e-01, -2.173912790007708e-02, 2.144012814813179e-01, -2.144534521111189e-01, 1.875524216579990e-02, 7.090420657892266e-02, 1.540841382714471e-01, -3.356968425247697e-02, 6.856043759888134e-02, 2.252936483459110e-02, -1.557535095817946e-02, -3.279762312340396e-02]
