Ag # elements
5.0 # cutoff
gaussian # pair_type
gtinv # feature_type
4 # model_type
2 # max_p
8 # max_l
4 # gtinv_order
8 6 2 # gtinv_max_l
0 0 0 # gtinv_sym
2148 # n_coeffs
-2.849195003534368e-01 4.087013930154194e-02 1.854162236602738e+00 -1.155750412712573e-01 2.572648799636410e+00 -1.849030427295266e+00 -3.845645686328297e+00 -1.628369709260109e+00 8.090995926329817e-01 -2.151302540594429e-01 7.746624477837127e-02 -5.744709024206113e-02 6.981653612899404e-02 -2.248515072808718e-01 2.592284317807917e-01 1.062388350075528e-01 7.388621298004568e-02 1.415024096858893e-01 6.394198329584848e-01 3.611805069746606e-01 1.549748308276181e-01 1.504448045780208e+00 -3.562947512284221e-01 -1.364313701091270e-01 -1.963056309870372e-01 2.019683187891174e-01 -1.257022453109042e-01 -4.814950614841626e-01 5.633588268879095e-01 -2.187939960796585e+00 4.549902276532518e-01 -9.162315352482635e-01 2.525891410339564e-03 1.708492767157221e+00 -4.343667527163527e-01 2.898621185834144e+00 7.091977252732913e-02 -1.426812349593235e+00 1.105774397188023e+00 -1.197714216009079e+00 1.357628126117766e-01 4.139838129238294e-02 9.095717214800043e-02 -1.011624012675613e-01 8.738795121433453e-02 1.512322777648851e-02 1.512321563579761e-02 2.955985063787628e-01 6.034479878001359e-02 -2.091325216178644e-01 -2.091325198594042e-01 2.091325118595358e-01 -2.091325208639672e-01 -3.542813589309056e+00 -3.393432278475900e-01 4.470505233416783e+00 -2.547118885645745e+00 4.034206720892243e+00 -6.902916837936985e+00 -1.899937950277493e+00 -1.512621155632233e+00 -4.485977001065922e-01 -4.220505963099015e-01 6.547217875758393e-02 3.761711586075808e-01 -6.364026021599540e-01 -7.751404435788416e-01 1.792190850299517e-01 -1.438193879873436e-01 3.066925680743018e-01 3.963160503135525e+00 3.019496062961736e+00 4.920731248230795e+00 7.930436082348935e-01 -1.122042998785071e+00 2.770099168931172e-01 1.236366501965491e+00 -9.349122673120213e-01 -1.552592911212728e+00 -2.015443629758607e+00 8.587665391125240e-01 -6.750352533842044e-01 1.137700789363395e+00 6.190898190290627e-02 -2.944300905605857e-01 -5.891690014627338e-01 -8.111999104378016e-01 2.668411855641515e-01 -8.535791582062234e-01 1.209150217131602e-02 8.815725108347288e-01 -4.279906005621834e-01 4.838570221565887e-01 1.500339965558578e-01 5.919487654284218e-01 -3.420332457723341e-01 6.106102223168949e-01 1.019340432542174e+00 -1.573901958352073e-02 -1.573940273858359e-02 -8.887791030726137e-01 -6.392392549570101e-01 -2.867413281103556e-01 -2.867413480608598e-01 2.867413734561797e-01 -2.867413774772522e-01 -6.343522451994854e+00 -8.602183282434466e-01 -7.364419554052710e+00 3.640780561103042e+00 3.713658394272566e+00 -4.082416329697666e+00 -2.417967603861618e+00 -8.604068215990442e-01 -1.570183129802906e+00 -9.230770656804092e-02 1.589758533089498e-01 1.315851057136584e-01 1.036142922324244e+00 -1.982495875022127e-01 3.703266674347888e-01 3.373799396196346e-01 -7.580838606147231e-01 -2.059368661662702e+00 -2.007804152493387e+00 -3.569245882812057e+00 -2.078006134698177e-01 5.598281558361820e-01 1.906026386313621e-01 1.541059760266018e-02 1.753074610084941e+00 5.077958602461221e-01 -1.767399008535392e-01 -2.790992244611002e-01 4.269447028031110e-01 -3.769129634979542e-01 1.142471976136980e+00 1.217286535261141e-01 4.700196317847301e-01 2.128074553096233e-01 7.661040728754381e-02 1.600498288318614e-01 -1.683162518913497e-02 -3.768136616486624e-01 3.321231025654735e-02 -2.226510539650756e-01 -8.165789292789963e-01 -2.050398830578893e-01 2.251631309595649e-01 -5.045769184587411e-01 -2.451161613223041e-01 2.339964641442137e-01 2.339941364114817e-01 8.097501817948405e-02 1.350365763534798e-01 -2.408788342312791e-02 -2.408823527068511e-02 2.408747013314363e-02 -2.408785437676936e-02 -6.546150724867416e+00 1.440491889789489e+00 -1.053509843078249e+00 6.719991716201562e+00 1.559825812137830e+00 3.001656991140805e+00 2.277496122488046e+00 2.202556683249036e+00 1.513696634752825e+00 3.495698687701342e-01 5.420302246957208e-01 9.344700843913208e-01 4.809466934923148e-01 6.906239080165305e-01 1.432595142418270e-01 4.717649642520121e-02 -5.201952466390052e-01 8.098759515773878e-02 -7.999659280685849e-02 4.451472561328448e-01 -2.277449187538067e-01 -2.875064954976519e-01 3.480493088778585e-01 4.535550281397080e-01 -8.847215091657425e-02 3.102752108031936e-01 -2.816169043891585e-01 4.300689733774868e-02 -1.709189938089616e-01 1.416264547716601e-01 6.454054911226934e-01 3.636905350880831e-01 8.639143834675529e-02 1.842156754189601e-02 -1.018861257405697e+00 -1.245192856806586e-01 -6.877395118354303e-02 4.658445219268681e-01 3.831075175779014e-02 2.268116623245985e-01 -2.523258811963345e-01 -2.963060741545506e-01 -3.765446323323890e-01 3.354166995919132e-01 -7.177201368571270e-02 -1.424535500924449e-01 -1.424565255025935e-01 6.435263275221194e-03 -2.289388363472703e-01 -6.154297773464459e-02 -6.154308915124731e-02 6.154278746424705e-02 -6.154093871258483e-02 -8.302815822804073e+00 3.845939366249929e+00 -4.017420588635596e+00 -2.359719948445274e+00 4.605398123264882e+00 -1.831241400554062e+00 -1.996264665741205e-01 1.364649298037844e+00 -8.432050040063468e-01 -4.940849804409013e-01 -7.408870808813577e-01 1.141606704324582e+00 -1.039047388468967e+00 -2.296801513069517e-02 -1.205276424575713e+00 -1.551884347823913e+00 3.304453119051642e+00 1.164848271411965e-01 6.778126845204661e-02 -7.442096737380612e-02 4.814644134999394e-02 6.186676686306811e-02 -8.243675929973018e-03 -6.932790025160036e-02 9.940854023642165e-02 -7.733701075563648e-02 2.557342563844023e-02 2.086239152047993e-02 3.883182654917192e-02 -4.414499757621695e-02 5.058409656813686e-01 -5.341894663422458e-03 -4.311416369648326e-02 -1.810995273796201e-02 4.707272110636154e-02 8.713510837571874e-02 5.495174222110517e-02 -2.425994373240268e-01 -4.338058332540698e-02 -1.696387816031460e-01 -7.811197548454385e-01 -6.012335626427051e-01 2.761524390248691e-01 -7.406965549127711e-02 -9.017386203514795e-02 -4.683641260092375e-02 -4.683529496341269e-02 6.891672172202475e-02 -7.701427329655187e-02 -3.898955266587379e-02 -3.898741289147175e-02 3.898761757151301e-02 -3.898628607489009e-02 -3.350820881874389e+00 2.468662938896481e+00 4.436544907813746e+00 -2.305983081750217e+00 -3.479174019917679e+00 1.122863948338650e-02 5.588635400246164e-01 1.753828497321481e+00 1.360748656758764e+00 9.162110912732698e-01 -1.368118473759211e+00 -1.408544559008918e+00 -4.403118144781624e+00 2.486749565918353e+00 -1.968012589753530e+00 -1.917300401580873e+00 2.404273615515167e+00 4.441214979265284e-01 1.465034030434581e-04 6.769900102258472e-02 -3.717444444955607e-02 3.392357459824528e-03 -3.368869740170229e-03 4.075998200899303e-02 -7.053950288380295e-02 7.700074584968418e-02 -4.148714788528315e-02 -6.542274300141118e-02 -2.850858279518961e-02 -4.959127122268327e-03 -3.461628162949871e-01 -1.067639710661003e-01 1.135631088265666e-01 1.049432722249062e-02 -2.086202135947795e-02 -6.099203431036725e-02 -5.325465154254069e-02 -8.114536804603445e-03 2.192252695150953e-02 1.726776869437678e-02 9.331867334353009e-01 7.500547214721468e-01 1.656537554525475e+00 -4.796347723342488e-01 -1.334393786058914e-02 -2.697983995200327e-02 -2.697946599589317e-02 1.211136588530481e-01 -1.027113246400789e-01 -5.530857539015063e-02 -5.530782961074066e-02 5.530883105205651e-02 -5.530854451218116e-02 4.087025388861923e-02 7.746558034077193e-02 1.357628124918237e-01 -5.744735644693230e-02 4.139843995299475e-02 -1.512322501226294e-02 -6.981644373258851e-02 -9.095718370785838e-02 -8.382404857328193e-02 -2.091325222904926e-01 -2.248512349551639e-01 -1.345997491715695e-04 -7.192590534013575e-02 -1.801552535170256e-01 -1.571856502936181e-01 2.592286163811334e-01 -8.700294299625148e-02 1.175008668884173e-01 2.533908746370718e-01 2.221001674568440e-01 -2.040228331430793e-01 1.062392574032023e-01 6.861682079730899e-02 -2.703593897959061e-01 -6.408608431246093e-02 8.695422746884232e-02 1.001137613934304e-01 2.863956547102305e-01 -7.388576568190601e-02 2.750919196205225e-01 9.167925328337177e-02 3.013775768468304e-01 -2.285551241181677e-02 -1.115451415610850e-01 2.057124370874449e-01 -4.047541792341297e-01 -8.191540073023754e-02 -1.423136951239062e-01 1.594716639106976e-01 1.021943608191365e-01 -4.217051819834153e-02 -1.359490345849516e-01 1.077706107544889e-01 -3.774429852631130e-02 -7.985482571839511e-02 6.963903643833758e-02 -1.622762721550834e-01 1.160960315819173e-01 1.053588499300131e-01 -4.406275490103084e-02 -8.152998616704071e-02 2.339358109568896e-01 -2.594734043862005e-01 9.465299304423626e-02 2.448908415301117e-01 -2.879868889916047e-02 5.423373551130785e-02 -2.049033453869722e-01 -1.484471830973947e-02 -1.822077755014481e-01 4.256701768203647e-01 1.552348516898908e-01 -1.557999027994054e-01 -3.474082777697472e-02 6.970562776592905e-02 -3.393431424130583e-01 5.746001689942784e-02 2.220450412009197e-01 1.984800457679709e-01 -1.239385828036133e-01 -2.095787587123645e-03 -6.385112167508460e-02 8.549742716931572e-01 3.659100336130878e-01 -3.387682451750300e-01 -4.183986287585379e-01 6.547547868552775e-02 1.500333029769373e-01 1.699643115552228e-01 2.856390504334912e-01 -2.317567964454416e-02 -1.648810263956720e-01 -3.182859470328214e-01 2.603715745792013e-01 -9.502669194552249e-02 -7.690637871074218e-02 7.419518656235084e-02 6.128183939090126e-01 3.761732997280912e-01 5.919495143595039e-01 1.573893360643948e-02 2.588999199006544e-01 -2.503560483013851e-02 -1.627951236162754e-01 -3.077211823340520e-01 -4.457377961229184e-01 4.516828123791514e-01 1.976832733673612e-01 4.093197072618380e-01 6.841193415061136e-02 3.007302790148335e-01 6.364026555897592e-01 3.420326725417173e-01 -8.900966322161365e-02 -2.867415109980442e-01 -5.935253931813974e-01 -6.628260771314498e-02 -1.898313633377127e-02 -1.234521034862961e-01 -3.488673378650334e-01 2.596495297706505e-01 1.783183793904038e-01 -1.647222310031888e-01 -2.855116576315195e-01 -1.951538006739961e-01 -7.751390628305092e-01 -5.434961408880777e-01 -3.432088652582194e-01 -5.791942567402183e-01 -8.726541078975297e-01 2.443351622385922e-01 -1.318241836612841e-01 1.822100125431241e-02 3.644610735425657e-01 1.993781301296867e-01 -1.192229944964083e-01 -5.486235159895883e-02 1.347358392781185e-01 8.895988145570401e-02 -1.380468032788260e-01 1.792210073505637e-01 1.060179631244073e-01 -3.865328843829217e-02 7.332295504218229e-01 3.714504101930916e-01 -7.128756301854566e-02 -3.215964544638054e-01 1.976550457878233e-01 -5.255287055322649e-01 -1.868812296347751e-02 5.300948618768868e-01 2.197090560587365e-01 2.144256813574443e-01 4.719027617349565e-01 3.701246985510151e-01 2.088212434783333e-01 -1.438186741625817e-01 7.370712283774256e-01 -1.439771684750851e-01 4.494646806192062e-02 2.067928694116362e-01 3.901727024323126e-01 3.680352890417861e-01 -2.717515152214842e-01 4.934225982675742e-01 3.231859256046020e-01 4.824705685264878e-01 -1.186581755909611e-01 -2.213174815293664e-01 -8.111357099631827e-02 -5.512043847593173e-01 2.424056839215839e-01 -3.468170447092728e-01 -3.066910870379566e-01 5.172342595163031e-01 1.594614363444967e-01 1.254623881130323e-01 -1.957236666844524e-01 -9.771184733186750e-02 6.308234055493894e-01 9.801763309136337e-02 2.210350585030106e-01 -2.080868133863067e-01 5.340438509853594e-01 2.924631267290181e-01 -2.124095549641812e-01 -2.598119629495496e-01 -1.351791256530547e-01 7.317708386658725e-02 4.557610572574614e-03 -3.487145233434534e-02 1.352245519796587e-01 3.849560539328663e-01 5.101911992252970e-01 2.644796064769122e-01 1.497492244619600e-02 1.434141098441357e-01 3.341399126296611e-01 8.199353442105205e-02 -2.936159590655223e-01 2.178542339635723e-01 -3.066955360252875e-01 1.550977002439963e-01 -1.157293364114482e-01 -8.440411436796007e-02 5.759424688111498e-02 3.189917642070341e-01 -4.368861866516806e-01 3.720445615230165e-01 2.766091796002865e-01 2.936057822764753e-01 -8.107136856804884e-01 4.944691704626757e-01 1.257308198694062e-01 -7.863479200986133e-02 -3.452570514059986e-01 2.874560176476176e-01 1.850663331570374e-01 1.688236215975408e-01 -1.259316964231919e-01 -3.346723023709784e-02 -6.500650509550195e-02 -5.680896803847195e-01 -8.734075313979282e-02 -4.969776025668280e-03 6.625424016267311e-01 4.283836200985696e-02 -2.043471089602265e-01 1.772377529860981e-01 1.238873994388353e-01 -5.478119341938718e-01 7.100375397101169e-02 5.104209656389759e-01 8.116360689784012e-01 -7.459253490572243e-01 -1.570446710141488e-01 3.549989285180062e-01 -1.309641346070632e-01 -1.235684381966421e-01 2.774453402815902e-01 -8.602183176791681e-01 1.794826648338181e-01 2.154728707111621e-01 4.021344139143332e-01 2.384648538762198e-01 3.269034845862195e-01 8.776905044675788e-02 1.378013322638718e+00 -9.247831719372616e-02 -6.543397401428571e-01 -8.206509616053853e-01 1.605204877753857e-01 -2.392912255210067e-01 1.036546850228965e+00 1.752924481207629e+00 -1.252352335212281e+00 4.536185825514031e-01 4.723162350106621e-01 2.766052991010747e-01 4.333061458937018e-01 -2.839413764343933e-01 1.589745873520613e-01 -8.165693916125609e-01 -3.124236114802687e-01 4.030410080399980e-01 -1.883786128579823e-01 -3.791171181325674e-01 -7.027166181194912e-01 4.837144091666027e-01 8.405852918981392e-01 -3.426054012657119e-01 -7.138858035718876e-02 1.075458512122583e+00 -5.920849459154836e-02 -1.035511978456502e-01 1.921745117202752e-01 3.154017048265284e-01 -7.924151930606728e-01 2.377120810961665e-01 6.007047570928986e-01 4.745588757857681e-01 5.641385989418772e-01 2.929786910350918e-01 1.315981956171034e-01 -2.050389672063662e-01 -2.339940964693116e-01 -1.890187300723223e-01 2.648122258131677e-01 -3.838502308407487e-01 4.719593579604645e-02 1.147615052461655e-01 4.252466690947721e-01 6.036949818753630e-01 9.317949198486696e-02 -2.833357416163300e-01 1.327042501345383e-01 -6.004698933694760e-01 1.955845691306244e-01 -4.245806917082900e-01 8.921858385938659e-02 -7.530877955198922e-02 8.473053621087400e-01 3.279300362308171e-01 -1.467889943695797e-01 4.526318777661489e-01 -4.034096250560980e-01 -1.036144069075045e+00 -2.251634873643783e-01 7.138071257282103e-02 -2.408776764940117e-02 -4.570282621293829e-01 2.354315077993963e-01 -2.057230531230122e-01 1.786848223627307e-03 -4.131418543225966e-01 4.008269813200990e-01 3.699306518636787e-01 -2.377668562714126e-02 -3.780123292690367e-01 -1.977207588341271e-01 -5.573697073443503e-01 -3.780936737260622e-01 1.887125571498791e-01 -5.758409410707381e-01 -5.709017638589187e-01 6.257651677346328e-01 -5.919839017345768e-01 -2.205304864808908e-01 1.061852090497364e-01 3.298322442738383e-01 -1.982559764485734e-01 -1.272341466188329e+00 8.710787592460931e-02 2.412239951468618e-01 1.557864504860140e-01 2.639839798331972e-01 -1.939010553327481e-01 -5.614742910723089e-02 -3.592123393969427e-01 -7.741997584536340e-01 2.177199853433052e-01 -2.428442142440799e-01 6.458913800906213e-01 5.559266505129423e-01 5.628714584860187e-01 3.982363377258044e-01 2.207965361004117e-01 -7.230559102940020e-01 -2.340105014727549e-01 -4.830987808185747e-01 -1.067537310393700e-02 -1.756415827088041e-01 6.549189736922538e-01 5.598672172304405e-01 -6.535217833000893e-02 3.703310858905773e-01 1.289072788946931e+00 7.300169885988260e-01 -8.053589649085000e-02 4.517154286320720e-01 2.579148279709043e-01 -4.500198359877071e-01 4.219224179310162e-01 -8.835747920397891e-02 5.711021809766733e-01 1.152059871183515e+00 -1.354682913504268e-01 -2.081857686473797e-01 -1.288786351462343e-01 2.256343998243510e-01 7.063668337559492e-02 -3.531859751110202e-02 5.403475308541805e-01 1.773814427077395e-01 -4.966666491111281e-01 9.960904640916853e-02 1.009529048015948e+00 3.030279516109248e-01 -1.089018238751267e-01 9.994965279539247e-01 -7.381100324444125e-02 3.373761177920132e-01 -2.292096655851690e-01 7.551205698340647e-01 1.074346290369181e+00 -9.364921006175255e-01 -7.193172793099337e-01 -1.349361351363087e-01 -1.602055986532671e-01 -1.623585072120758e-01 3.930986316259252e-01 5.191747183881940e-01 -4.374025955268239e-01 -4.157772679449675e-01 -3.604048486078983e-01 3.364431818183586e-03 7.938830255204602e-01 1.817276071303990e-01 3.741494826349137e-01 1.812254864941333e-01 -3.401480875926381e-01 -4.499464205045784e-01 1.804606315142017e-01 -6.288804357092913e-01 1.262235490385095e+00 9.259439557273248e-01 1.118411160502276e-01 5.551758483699409e-01 7.581043258496001e-01 8.424374727369653e-01 3.504567463114954e-01 6.900299519820599e-01 -1.260375055066973e-01 1.762493955391792e-02 -7.073162732828558e-01 -9.050314419436476e-01 2.176032139749199e-01 -2.810090926108001e-01 4.717640573531733e-01 1.077976778935508e-01 -9.495610855336480e-01 -7.160653059466304e-02 -4.469991379941454e-01 4.547010104319671e-01 8.085892390840322e-01 -1.451804759890175e-01 7.818787316684403e-02 5.800062974796475e-01 -4.689433809769692e-02 -4.218990463625083e-01 1.166390692481125e-01 3.147487052754503e-01 -3.074707978458427e-01 -3.667384155627603e-01 1.006956751845278e-01 3.339291166829492e-01 -4.019507256380783e-01 4.390462621625691e-01 -1.396030096304552e-02 2.436527930982647e-01 2.456457037748347e-01 -1.549084035789357e-01 -6.160288445973050e-02 -1.619847786115443e-01 2.896937786077566e-01 2.653840899832225e-01 4.792782146986236e-01 2.049076086445993e-01 -4.774803428983435e-01 -4.585455450856428e-01 1.447302500877425e-01 -3.078631810776138e-01 -9.863191536348932e-01 1.983412709387671e-01 -4.128895862658338e-03 -1.958759707389239e-01 2.473964809167955e-01 -5.073792597265364e-01 1.864999717635349e-01 -2.352571592374436e-01 -1.360113557348885e-01 3.383124234096527e-02 3.858672835309928e-01 -5.879893103485022e-01 -1.454355016273151e-01 -6.355773595997170e-01 1.279736334372975e+00 -6.563682990442631e-01 3.545687806319634e-01 -3.377610614437325e-01 5.664270794576539e-01 2.947311040712838e-01 -7.475280505525125e-01 2.780822290132590e-01 3.527263713959738e-03 5.495675763412430e-01 -2.485602515778165e-01 -1.052158531593361e+00 -3.338731427600652e-01 4.442961640294108e-01 7.755461993830954e-01 -2.904440944885903e-01 -2.889738906812472e-01 6.902096677713150e-01 2.436212120476302e-01 1.620778748890996e-01 1.335788155893821e-01 8.115875439739867e-01 5.605567764697899e-01 -1.552096911731542e-01 -1.025451308864682e+00 9.879250824193440e-01 -1.289556857581042e-01 -1.420249397414580e-02 6.886388924812401e-02 6.504511149988570e-02 2.523159126824178e-01 2.962680998094592e-01 -1.077734787449286e+00 8.055640778338323e-01 -3.018573077963602e-01 3.720393375495504e-01 -3.208033675434063e-02 -4.235812084954285e-01 -7.026716071996963e-01 1.440491777359954e+00 5.648981974399301e-01 -9.786280441683366e-02 -1.706722547629990e-01 6.521687972745492e-02 7.926807236382047e-01 6.721377401368012e-01 -3.889415406682160e-02 -7.796765650371208e-01 -4.317224433492533e-01 -8.031901300136438e-01 4.535356396520056e-01 -9.979731354361191e-01 9.789346794404836e-01 2.654814019568375e+00 -9.854161846991113e-01 2.412990174814460e-01 -7.199725273607402e-01 -7.206815994457350e-02 -3.729716936178965e-02 2.840282670125845e-01 3.473446710709741e-01 -1.203001720020225e+00 -2.499257106649535e-01 -6.536528520766592e-01 8.780142577033861e-01 1.698433494234617e+00 -6.351883374701858e-01 4.629359176912927e-01 2.571519987987891e-01 -2.587054332000516e-01 5.420246803403000e-01 -2.523332300076265e-01 9.740248291638687e-02 -1.236931434847834e+00 8.275880362616249e-02 -2.797668061132231e-01 -1.513149579352599e-01 -5.283193963846054e-02 4.680729564826527e-01 -1.946399033200900e-01 -1.581612860931755e-01 -1.254703704372382e-01 6.601203518136858e-01 -1.285277023779916e+00 8.926198925853482e-01 7.733767194079635e-01 2.231660038514221e-01 -8.009047735091868e-01 -1.678117048908540e+00 -3.360435017153240e-01 -5.446255801905123e-02 -5.984023274845672e-01 9.912422919940606e-01 2.449670157374218e-01 -9.710092304428374e-01 -6.163431608218449e-01 4.159972335296275e-01 -5.178303473146160e-01 2.141478709558476e-01 -5.334794669971621e-01 -6.514687089221817e-01 6.194511148623301e-01 9.344615680808519e-01 -2.963103651581496e-01 1.424552742177518e-01 -2.083467004699103e-01 -4.776380071772712e-01 -3.996279513427407e-01 1.438408598112513e-01 4.097547539211732e-01 6.325370949330510e-01 -3.249799676167253e-01 2.121799847369853e-01 -2.723655321147928e-01 7.130815052869510e-01 -9.126199045905631e-01 3.248975079109709e-01 -7.230601242238280e-01 1.283942131446673e-01 9.640469317077026e-02 2.418050577018000e-01 -1.314022776921965e+00 -1.254391785464641e-01 4.883717377649883e-01 -2.314632722073006e-01 -1.238417626853390e+00 6.304762712196376e-01 1.028307316278195e+00 1.432079757243238e-01 3.714083727681806e-01 -1.196273807742021e+00 1.895061684332283e-01 -5.524387875303485e-01 -7.194904470977226e-01 -1.421226763765960e-01 -4.809524872568023e-01 3.765471084830552e-01 -1.720952973724238e-01 -6.154200230736838e-02 -2.190674622972730e-01 1.123903358853635e+00 -6.472689086189169e-01 1.186459628461187e-01 -7.924653127545919e-02 5.363405422993359e-01 4.424784269981445e-01 3.511371265600375e-01 3.943083031805346e-01 -2.275284125623750e-01 -6.218038014363955e-01 9.480393857374292e-01 5.829962842449031e-01 -9.176888426981731e-01 9.888048673549038e-01 -4.084373088898748e-01 6.695442073555193e-02 -2.075925534443568e-01 -1.049873109747802e-01 2.464950974567872e-01 -3.627507799964465e-01 -4.643045173603869e-02 -7.773208551279162e-02 1.472764327700094e-02 4.905610239113706e-01 -7.816396293241369e-01 6.196187434669129e-01 2.688230638698466e-01 9.125829487914483e-03 5.351985515327367e-01 6.906268417853453e-01 7.152895939199724e-01 -2.750822019395403e-01 -7.140113546960692e-01 -3.700534200611966e-01 -1.203222392334425e-01 -4.752375389159028e-01 1.482366230027918e+00 2.094174936546797e-01 -5.265448338119693e-01 -9.754811133266532e-01 7.174979802323552e-01 -5.074089221031711e-01 -4.653692319053729e-01 5.053932508747005e-02 -5.703205243869419e-02 -1.011393125415990e+00 -1.094142659867592e+00 -1.924434024977713e-01 -4.280490096232364e-01 -6.480367036953313e-01 6.905472953685595e-01 -7.531208053590108e-02 1.649936330851095e-01 -4.724917512117289e-01 3.773421179090315e-01 -1.216184658734719e+00 8.606692196257779e-01 1.097416756878676e+00 1.238521351930525e+00 5.719587851829411e-01 -3.800847648370705e-01 3.092624803417676e-01 -3.310133219053608e-01 -1.218637149687764e-01 1.432534458249241e-01 -4.410186117541716e-01 -3.314490896224748e-02 4.846655698082113e-02 9.856256634492525e-02 2.848757387793450e-01 -9.495525912122275e-01 -3.433790210476387e-02 -7.624625926349345e-02 9.948676069799792e-01 -5.206802448120563e-01 -1.263829444866823e+00 1.375371823312506e+00 -2.935943104265605e-01 -4.998134758206799e-01 5.385210688255705e-01 -4.900363981868345e-01 1.224865797288009e-01 1.367680586205017e-01 -1.659552992521128e+00 6.231706713554410e-01 7.546736536721267e-01 -1.534254705819401e-01 4.403754849392426e-01 -8.663233561220292e-02 -1.131435855980695e+00 -1.461763233561844e-01 -8.177731532198126e-01 -1.991518942974316e-01 1.187258939274568e+00 4.296282443583856e-01 -3.080686563324936e-02 -6.024912362083131e-01 1.528109020354940e-01 -2.424005318155864e-01 7.987071045155553e-01 4.716834324532080e-02 -1.003693837758202e-01 1.690323968745052e-01 -5.956962459247549e-01 -3.626254041521285e-01 -1.501382539218557e-01 3.252773303584525e-01 -7.083361834437224e-01 2.324337225576829e-01 1.061279491757483e-01 4.737082609906209e-01 2.192663668799277e-02 -7.292010257822733e-02 1.432626449108781e-01 -3.744933724569990e-01 7.099428384877492e-02 4.795817203365689e-01 1.984237238180816e-01 -5.886678559939994e-01 -1.614581874337835e-01 -1.094824278585524e+00 1.197984671081426e+00 7.332160493558645e-01 -7.520673851644183e-02 2.798656004627071e-01 -4.988443313537403e-01 -9.129074428003585e-01 1.020433035746758e+00 -2.533822540635253e+00 9.056754607037538e-02 6.317079561468258e-01 -1.083212762296238e+00 -1.131457663705731e-01 -4.532810707571907e-01 5.933255814614634e-01 3.517904499766898e-01 1.114747695909018e+00 5.202039188571999e-01 -2.366768954396809e+00 4.459277061426262e-01 -1.643439044617967e-02 5.064880875418382e-01 -2.341271302125875e-01 3.977543752082950e-01 3.722937518224492e-01 -8.159532254751799e-02 1.690341757400666e-01 2.355287536240494e-02 6.730689655741988e-01 -1.319582346609321e-01 -5.828364344855921e-01 6.885754243423777e-01 -1.698128492387663e-01 -1.591387310089147e-01 -4.092825473646362e-01 3.960991835431227e-01 -9.572606390447767e-01 -5.932843188145891e-01 -1.198167777585313e+00 4.030569881929107e-01 1.320758390746415e-01 3.233575908658488e-01 -5.083155799904655e-02 -6.101647338964490e-01 -7.688811630649736e-02 3.972409241292598e-01 -4.957249693994341e-01 2.495520688776627e-01 7.994056346380551e-01 -3.787816686102081e-01 4.336077929963495e-03 -8.878864820446891e-01 3.657890812092759e-01 -3.447261873919568e-02 8.356328931052813e-02 -6.872234112110082e-02 -3.027616943528345e-01 5.112340958292860e-01 1.406318050003751e-01 2.672322880421895e-01 1.045111733508058e-01 9.113844275405060e-01 -6.584225257623519e-02 1.957706093536405e-01 2.738259966559446e-01 -3.813047995242412e-01 2.099890127094824e-01 -2.925473051104109e-01 -6.647771862383233e-01 -8.109506012969528e-01 -4.676675529361063e-01 7.287456211532364e-02 1.560252062358008e-01 -3.237977897065276e-01 -2.539443662613475e-01 -4.783777234524552e-01 -3.470127445451900e-01 -1.194024288417437e-02 9.514510777915496e-01 2.033956729401376e-01 4.012979181105182e-01 9.851235901040475e-01 -4.535215162179497e-01 6.688268128307341e-01 -1.443912572531765e-01 3.442384707182566e-01 1.029721822367375e+00 2.446401891704930e-02 -2.197548392242896e-01 4.186461734620129e-01 -3.908676476524069e-01 -1.213370861110315e+00 5.772840306433042e-01 -3.942741561586994e-01 1.273130530714136e-01 -6.759480143209013e-01 -6.245242316260045e-01 1.655247950179488e-01 -3.313177191467889e-01 -1.098800301062477e+00 -3.918717549509206e-01 9.780398169836134e-01 -5.504348205613652e-01 2.433845051593854e-01 1.186322754056550e+00 -3.127029088342025e-01 -1.405065288683315e+00 -5.655255023335776e-01 9.365415381040608e-01 7.648161064436643e-01 -9.870851770139202e-01 -2.360655521269669e-01 1.586188297275798e+00 4.525850940467239e-01 8.091751840903262e-01 4.458584953147404e-01 1.610510702468557e+00 2.915742788576508e-02 1.037225540224735e-01 -1.937246990075965e+00 1.002779323626878e+00 -1.100136495033281e-01 1.214370733200279e+00 1.873772437579771e-01 7.487411301286293e-01 3.822988303763401e-01 5.825037571033372e-01 -8.508706591301679e-01 -1.981746235297738e-01 -1.009671034844825e+00 -3.888146036325731e-01 -8.579133663146055e-01 1.214172072552377e+00 2.842558221091216e-01 2.435760988569160e+00 3.508385303940500e-01 1.376403846579201e+00 2.651317623660834e-01 -1.320556225570960e+00 -1.781451244171650e-01 -2.700861706758221e-01 3.416615534544918e-02 3.732416552389043e-01 7.063788823678421e-01 3.845939426315036e+00 8.900780412771788e-01 -6.121676097413954e-01 -1.867191624990839e+00 -1.445349049217390e+00 -1.724197437424022e-01 1.987624111035130e+00 -1.025345753328644e+00 -7.561848846396138e-02 4.746626931460634e-01 2.634157138485352e-01 5.325065630047282e-01 -3.926960894968144e-01 4.977682700373923e-01 1.519876034927862e+00 -1.732256830126237e+00 -2.289084888770610e-01 4.641909634432445e-01 -6.182178757451109e-02 -9.052097479498653e-01 1.689438409108076e-01 -5.379650404330332e-02 -1.932063249141972e-01 -5.901910951726824e-01 -8.105174437309157e-01 1.278569563435423e+00 4.146051599185417e-01 8.488825496203518e-01 -9.441480277766218e-02 -7.278468062547795e-01 -3.875358048818752e-01 -8.927399625630086e-02 4.404379912217204e-01 -1.515643867256358e+00 -7.621707424927869e-01 -1.193851390549655e+00 2.621564393675127e-02 5.322660160948588e-01 3.955271389727248e-01 1.604873509255962e-01 7.073856582932033e-01 -7.408715618786607e-01 -7.811164031231047e-01 -3.848858102266343e-01 -1.272128708832210e+00 -1.333567337969075e-01 1.154475399896067e+00 6.210803403716050e-01 -2.300350886175043e-01 1.705931894528747e-01 3.223093395384969e-01 -8.531743183555100e-02 7.130408646042997e-03 2.204974714545636e-01 2.784201447870160e-01 5.484907743047263e-01 -2.443569570902936e-01 -9.033368755858405e-01 8.607353087857263e-01 -6.581531646582158e-03 -1.602458123458836e-01 1.875565161160052e-01 3.644231200853817e-01 1.032823230113978e+00 4.484407088188695e-01 1.977487986018192e-02 -1.672040251229660e-01 6.352892630252410e-01 -4.528605870212548e-01 2.534318214177678e-01 1.277839035816599e-01 9.068629311126328e-02 -5.076727769672361e-01 1.779897124456676e+00 -1.393389415033851e+00 -4.467182640942506e-01 1.936875387887488e-01 -5.155976621015090e-01 4.917664697990242e-01 -1.770942244195439e-02 2.830577852567643e-02 -1.445856650891997e-01 4.705394046650943e-01 1.141616479780599e+00 -6.012228324676973e-01 4.683730238213782e-02 -3.607759261022732e-01 -1.275723501337885e+00 4.827314324464285e-01 7.834162505644607e-01 -1.239362516614876e+00 -4.817012112787960e-01 -3.024966639027857e-01 -3.281133055781242e-01 -3.998239965549904e-01 -1.457797962990489e-01 -6.493597017613388e-01 -5.163086204866914e-02 -8.772750673311313e-01 -4.772725844396836e-01 -5.628424101475135e-01 -4.544331594789758e-01 9.602748720331347e-02 -1.578488652757171e-01 5.432990077207245e-02 1.368098407017216e-01 -3.141048489838347e-01 -3.099368516617244e-01 8.260083755804696e-01 5.107455306320622e-01 1.280387584562024e+00 6.567183171314337e-01 1.103826950229671e-01 3.564461224180757e-01 -4.880758989770993e-02 -1.244700047031077e-01 9.667887607652663e-01 1.977267192811616e-01 -1.706615901520830e-01 -1.850931320058786e-01 -3.843229926687337e-01 -5.232087156357578e-01 7.484040053781267e-02 -2.571594685872721e-01 8.092475085503517e-02 8.681489631406436e-02 1.039041798216854e+00 -2.761501223015861e-01 -7.519768571169903e-02 -3.898725026988151e-02 -8.261917300518986e-01 -1.241260039604974e+00 -1.816387692840164e-01 1.886471820113778e+00 1.528222654066413e-01 3.849168384813010e-01 9.942429470098128e-02 -1.201839236033737e+00 -2.238515220213708e-01 1.077135619908102e+00 -1.255630341759754e+00 -8.340067422248223e-01 3.789925796492734e-01 -1.280866108256234e+00 5.268446942138211e-01 6.430205027096605e-01 7.149344346693561e-02 9.330444706170277e-01 -6.168041747510283e-02 -1.206321284449360e+00 -6.782827084502017e-01 7.154420702952154e-01 5.830631168867506e-01 5.268710144282527e-01 -2.943917784594303e-01 -4.422880786330625e-01 -5.906754101218997e-01 -7.021799632059504e-01 -2.120943761368443e-01 3.931784398055597e-01 1.150205224938784e+00 8.595778610251555e-01 -6.817612788033915e-02 5.050820052135138e-01 5.238123641040017e-02 -1.986492672640963e-01 3.922895225690747e-01 -1.459283023761904e-02 2.084991842901057e-01 -7.858934671414704e-02 -2.297510121234492e-02 -1.575706433206641e-01 7.527669657669131e-02 -3.535076407568174e-01 5.309714761638902e-01 -2.958954693693137e-01 -2.073475152390125e-01 1.558077763426744e+00 5.170980729553022e-01 -7.141535964392454e-03 -1.193523373584132e-01 9.393006186257604e-01 1.352204417401203e+00 3.893265227373517e-01 -8.615786358222092e-01 -2.726198472930925e-01 2.283641232129614e+00 -7.523979606078450e-01 -9.731630738509943e-01 -5.874537163819953e-01 5.474888132787815e-01 -7.744504486279763e-01 -7.858766782824531e-01 1.912412613497702e-01 4.136470086148693e-01 2.476185882517677e-01 4.272477565430610e-01 -2.355823695020841e-01 4.524954827694101e-01 4.146213447651551e-01 3.493232555200441e-01 4.036708372302303e-01 1.208038027169347e-01 2.705613758464713e-01 5.943293373263392e-01 -2.623142215671492e-01 -7.986610975390012e-01 -1.646155907336939e-01 -5.343588279502555e-01 -1.090629535602994e+00 -4.965255833265265e-01 -1.948061179762386e-01 2.190146743161072e-01 -5.230383676669994e-01 -5.010640449685705e-01 -1.205295060574548e+00 1.568364353718879e+00 6.458416141956591e-02 4.630992366574127e-01 1.637029915683681e-01 1.243085555517166e+00 -6.750224862172080e-01 5.609523501192543e-01 -3.526521867098534e-01 1.424809548145148e+00 -1.865556850524599e+00 -1.668061435373080e+00 1.628460133330196e+00 -9.712536003464635e-01 3.919610329317481e-01 5.152919500156261e-01 -1.162529207745490e-01 5.919968533821014e-01 -1.606526992279973e-01 -1.155621310454545e+00 1.361454684024440e+00 9.836956236448726e-01 -1.618200001651322e+00 2.783426288857200e-01 6.489253834953054e-03 -3.604326305089585e-01 1.475576661236913e-02 7.885503674458220e-01 -2.913363445298551e-02 9.822538324930731e-01 -1.084780126134053e+00 1.402393503549271e-01 1.067158682116907e+00 5.945782096952099e-01 -1.367706919604971e-01 1.719691397014881e-01 -6.720970124519023e-01 1.430240212130575e+00 -4.275343993936613e-01 -6.709526198375002e-01 4.319051838421121e-01 -4.242939784154320e-01 -4.924616825169448e-01 -9.564314764583570e-01 -1.842047542874821e-01 -2.635667711056246e-01 -1.551881493354500e+00 -8.215227174833817e-01 2.021457249549044e-01 2.036229037906672e-01 -4.099379795020990e-01 6.498903891656647e-01 2.743707898110084e-01 6.672552422697545e-01 -2.526304452497675e-01 8.745755536071478e-02 8.111169644016529e-01 -7.032434769599700e-01 -1.225856483366081e+00 1.845595811888463e+00 2.723250168777903e-01 -8.797415125080355e-02 4.022135211056430e-01 1.179028389428076e+00 2.143765875129991e+00 -1.451983176378256e-02 -3.109390689544957e-01 4.623410157264030e-02 9.348580278097492e-01 -1.671006398700256e+00 -6.076612895283501e-01 3.231249000932181e-01 -6.201290930607249e-01 1.004286992606978e+00 9.978998007822567e-01 -8.459725377052916e-01 2.245855892400925e-01 -4.624417473204965e-01 -4.002399663667192e-01 1.280754180714443e+00 1.269413039634038e+00 -4.459662053242984e-01 2.070407086366976e-01 -9.798382300359790e-01 8.910090651738587e-03 -1.195230555828406e-01 -3.003559684535662e-01 3.642009366761496e-01 5.937442611007405e-01 -3.406337946175964e-01 -7.932266400080830e-01 3.643239400782059e-01 -7.304898521061907e-01 -3.304467116156911e+00 9.747717641050313e-01 5.456999518970310e-02 1.197886433254221e-01 -4.090238301510645e-01 -8.663994960492638e-02 9.092450325476714e-01 -2.449123161623059e-01 -2.788556096841387e-01 5.228538358463970e-01 2.005418837122412e-01 1.120519284071443e+00 -3.790734736295335e-01 -4.045422979532239e-01 9.382425445807167e-01 -2.071356978061586e-02 4.114536363516231e-01 7.785519976320709e-01 8.684060082786238e-01 1.042049426023493e-02 2.973493746684124e-01 -4.278262573093932e-01 -2.835086876395950e-02 1.856996814610281e-01 -4.395099435600247e-01 -1.090948753670906e-02 2.295166551559921e-01 -4.645908113516692e-01 1.201310385499085e+00 1.031928958701583e+00 -6.112186791020775e-01 4.191476976034939e-02 3.593195017758136e-02 2.272705465378398e-01 -5.293389067055366e-03 -1.816183914960106e-01 -2.194998787194329e-01 1.610643800193752e-01 -1.139567506096490e-01 -1.394338619137160e+00 -1.160715102165116e-01 -1.905556979095057e-01 -6.521221957240616e-03 4.522979936684171e-02 1.867329280889833e-01 2.950115307888789e-01 -2.873018789581895e-01 1.308656704881716e-01 -1.812450966586511e+00 1.790027823885562e+00 1.526328048413914e-01 -1.827245664636921e-01 -1.248855145552664e-01 2.811924842495184e-01 -6.379275470997636e-02 -3.481761014936253e-01 3.374236751183274e-01 6.359505755719713e-01 5.473736555858180e-01 -6.327398694843339e-02 4.328465372362904e-01 -6.948022627274355e-01 -2.189670076729287e-01 8.598324829826987e-01 8.024002249594654e-02 -3.474724942419236e-01 -5.857195196555881e-01 5.840437047508124e-01 -3.803509612627204e-01 2.132133717627874e-01 -6.205017352675998e-02 2.470268633024576e-01 1.881744752091271e-01 -1.371365238460199e-01 -2.296866061644144e-01 3.340820184454342e-01 7.088770833502603e-01 9.149073522577879e-01 -4.236501674936503e-01 -5.661237874341025e-01 -8.468590806352411e-02 -2.518338631439450e-01 -5.550773136623139e-02 -4.236576160950845e-01 5.209096457755321e-01 2.974968114800842e-02 -9.224837122771614e-01 3.931174146400693e-01 4.204412217008731e-01 2.068922694399835e-01 -3.059200048081091e-03 3.582947958340371e-01 6.891739951120549e-01 8.656911658744693e-01 -4.099484680880626e-01 -1.270060673532684e-01 7.586529761877332e-01 -6.386605515541900e-01 2.617016092504078e-03 -1.479102387126144e-01 -9.695933410408211e-02 -1.500935836278209e-01 -1.735553578767564e-01 3.232467838531877e-02 3.293461474977069e-01 5.085694117286045e-01 2.323165757983890e-01 1.622065101052445e-02 -4.130580999584504e-01 -4.424802739427317e-01 -5.262001461140318e-01 3.993525220062213e-01 1.104445095465902e+00 -4.431226479072119e-01 5.302255968567671e-01 -1.205739345465265e-01 2.839523049095206e-01 -6.219903251974624e-01 2.166635604161219e-01 2.576109935425566e+00 -2.226037976755395e-01 -4.188239890553820e-01 -1.016044534752069e-01 1.930326375241172e+00 1.775489743569757e+00 -1.455956345612747e+00 1.494599533850220e-01 -9.048148513843579e-01 4.638625780246088e-01 9.239415014485691e-01 -1.755046715809466e+00 -6.571061443337236e-01 9.586797908014333e-01 7.467318144288598e-01 2.462169848180355e+00 -6.091094479366247e-01 -1.616028013480230e-01 6.928316540014632e-01 1.040493880861674e-01 3.273748587013934e+00 -1.093544032231201e+00 -1.642224957236665e+00 7.783031365158415e-01 -2.333963317896904e-01 1.747443158104334e+00 1.575909853125134e+00 2.482114233663865e-02 2.490154268515537e+00 -1.368218717070829e+00 3.169121493587281e+00 -6.612417447009885e-01 -1.941050705487120e+00 -1.240397748075221e+00 1.307664091641338e+00 -5.212206985668669e+00 1.387900913961198e-02 -3.580163397667160e-01 2.468662749987808e+00 1.723002383875419e+00 8.923252151626511e-01 -8.296188008585722e-01 -3.215860264055984e-01 -6.933678380273003e-02 1.840066746661756e+00 -7.360477503210839e-01 -2.951903395561767e-01 -4.490415755830492e-01 1.226594832174864e-01 1.289003504917790e+00 2.397400211726765e+00 5.333470368825767e-01 2.357492460951296e+00 -1.218544524208792e+00 1.420858886842526e+00 2.224140505145982e-01 -6.371614523929102e-01 -2.189636222176946e-01 -3.081134001377041e-01 5.543889842399977e-02 2.544726588550582e+00 -2.143050385360583e+00 1.536779284642788e-01 1.256266588641247e+00 3.025394114134386e-01 2.459407904169049e-01 1.202814063098160e-01 9.002020219596514e-01 -4.863025339704653e-01 -7.809812641740321e-01 6.916673349955238e-01 -1.197690237825866e+00 2.381540837893859e-01 -2.367682689749697e-01 -1.330394958588143e+00 -6.431226164268956e-01 1.317515126221434e+00 2.049080121487080e-01 9.327018372714267e-01 -1.646540177936929e+00 -1.890785150002780e+00 -1.628226157967171e+00 -1.064375113621458e-01 -2.200034827432530e-01 2.617953461035827e+00 3.590979584154655e-01 1.628506260059553e+00 -1.781246416747969e+00 -1.202899047704160e+00 -1.368119182120040e+00 9.331967445374595e-01 -1.037578742456249e+00 6.247807674836851e-01 5.353718630239730e-01 -8.244043367318146e-03 -1.787074570016422e-01 -1.458974878699536e-01 -3.829044590337757e-01 9.899668801742970e-02 -2.071815481840741e-01 -7.488976669111899e-01 -1.148777583896002e+00 8.129204098887188e-01 -6.011577336505817e-01 -1.260101908247462e+00 -3.089700828051259e-01 5.350370624944325e-01 2.144997140860336e-01 -3.497151514950286e-02 -2.225898711563891e-01 1.441714574075438e-01 -1.040001564505840e+00 -5.095549255563973e-01 4.926919791459082e-02 1.626981994677203e+00 3.778862067269156e-01 -5.316683806345868e-01 -7.847850243712434e-02 1.537615409479255e-01 6.420526447651441e-02 1.504686252196527e-01 -7.090296824831387e-01 1.282907814919506e+00 2.900264258703846e-01 -7.749821487049238e-01 -9.238073347618401e-03 3.564370571814473e-02 -9.296717732632763e-02 -1.805539860901053e-02 1.809561289941758e-01 -1.226264146039169e-01 -1.859702512761310e+00 2.989509022754533e-02 -1.811836048850189e-01 4.307583016378540e-01 -9.789024462994321e-04 -5.813167521046766e-02 -2.900088076902176e-02 -7.636116061524570e-02 -1.719513905713656e-01 6.303177026718362e-02 -1.408548531180762e+00 7.500550039696281e-01 2.697889527109783e-02 1.917958764307967e-02 4.393101248411205e-01 4.759080832488892e-01 -1.996167255293445e-01 3.203879798725306e-01 -4.047568334982483e-01 2.379725612338879e-01 5.974640769864279e-01 -2.715132374777275e-01 -6.916161863102354e-01 -7.384706526945233e-01 1.455984705879748e+00 -6.408288821968844e-01 -7.689766726657605e-01 1.720641565161344e-01 1.811943482940214e-01 2.357893101277329e-02 -2.066092354574900e-01 2.323688274948351e-01 2.614919435567548e-01 -1.670319810958962e+00 -3.102326404515203e-01 5.870289401041122e-01 1.438895267137744e+00 -2.786535758465558e-01 2.972491839457840e-01 5.581068690407689e-01 5.268024995238408e-02 1.722821225372256e-01 6.717376962949943e-02 -2.218596752845953e+00 1.984242347556641e+00 -4.416560754840963e-01 -9.083073973468244e-01 1.152169077323619e-01 -2.386769960500464e-01 -4.715894692362152e-01 1.733110910265877e-01 -1.771459915497395e-01 -1.553015249205036e-01 -1.725907942458172e+00 2.042825984708420e-01 4.698822270606238e-01 8.020435776919778e-01 8.094229677776943e-02 1.863268784372258e-01 2.532716183096429e-01 2.087581918991454e-02 3.515904721995734e-01 1.369801043655308e-01 4.403126855047847e+00 -1.656531627442438e+00 -1.076029533096232e-01 -5.530998563482806e-02 -5.395975684780411e-01 4.917217202645267e-01 -4.497860887458574e-01 8.035127578931053e-01 4.617436692350936e-01 3.296513583080632e-01 -1.110633884194345e+00 1.593186486648672e-02 6.048455630992584e-01 3.022600818352359e-01 -1.114883059802736e+00 7.289161469869112e-01 -4.933117936569640e-01 -3.954829302532078e-01 4.101583602634805e-01 9.865401507478842e-02 -5.383221762484645e-01 1.013200135436385e+00 -2.459425068091068e-01 -7.632225099537870e-02 -8.815861106691291e-01 7.551028598980415e-01 2.316845686551932e-01 1.141791146428566e+00 -1.577200422752207e+00 -1.065282548847966e+00 9.622811525038762e-01 -1.157132811733981e+00 1.581261198844602e-01 -1.457761367404037e-02 5.403436601245093e-01 -7.522952406108396e-01 -3.242282438859193e-01 -7.819191610222184e-01 2.057833672844233e+00 8.410422298337552e-01 -5.595227966783886e-01 7.891818636491733e-01 -1.902800063346429e-01 9.211714293381229e-02 3.655663271186114e-01 -5.178229611016857e-01 2.858671737435911e-01 4.646698015943153e-01 -1.567700718167540e+00 -2.520402681480217e-03 1.921574396206097e-01 -2.067413775633589e-01 -1.742352214900001e-01 -6.939358377407545e-02 2.486755661527832e+00 -8.861772640067569e-01 -1.104872280675067e-02 -2.630093730121157e-01 3.627754412674013e-02 6.034974967050284e-01 -4.130253342110135e-01 1.875748161729331e-01 -7.408861143616230e-02 -1.089832121086982e-01 -7.444678025452319e-01 -6.309649234984581e-01 -1.920834913937598e-01 3.037239169967266e-01 1.312594358518460e+00 1.059046658125691e+00 -1.049619422320600e+00 -6.487236477607462e-01 -4.413279209756230e-03 1.488160553068938e-01 2.565142585992384e-02 -5.970698833283624e-01 -1.033056841493576e+00 -1.108544931466600e+00 -7.121791918300767e-02 1.907134337789500e+00 -1.336787256281725e+00 1.847414000475480e-01 -8.046774446331711e-01 -4.144935405876403e-01 5.320051833849626e-01 1.146572081396812e-01 9.948247783460040e-01 1.245520348750310e-01 -8.760604038690476e-01 1.692426543378952e+00 -4.395708591984480e-01 3.424954494566722e-01 5.555805942821593e-01 6.333468667828132e-01 -6.714528233445969e-01 3.169275157336415e-01 -7.087650299012200e-01 4.024534489184252e-01 1.021633567171706e+00 3.379844394814031e-01 4.540224522509331e-01 -3.420514016596841e-01 -2.243642573866780e-01 2.694606061983245e-02 -9.912181612043075e-01 -2.800222123148791e-01 3.012492939707025e-01 -1.848545611012354e-01 -9.366340578222436e-03 -1.968024843148059e+00 7.079735390447599e-01 4.306649290075953e-02 -1.435667620976669e-01 -3.114322972746092e-01 4.906313401641075e-01 1.314764922896512e-02 -1.247777223377563e+00 7.069474318289233e-01 9.668051319776794e-01 -3.362312279515457e-01 -2.189798527039492e-01 -1.605459642195656e-01 6.959748932833055e-01 -3.508042951113119e-02 -1.503956590268570e-01 9.967705147975364e-01 -1.214013006983008e-01 -3.136783248312561e-01 -8.396049807855459e-01 8.452616438931354e-01 1.289501216069926e+00 -1.046127547887131e+00 2.823596380950603e-01 -3.445418774879332e-01 1.811293346410695e-01 1.900922898208466e+00 -6.942023074026642e-01 2.435777447110186e-01 -3.583744847594251e-01 -3.649741407098907e-01 -1.376461552370069e+00 1.022089471565249e+00 -1.285929905255651e+00 3.039149642569992e-01 -3.908289817627882e-01 1.539674169250061e+00 -1.576931406515897e+00 1.597446805933178e-01 2.740658784856566e-01 1.789702543734169e-02 1.080948952888583e+00 -1.770907774208631e-01 1.510587441051781e+00 7.638847324448444e-02 5.585633164336630e-01 -1.649464818005378e+00 1.358852352685941e+00 -2.011625318544945e-01 -4.622618930375341e-02 1.792450768256672e-01 -5.555202372066490e-01 -2.109372650889395e-01 -8.780029951665026e-01 2.394554188995334e-02 -4.382998792574893e-01 -1.917297939894358e+00 2.096983408265265e+00 7.090271665142031e-03 -1.318752765078434e-01 -6.208809453615159e-02 1.268326769610384e-01 5.380689457405462e-02 -1.010721615747269e+00 6.997632036085533e-02 2.974371458594163e-01 8.423373460792049e-01 -6.451679807619985e-01 -4.053151589108722e-01 -7.476808726559783e-01 3.537959520037837e-01 -2.024448875248553e-01 -1.213923941049389e-01 -3.583320512732382e-01 -5.976953524449300e-01 -7.029581678787631e-01 -1.153175126437871e+00 8.758302947892290e-01 5.248689625628604e-01 -2.521744137397458e-01 -4.325879030204325e-01 2.292163621902634e-01 1.548460166849033e-01 1.078239957206871e-01 -2.151590664184001e-01 1.362256600032357e+00 4.748677851685444e-01 2.444669989863560e-01 -4.378503657196454e-01 7.492146663453439e-01 2.354491333003362e-01 -3.342172265870977e-02 5.232761020305289e-01 -5.098655672634482e-01 5.404250989223121e-01 -3.562404067847053e-01 -1.761402124441895e-01 -4.669666021346595e-01 -2.497948673974244e-01 -6.657490113624545e-01 -4.682928851580503e-02 -1.043264492982463e-01 -9.048567081532818e-01 -3.853229122757659e-01 2.380065936998740e+00 1.854697046010801e-02 1.615522121654913e-01 4.382473770255448e-01 8.230574289451280e-03 -2.075318627887465e-01 7.282098227267269e-01 3.525670578028690e-01 6.765520555097558e-01 -2.404304512726519e+00 1.144552771005511e+00 -6.759881702093135e-02 -1.750919133702466e-01 -5.520745209103892e-02 6.420667135283628e-02 2.776486897885495e-01 -2.955554801608961e-01 -1.733453115525805e-02 7.450895147749642e-02 -1.526367263293964e-01 -1.263284546252103e-01 -9.342176345814848e-03 -2.399255103862541e-01 -4.537323485922171e-01 1.002459469758504e-01 1.695588457642700e-01 3.039991054740519e-01 7.739255979085903e-01 -6.950091194862580e-01 -5.158991922065146e-01 -3.152776061377158e-01 7.715181235460568e-01 4.946501647338559e-01 -7.452871728576845e-01 1.055956271865988e-01 -2.458231507855571e-01 -5.122378177614259e-01 7.426171782095284e-01 6.258198472667720e-01 7.420468638125942e-01 -4.365127317093133e-02 -7.583978401652032e-01 -1.470585780035877e-01 1.336844233633370e+00 2.163550042675281e-02 -7.408415729466594e-02 2.951951191960140e-01 -9.870959217349295e-01 -1.080928027398156e+00 -2.544304100076367e-01 -1.146747546181296e-01 -3.350704881717132e-02 6.167686499848744e-02 -7.270368967879585e-01 1.450883955308382e-01 6.561080858404009e-01 -1.270197081030307e-01 -2.859147444270075e+00 9.090242961702197e-01 -3.564651928937126e-02 2.515321633568147e-01 -9.534142294317791e-03 4.230108882161534e-02 3.767291663725201e-01 2.646473861932200e-01 -3.200847146118534e-01 -3.037840432389980e-01 1.326567674205101e-01 1.368281419919147e+00 2.426306904599057e-02 -3.035318290451542e-01 3.013859223869322e-01 -1.098561880207337e-01 -2.248467199925959e-01 -3.639807984550633e-01 -1.474974424127667e-01 3.244164779153322e-01 -5.933072756854644e-01 -1.125852401286168e+00 6.177654962471824e-01 8.434011848898978e-01 6.650751516693862e-01 5.903797697082174e-01 -3.178271692929187e-01 3.070056968179666e-01 -1.743154882038714e-01 1.489121608399366e-01 8.080893059970835e-01 1.018758905617599e+00 -8.372153508305286e-01 1.606832796315122e-02 -1.550898704654534e-01 -1.364672667524785e+00 -1.430251027380445e-01 5.820658236279119e-01 1.204433588057171e-01 3.748103071969706e-01 -6.972858390273523e-01 -5.658558981479058e-01 2.784929219673486e-01 -3.555434590839632e-01 8.131935143922524e-02 1.498266283002433e+00 5.416899060151644e-01 -1.325248413040992e+00 -3.965505898278429e-01 -5.156834674192445e-01 -5.197388133126449e-01 2.560447947982702e-01 -2.465747625607376e-01 -6.436299767201589e-02 3.229424393640109e-01 -9.513296598644152e-01 -3.714595273614478e-01 1.272549552056703e+00 3.410719897547126e-01 -2.164573837441516e+00 4.297133293742160e-01 -7.350797912571216e-02 1.112272267630942e-01 1.176635706079046e-01 3.584756155859939e-01 2.000643559686593e-01 3.643437367564147e-01 -9.860879058981876e-01 -1.395005000724662e+00 7.302918861987994e-01 1.170347438546016e+00 -5.307131316137049e-02 -3.920280230101143e-02 2.356840687711939e-02 -5.856459524068444e-01 1.448590138969660e-01 -3.396094126202130e-01 4.568088770290018e-01 8.736056440128823e-01 # reg. coeffs
1.021909244989265e+00 7.905292441246668e-02 6.581916158361158e-02 8.688267838303397e-02 1.103357802945050e-01 1.266048357557759e-01 1.417598361347030e-01 1.523587938287989e-01 1.642654320499434e-01 1.743340594710733e-01 9.241986829016250e-03 7.953317514682933e-03 1.030409070555989e-02 1.308545334070936e-02 1.513793496605637e-02 1.686565352466540e-02 1.820534665724485e-02 7.796968024999081e-03 1.003954738416308e-02 1.201149193573718e-02 1.357032298895110e-02 1.486217011443924e-02 8.952504582375818e-03 1.229554299840966e-02 1.078974962915306e-02 1.445152986878830e-02 1.209873193866690e-02 1.602387410097447e-02 1.338933690861868e-02 1.442041175197976e-02 1.233316997542213e-02 1.681568353995711e-02 1.366659847114546e-02 1.485582179235139e-02 1.336075757158328e-02 1.489568280040409e-02 1.446446732987131e-02 1.541405968682306e-02 1.540322701442276e-02 1.605488691143162e-02 1.375565824798193e-03 1.181086750142451e-03 1.501055118716147e-03 1.142415172683669e-03 1.297117806413516e-03 1.741986600744396e-03 2.140641404148679e-05 1.767102751158096e-03 7.794154050552713e-04 1.449285811481893e-03 1.309025822707424e-03 6.825736708391057e-04 1.912518559473196e-03 4.125587725908566e+00 8.477775149623966e-01 3.857655037205919e-01 5.132706875518054e-01 7.272275303725394e-01 8.362270743891799e-01 9.490142448439453e-01 1.015104590292295e+00 1.088282043978176e+00 1.145546586621383e+00 2.325666822034378e-01 1.044903834925843e-01 1.315101122143471e-01 1.814387362813510e-01 2.192765937591129e-01 2.521099490277980e-01 2.690522206366521e-01 6.018128395821586e-02 8.305210196890093e-02 1.050384440842356e-01 1.227652843650417e-01 1.354366178734141e-01 7.378716100615754e-02 1.055355364647638e-01 9.700049845433531e-02 1.299897802617625e-01 1.088783457303378e-01 1.450500382055154e-01 1.225223077955423e-01 1.312531824069823e-01 1.171489215391294e-01 1.601385897884283e-01 1.305170290188873e-01 1.430548814342603e-01 1.316017210095532e-01 1.445689675462171e-01 1.424788149135930e-01 1.500920307247404e-01 1.531941654335825e-01 1.583096846138700e-01 7.663552934623521e-02 3.324447284507509e-02 3.993297337560484e-02 1.710408231384288e-02 2.002035798485837e-02 2.765693801806771e-02 3.398624685640536e-04 2.131818613772575e-02 1.136354749569617e-02 2.216953494286105e-02 2.002399629369605e-02 1.044123990372313e-02 2.925554552263071e-02 1.189086399672356e+01 5.829238430997411e+00 1.081239616905313e+00 1.472787154974849e+00 2.858195783600958e+00 3.397866384553006e+00 3.543815035684127e+00 4.879988002735935e+00 4.141789087422995e+00 4.611023325303440e+00 3.239773637411310e+00 5.753820067508945e-01 7.022820592080827e-01 1.168353741443338e+00 1.587196497749492e+00 1.874856308619008e+00 2.524294818502202e+00 1.404663233163917e-01 2.227837149078391e-01 3.147336401311066e-01 3.997466517716656e-01 4.880510032797852e-01 1.944949910197405e-01 3.110978872951204e-01 3.313906504811483e-01 4.271376676504506e-01 3.507322188549762e-01 4.717173948757526e-01 4.082995203052305e-01 4.528523197906028e-01 5.868293100780363e-01 7.360978842220506e-01 4.887585268637369e-01 5.534647109518988e-01 9.376319382282892e-01 7.088308048269472e-01 5.845428549837844e-01 7.810016295460132e-01 6.686082280243664e-01 9.340904578012192e-01 1.975157793587356e+00 3.417750155036755e-01 3.916437250824517e-01 7.041838355810860e-02 8.586438026259041e-02 1.404133767470717e-01 1.725470723096641e-03 7.316938635146851e-02 5.243169516317882e-02 1.076729852399196e-01 9.725253429682879e-02 5.071100827949768e-02 1.420883175656498e-01 2.298714675236446e+01 2.187609803446502e+01 1.436386311536490e+00 2.216459570293524e+00 6.548245593388795e+00 8.497050786377233e+00 7.550003031660114e+00 1.786523836662351e+01 1.029946811927893e+01 1.377135919578443e+01 2.228518376556633e+01 1.193971296661318e+00 1.625716944505459e+00 3.683228850196386e+00 6.553011152194991e+00 6.833462944649805e+00 1.828762334491984e+01 1.192577158708720e-01 2.049084030708056e-01 3.364731626332211e-01 4.692364509363545e-01 8.245392392863464e-01 2.390582619823760e-01 3.642266804280098e-01 4.864190768358885e-01 6.018431982511369e-01 5.281331784334740e-01 6.289061362625535e-01 5.462883860787603e-01 8.890842834858924e-01 2.256592179607124e+00 2.428798611772779e+00 9.347512398967245e-01 1.014924283176535e+00 4.771475894010059e+00 2.813204626116785e+00 1.357057106417153e+00 4.247926145566680e+00 1.640203996005075e+00 6.036817448172944e+00 2.328605534288583e+01 1.083476525629191e+00 1.363328008771558e+00 8.682691812961800e-02 1.611579338747849e-01 2.131920769615096e-01 2.619812269424123e-03 9.623377730127311e-02 8.378853424910333e-02 1.950649221885315e-01 1.761867936788205e-01 9.187020181618195e-02 2.574131900224031e-01 2.839863133556859e+01 3.420868657126220e+01 1.042867967821147e+00 1.928591803765732e+00 6.512602984349144e+00 8.394112488150773e+00 7.538780626865417e+00 2.626070274423905e+01 1.365772853933979e+01 2.061675251437979e+01 4.351740661569192e+01 9.129386619658522e-01 1.608880649749145e+00 3.936384205444789e+00 8.054286024065735e+00 8.168738259415440e+00 3.427854489792601e+01 8.757751138601987e-02 1.394114429641825e-01 1.484313852848820e-01 2.248092977959598e-01 4.719956040638951e-01 2.794595074975337e-01 2.025712208286941e-01 2.604395249661175e-01 3.975933909543855e-01 3.576582757972605e-01 4.108560608583930e-01 3.001893875407696e-01 8.747483428373826e-01 2.333809631027299e+00 2.425221043970943e+00 7.243513223179240e-01 7.197859981700874e-01 4.809589664077640e+00 2.611615586567564e+00 1.263624774511376e+00 5.682503800448460e+00 1.535775051615320e+00 1.047178077043933e+01 5.608427475991019e+01 8.635755932003235e-01 1.482824668254014e+00 7.396987051639098e-02 2.287622251426125e-01 1.084314634244000e-01 1.332460766457762e-03 5.948077273525570e-02 5.606460808246459e-02 1.469283222378768e-01 1.327087910284570e-01 6.919919001869818e-02 1.938907708651836e-01 3.205327460737123e+01 4.159205785065873e+01 1.580994517767804e+00 2.894071765804470e+00 8.274816037212750e+00 8.998846458932919e+00 9.148048161262814e+00 2.624500566347222e+01 1.563868054055449e+01 2.489962512959648e+01 5.697975676676266e+01 1.699108179035402e+00 2.848181025780823e+00 6.261195555686047e+00 9.992400944807471e+00 1.097958883493980e+01 3.616330525074495e+01 1.651237309704518e-01 2.771333555766332e-01 3.563568535755490e-01 4.939553438431914e-01 7.697083034193530e-01 4.214992156517423e-01 4.732334290316522e-01 5.195454408785293e-01 7.614743412586872e-01 5.574282386390867e-01 7.626910313574610e-01 6.293105421197432e-01 1.007442278717733e+00 2.848640662809995e+00 3.205201898308764e+00 1.060650180733369e+00 1.158824734956356e+00 4.667398394744614e+00 2.255323452436379e+00 1.519067769918351e+00 4.897859402713071e+00 1.968820990071851e+00 1.083206943471585e+01 7.955168915939889e+01 1.984387299418672e+00 3.118685102071517e+00 1.635836635496706e-01 3.861268488448982e-01 2.867176302976893e-01 3.523331525353586e-03 1.522975075769452e-01 1.317635769373536e-01 3.446429602102946e-01 3.112888644568365e-01 1.623173349355156e-01 4.548006008007521e-01 7.905292441246668e-02 9.241986829016250e-03 1.375565824798193e-03 7.953317514682933e-03 1.181086750142451e-03 1.310675927954562e-03 1.030409070555989e-02 1.501055118716147e-03 1.613220021261096e-03 2.248199696199549e-03 1.308545334070936e-02 1.930217860049006e-03 2.008975736645582e-03 2.665115512002531e-03 3.395341098461379e-03 1.513793496605637e-02 2.240142895352152e-03 2.327127245946243e-03 3.035080995953266e-03 3.764991140111056e-03 4.419858008051605e-03 1.686565352466540e-02 2.485328266752433e-03 2.577960477719457e-03 3.390306630264355e-03 4.178055024457957e-03 4.779766013328316e-03 5.407207225133443e-03 1.820534665724486e-02 2.685587554276230e-03 2.800798150691135e-03 3.675922874811668e-03 4.556795793416335e-03 5.184453573134861e-03 5.749503136860214e-03 6.343156977440378e-03 1.954943871378049e-02 2.877660023365152e-03 3.006359062327299e-03 3.950936720666343e-03 4.889237877688652e-03 5.594558671061785e-03 6.172923229600749e-03 6.699886357590334e-03 7.303896290053335e-03 2.080992060476233e-02 3.070634397097027e-03 3.193435865780797e-03 4.203559137064015e-03 5.210143478951408e-03 5.956907688093717e-03 6.600753579702146e-03 7.128582552649224e-03 7.663480562277447e-03 8.265407986500444e-03 2.448620955747170e-01 2.513995675546355e-02 1.974480021950623e-02 2.522624716031608e-02 3.249161655346795e-02 3.788218822734334e-02 4.237667391141475e-02 4.561949451819593e-02 4.896590895622920e-02 5.209838907665116e-02 8.477775149623966e-01 7.351590075399758e-02 9.137021245401054e-03 6.710855126386675e-03 8.279051884525612e-03 1.092936996210220e-02 1.288874883970652e-02 1.440176130952708e-02 1.551297667424009e-02 1.657250395797686e-02 1.769420737946777e-02 2.325666822034378e-01 7.663552934623521e-02 3.651587913032814e-02 4.626925477659940e-03 4.599927575339535e-03 5.273502930449707e-03 6.730128095948509e-03 7.945354828047341e-03 8.855535761012326e-03 9.588108163047370e-03 1.028307115467217e-02 1.092987835572654e-02 1.044903834925842e-01 3.324447284507509e-02 2.080916287514636e-02 4.703872510919311e-02 5.801253975897729e-03 5.405098375053524e-03 7.865426190199094e-03 9.145482473490844e-03 1.048160609638995e-02 1.178768393028379e-02 1.274847648200281e-02 1.373603068726740e-02 1.459532245213082e-02 1.315101122143471e-01 3.993297337560484e-02 2.185417293737527e-02 3.439041583693047e-02 6.349256271102227e-02 7.885356334060331e-03 7.086483878851558e-03 9.416914232030497e-03 1.251175918504250e-02 1.359721069575068e-02 1.516690389618189e-02 1.655804400071805e-02 1.776796615177450e-02 1.895576156975633e-02 1.814387362813511e-01 5.587013986389813e-02 2.959596335147835e-02 4.006160650187283e-02 5.837042254982177e-02 7.585131079213250e-02 9.538528096001605e-03 8.469416229490006e-03 1.090717323851926e-02 1.379847621695927e-02 1.669799931875956e-02 1.777046883030750e-02 1.919217773790736e-02 2.079197528082346e-02 2.214840979993938e-02 2.192765937591129e-01 6.932319406982888e-02 3.645790822820223e-02 4.691047223352125e-02 6.252036421849547e-02 8.045180714576845e-02 8.621905825491552e-02 1.072347901741117e-02 9.495889024413047e-03 1.232219294712519e-02 1.544634572935253e-02 1.786368031599898e-02 2.063022952994467e-02 2.150463667109522e-02 2.306256378628801e-02 2.474549809593383e-02 2.521099490277980e-01 7.953552064210409e-02 4.150642000578676e-02 5.351377946855334e-02 7.056638309268209e-02 8.442826147152982e-02 1.014887657015203e-01 9.234610406116067e-02 1.154799995787962e-02 1.029289457966998e-02 1.333067008389659e-02 1.686335918944696e-02 1.930681557418964e-02 2.150722032453327e-02 2.398868313412983e-02 2.497984694342884e-02 2.657216146811777e-02 2.690522206366523e-01 8.522421488513254e-02 4.483113063532929e-02 5.787921639213060e-02 7.733067742197355e-02 9.075035252859760e-02 1.029823925253262e-01 1.166850735131424e-01 9.904063760422632e-02 1.232545671060796e-02 1.101193255737061e-02 1.432360494919956e-02 1.805418579683808e-02 2.085303797699859e-02 2.302644897386960e-02 2.492159361230045e-02 2.753491047916000e-02 2.851705028095248e-02 2.875433603636214e-01 9.053445002072134e-02 4.781656702487525e-02 6.239650851351326e-02 8.289720080402711e-02 9.856940495412042e-02 1.099177177702279e-01 1.187070552729382e-01 1.333947507978053e-01 1.050145994273262e-01 1.313671015883563e-02 1.168799246246274e-02 1.522048493168404e-02 1.925899120461865e-02 2.221316237509603e-02 2.469225873774196e-02 2.648827019254460e-02 2.850797156384580e-02 3.110779944182716e-02 3.038344574814151e-01 9.624237424519154e-02 5.076690052149135e-02 6.611562645639558e-02 8.842744425095497e-02 1.049212001013560e-01 1.181531912977773e-01 1.258820521667728e-01 1.353698237275162e-01 1.498337872156170e-01 5.383517409864603e-01 4.805576165823203e-02 3.542058064099378e-02 4.458585052991205e-02 5.806067713359512e-02 6.815565687094419e-02 7.659421020286229e-02 8.221324231058032e-02 8.819479319939122e-02 9.374797006062267e-02 2.096082238866981e+00 5.118302506034169e-01 2.100698463419984e-01 2.580828545203531e-01 3.637381795855086e-01 4.451389253344866e-01 5.174624404685721e-01 5.543674644223872e-01 5.846865682188538e-01 6.156764179922147e-01 5.829238430997411e+00 3.257361823436413e-01 3.237943705097444e-02 2.160213872231893e-02 2.597735582056643e-02 3.475506871008462e-02 4.158727736786783e-02 4.693114367299935e-02 5.037634523996887e-02 5.366497898708514e-02 5.721494539335302e-02 1.224506980121097e+00 3.393219964689537e-01 1.287446865856538e-01 1.488958682997513e-01 2.128353920236327e-01 2.704733774214148e-01 3.190550082005733e-01 3.432909092768331e-01 3.576829015253011e-01 3.777751193876364e-01 3.239773637411310e+00 1.975157793587356e+00 7.722542996215029e-02 8.145834787560471e-03 7.191553189533354e-03 7.606526614922826e-03 9.967872136575505e-03 1.204145311727995e-02 1.354614825059198e-02 1.463103132983489e-02 1.564228439315656e-02 1.664985796729269e-02 2.543414926781951e-01 7.298461731905471e-02 4.163897724251418e-02 3.924215188262870e-02 5.465246435331740e-02 6.951127259896335e-02 8.086257246476450e-02 8.733156411925597e-02 9.237473197219703e-02 9.802771659602566e-02 5.753820067508946e-01 3.417750155036755e-01 1.056474445822707e-01 1.002486605299959e-01 1.028614828015296e-02 8.153178287383819e-03 1.228682993471543e-02 1.406354876609195e-02 1.628119469869510e-02 1.839736186462071e-02 1.991469276914004e-02 2.149084268238560e-02 2.279955228465441e-02 3.206040889222261e-01 8.797603097966451e-02 4.100534894288296e-02 6.733894930957293e-02 7.663609503012644e-02 9.091461414961638e-02 1.047729954017046e-01 1.137502948369495e-01 1.226665373497297e-01 1.297365674645217e-01 7.022820592080827e-01 3.916437250824517e-01 9.155250566770745e-02 1.670273529123763e-01 1.503952588575281e-01 1.490697791926800e-02 1.156171440221194e-02 1.537640646690655e-02 2.132259887834778e-02 2.270598852961701e-02 2.548086732391634e-02 2.790007415265920e-02 2.992052197118754e-02 3.194843395183423e-02 5.050685776814322e-01 1.321979632451228e-01 6.014247088677381e-02 8.161014502030031e-02 1.280741146418752e-01 1.317514724127557e-01 1.497540786728813e-01 1.659670370681690e-01 1.774872126546103e-01 1.890092114411389e-01 1.168353741443339e+00 6.142951778399433e-01 1.375459765823743e-01 1.958990159381673e-01 3.954400447938599e-01 1.898198625988869e-01 1.936982518720999e-02 1.467073424413054e-02 1.859083622785705e-02 2.404037788117909e-02 3.002005970704721e-02 3.152747258699240e-02 3.393610548799482e-02 3.685582154192044e-02 3.924893282254665e-02 6.545590804993965e-01 1.773915787139563e-01 7.904282403379113e-02 9.935745496756908e-02 1.370401612253531e-01 1.868817666191747e-01 1.898748320394520e-01 2.031151487752659e-01 2.221690067383463e-01 2.378831251914172e-01 1.587196497749491e+00 8.757222895367598e-01 1.874635905346796e-01 2.397305811681864e-01 3.757539009209867e-01 6.563589311331894e-01 2.258858321467479e-01 2.276336028335908e-02 1.707288944419801e-02 2.154196180466751e-02 2.762030195518361e-02 3.250535313236656e-02 3.837738531536842e-02 3.930997119573833e-02 4.197327576663825e-02 4.512635726328020e-02 7.820725917931400e-01 2.173599903121914e-01 9.492846224516704e-02 1.168626769133778e-01 1.587318844541327e-01 1.952385924006378e-01 2.448976117733155e-01 2.434440517604126e-01 2.564467740641589e-01 2.755387003684788e-01 1.874856308619008e+00 1.115714659940709e+00 2.345767447469681e-01 2.870874026497728e-01 4.269944009020622e-01 5.592453856931262e-01 7.810874331488709e-01 2.482332177668195e-01 2.464749018763445e-02 1.859072676732870e-02 2.339391435871582e-02 3.033729762605165e-02 3.519811969202276e-02 3.951942428435939e-02 4.449520433978657e-02 4.566264982454084e-02 4.849433327314422e-02 9.234149025020496e-01 2.411132791646649e-01 1.037336312950558e-01 1.275010838904970e-01 1.764802039884206e-01 2.104883931801285e-01 2.465503157048639e-01 2.856631424426792e-01 2.794355368579843e-01 2.943656267157369e-01 2.524294818502203e+00 1.444001357402746e+00 2.620779315951481e-01 3.170419142734955e-01 5.001881130221181e-01 6.110512351506864e-01 7.988372525759098e-01 1.231533845088417e+00 2.576529220657814e-01 2.610777877192437e-02 1.972338275915128e-02 2.508282219835727e-02 3.237011665851013e-02 3.792571954993769e-02 4.204705804370821e-02 4.540040023134197e-02 5.069419274271340e-02 5.185824831237922e-02 8.839432632430539e-01 2.460854097538745e-01 1.088386522700386e-01 1.370479975266241e-01 1.886854751760635e-01 2.289894537479333e-01 2.585730621502408e-01 2.785897217565612e-01 3.165395412349568e-01 3.154348812921966e-01 2.104691340126114e+00 1.240822589973294e+00 2.661908113740127e-01 3.390589356259465e-01 5.282359443209322e-01 6.720639520739071e-01 7.909795063151073e-01 8.872265045102297e-01 9.894246044177257e-01 2.699830948729381e-01 2.763047127384579e-02 2.088795129581880e-02 2.657005361204472e-02 3.448242741762066e-02 4.033704720257562e-02 4.503529333982765e-02 4.805130768413881e-02 5.171015716963327e-02 5.698051062385116e-02 9.305709868257174e-01 2.577739799490745e-01 1.148506896946316e-01 1.445309460094212e-01 2.002811839218603e-01 2.447386422732437e-01 2.762769548402347e-01 2.921558178692401e-01 3.140979129421822e-01 3.525165099043050e-01 2.268204609941127e+00 1.305280505211465e+00 2.792566257220507e-01 3.564347794427041e-01 5.508646231139517e-01 8.157421508263640e-01 8.355233999696628e-01 9.570916996163353e-01 9.505608374095231e-01 1.173201872662009e+00 8.532602055418793e-01 6.729632866206733e-02 4.862331049143184e-02 6.067698145629456e-02 7.934065375091311e-02 9.338876317551555e-02 1.052732176325601e-01 1.127444913543733e-01 1.209332131333529e-01 1.283940093377589e-01 3.651512478442741e+00 7.989157360840687e-01 3.075104219622633e-01 3.712621164125317e-01 5.310690880539032e-01 6.577673688586083e-01 7.684834610650623e-01 8.349985153986508e-01 8.613629056108936e-01 9.058743035759755e-01 1.102172024314352e+01 5.866989989378864e+00 9.097285515746578e-01 1.080996440290141e+00 1.872862124484576e+00 2.701218069894576e+00 3.114560277250584e+00 4.771878748188082e+00 3.494351511646616e+00 3.897054792811793e+00 2.187609803446502e+01 8.189438350834065e-01 6.413647167712420e-02 4.143682184495605e-02 4.925834197749641e-02 6.602613591102297e-02 7.949054449132310e-02 9.041716795789964e-02 9.679470828528795e-02 1.028967379067696e-01 1.093744408930607e-01 3.643464182164006e+00 8.178999265518223e-01 2.769785340600751e-01 3.108745628854651e-01 4.515008786068682e-01 5.870249694641001e-01 7.083452820963146e-01 7.914540294408788e-01 7.807142374990288e-01 8.203398651281585e-01 1.119473235558386e+01 6.184345642151791e+00 8.453121521733343e-01 9.182007198493182e-01 1.502580859579491e+00 2.375370372514048e+00 3.027295098206960e+00 4.980252929495073e+00 3.353644587164590e+00 3.692679613027430e+00 2.228518376556633e+01 2.328605534288584e+01 7.986786780936302e-02 7.155738721082236e-03 5.824876984663995e-03 6.204995715536134e-03 8.156068792264787e-03 9.880593629095860e-03 1.116088746609190e-02 1.204471295111543e-02 1.285827565411113e-02 1.370743392644129e-02 2.901230338111737e-01 7.387777949481258e-02 3.898314961596563e-02 3.654663073317471e-02 5.103413714230038e-02 6.527562601085149e-02 7.674183330599108e-02 8.321792621958789e-02 8.753765988063114e-02 9.287840495866637e-02 7.138530768974717e-01 3.966644064303116e-01 1.183412685781383e-01 9.945966202071038e-02 1.489447703351871e-01 2.047199901859373e-01 2.611466388445807e-01 3.002484837195077e-01 2.969296193827676e-01 3.116116585355599e-01 1.193971296661318e+00 1.083476525629191e+00 1.604063562743142e-01 1.139578018889885e-01 1.003637679905333e-02 7.347477584686550e-03 1.063902163487860e-02 1.245627013619362e-02 1.457479899502448e-02 1.644495152343416e-02 1.782731439705702e-02 1.920384265324862e-02 2.040355864076574e-02 4.065811859327180e-01 1.001116659750067e-01 4.251586780562397e-02 6.736611566417465e-02 7.782464094883663e-02 9.386570854754442e-02 1.086539007145956e-01 1.184157135331116e-01 1.272018787204587e-01 1.347293040607169e-01 9.839429806352563e-01 5.176175729346293e-01 1.110694987666318e-01 2.023064253224448e-01 2.338354903448250e-01 2.915575596326564e-01 3.548597314053627e-01 3.995677935086599e-01 4.210026248034821e-01 4.436709677193431e-01 1.625716944505459e+00 1.363328008771558e+00 1.387105587606233e-01 3.025937984965392e-01 2.002464511298783e-01 1.512237722018540e-02 1.099071437451861e-02 1.457423371193496e-02 2.037271048459381e-02 2.168479219553536e-02 2.443295675327248e-02 2.679196010797629e-02 2.865504617146158e-02 3.061310947191311e-02 7.951700130981944e-01 1.606633542584371e-01 6.579657564486466e-02 9.019082093930875e-02 1.543450235760563e-01 1.494963194220040e-01 1.689635121200743e-01 1.935311691099201e-01 2.041393852904701e-01 2.148951077242694e-01 2.115922917607046e+00 9.052724198837142e-01 1.752306683621376e-01 2.598564805317223e-01 7.140331164187562e-01 5.571564621639884e-01 5.848656770727090e-01 7.942394072808446e-01 8.082257790287596e-01 7.883221943521476e-01 3.683228850196389e+00 2.553044317600261e+00 2.151437923751973e-01 3.595966904276877e-01 1.768345789035106e+00 2.751389245512427e-01 2.116112487370463e-02 1.483432408553614e-02 1.875880725705263e-02 2.449042809278107e-02 3.075200463495334e-02 3.231360574020468e-02 3.475036707216416e-02 3.773548559684439e-02 4.022711066108499e-02 1.170649624941120e+00 2.391690080076907e-01 9.182962981677939e-02 1.149111839437551e-01 1.659526034085176e-01 2.508915716917912e-01 2.274201687415043e-01 2.444739082151664e-01 2.704269127311922e-01 3.092640554389975e-01 3.416037925170811e+00 1.575682417968173e+00 2.551929755574955e-01 3.251697845545801e-01 5.961536267796490e-01 1.478053547699102e+00 8.176569839983779e-01 9.728419402991885e-01 1.054305338347177e+00 1.797756241577805e+00 6.553011152194993e+00 5.421144131812461e+00 3.174761612283055e-01 4.561584555459698e-01 1.165954985720695e+00 4.374914892350453e+00 3.334470534907936e-01 2.697754863879860e-02 1.853569729867166e-02 2.286677942712139e-02 2.977181089003699e-02 3.541969904022119e-02 4.204323551774968e-02 4.311574166868835e-02 4.582043568900127e-02 4.915692125650541e-02 1.347089473142590e+00 3.162440479250694e-01 1.200730966549541e-01 1.422345541657362e-01 1.984066702906165e-01 2.490925610153155e-01 3.215951243313629e-01 3.215140492447464e-01 3.311693179727406e-01 3.533881873773191e-01 3.721509038263979e+00 2.048550557271369e+00 3.529058184108098e-01 4.112144313616025e-01 6.399558749109759e-01 8.730339330796653e-01 1.301488209045993e+00 1.416187059199022e+00 1.302618070254485e+00 1.339819873591194e+00 6.833462944649805e+00 6.652141084125232e+00 4.482900873549644e-01 5.983650811737251e-01 1.043334550806670e+00 1.581258274637587e+00 2.732357069828619e+00 4.811860338327802e-01 3.107085632257480e-02 2.096509793148128e-02 2.550232918651893e-02 3.358977188797573e-02 3.957192521644963e-02 4.506647643917488e-02 5.038814477452170e-02 5.148415004768300e-02 5.453123526439480e-02 2.502673097725988e+00 4.512101077954184e-01 1.415644994347319e-01 1.612744788707150e-01 2.318895406708677e-01 2.837724979739131e-01 3.553840018600224e-01 4.741031754991246e-01 3.858532427436283e-01 4.111533119572039e-01 8.632991187622647e+00 4.383461774728531e+00 4.572102909462894e-01 4.860433686485642e-01 8.595557067542569e-01 1.127600708848012e+00 1.628374142405942e+00 4.183172319448918e+00 1.776892059383139e+00 2.375935553250947e+00 1.828762334491985e+01 1.899597970246506e+01 6.207976683526335e-01 7.504429711867563e-01 1.802243253247304e+00 2.572319313503950e+00 3.809966053193640e+00 1.791794598978055e+01 4.052706767909589e-01 3.231074964836609e-02 2.214850599113835e-02 2.741025881768683e-02 3.599610215421419e-02 4.272589708038605e-02 4.782378534410438e-02 5.141691749051822e-02 5.698217790690027e-02 5.852190727858952e-02 1.685070358662231e+00 3.838446287346102e-01 1.436625683656549e-01 1.726107028150904e-01 2.477420266695282e-01 3.072319365966963e-01 3.560031561686295e-01 3.860553795289907e-01 4.273017840635394e-01 4.234476376633868e-01 4.845693676510336e+00 2.608388110064233e+00 4.229571084855674e-01 5.078164020297224e-01 8.883673029815154e-01 1.152414285940040e+00 1.432300760626892e+00 1.808877436951004e+00 1.802466069396262e+00 1.633706895496343e+00 9.234226320545135e+00 9.075230083817269e+00 5.416094068257786e-01 7.537136717633937e-01 1.781768665562385e+00 2.320435861301146e+00 3.138909206281705e+00 5.456904073396319e+00 4.955317284415972e+00 4.356468600088698e-01 3.357224845169144e-02 2.324199534873805e-02 2.882429177477695e-02 3.801193172702066e-02 4.513058339339102e-02 5.052449010790236e-02 5.374464822479394e-02 5.778899062185813e-02 6.340194508848039e-02 1.950132173393754e+00 4.017124183491144e-01 1.490583926871037e-01 1.802309384860104e-01 2.591476139231635e-01 3.545736186667336e-01 3.705180568949153e-01 4.063116145592495e-01 4.177346963244456e-01 4.910070248506346e-01 6.078879560619580e+00 3.021356080190826e+00 4.359007803927116e-01 5.274115043651826e-01 8.878970774393112e-01 2.056448858509612e+00 1.441413336139334e+00 2.469383968154281e+00 1.637315768393941e+00 2.818193993655129e+00 1.224226045684709e+01 1.173541120953931e+01 5.691872645415781e-01 7.948296295637604e-01 1.596678724117558e+00 6.218088976972871e+00 3.019396046420422e+00 9.844128851450593e+00 3.827290081261113e+00 1.017823399275077e+01 9.574313126986238e-01 7.032135919317624e-02 5.167046999807810e-02 6.452758125928780e-02 8.422311030013535e-02 9.893709366672818e-02 1.115190194567602e-01 1.193362497355029e-01 1.281187783036967e-01 1.359097551778739e-01 4.292368334557830e+00 8.782970156664176e-01 3.314333848968161e-01 3.987146438472066e-01 5.732826730504386e-01 7.150415910982483e-01 8.312222116063475e-01 9.132499280890725e-01 9.296787540634203e-01 9.789682368461216e-01 1.344178801668623e+01 6.966502087155735e+00 1.009388158016441e+00 1.186461048627315e+00 2.092261743007551e+00 3.182523154726022e+00 3.540075568741541e+00 5.801587790915585e+00 3.989380840301373e+00 4.576720837105459e+00 2.723000085106846e+01 2.762782507805598e+01 1.356919637038420e+00 1.836822306585505e+00 4.225069947898201e+00 8.210948898977680e+00 8.160125245846478e+00 2.321712578079524e+01 1.127582838735385e+01 1.542060477182340e+01 3.420868657126220e+01 1.057770716558259e+00 7.085484220633254e-02 4.682259414300314e-02 5.587894556884127e-02 7.457053408016442e-02 8.945979035176267e-02 1.017811873303469e-01 1.089048172254647e-01 1.158373988753237e-01 1.228436268953469e-01 5.131425459754198e+00 1.008210099879381e+00 3.242286580734565e-01 3.606016415860703e-01 5.280664060417859e-01 6.976386657107639e-01 8.387223527031070e-01 9.761879899289865e-01 9.192006749940670e-01 9.673951050714500e-01 1.677569142976938e+01 8.762681362626349e+00 1.052708241259060e+00 1.112746619767366e+00 1.874758077408001e+00 3.270706178162546e+00 3.953240598234797e+00 7.449449743851010e+00 4.433360667555840e+00 5.123519938022521e+00 3.455045077667698e+01 3.560198384559975e+01 1.412273520155341e+00 1.742545429211713e+00 3.387389467646651e+00 8.427338931696632e+00 9.484449215050855e+00 3.047268818797541e+01 1.356091578466954e+01 1.849177752432671e+01 4.351740661569192e+01 5.608427475991019e+01 4.800171498297953e-02 3.961321662686694e-03 3.201984436113899e-03 3.829473059621431e-03 4.919352329231522e-03 5.828015047472487e-03 6.534848285760781e-03 7.052922905050724e-03 7.559210308413411e-03 8.054752747663820e-03 1.800796188009321e-01 4.145185467211784e-02 2.063242632419271e-02 2.274725451869523e-02 3.095969198242478e-02 3.835833094442226e-02 4.431430260221098e-02 4.815632185826500e-02 5.099757396703340e-02 5.430107474164093e-02 4.604232599075865e-01 2.312333014464762e-01 6.507994991879183e-02 6.527332362335524e-02 9.463685982300099e-02 1.249422485094100e-01 1.540422838385379e-01 1.801123287195116e-01 1.784438458224833e-01 1.921162171217606e-01 7.936624633768071e-01 6.541305617545827e-01 1.020759485829862e-01 1.005319290266118e-01 1.484535904953232e-01 2.074277288679663e-01 2.796120998840251e-01 3.993005343700640e-01 3.427005104458928e-01 3.943805326130723e-01 9.129386619658522e-01 8.635755932003233e-01 8.158415735374522e-02 8.092639314649305e-02 6.561450086327554e-03 5.089364446850537e-03 6.729879404273975e-03 8.314218573525297e-03 9.764223351536391e-03 1.093331502826784e-02 1.183893034621559e-02 1.271663812498075e-02 1.353464622983005e-02 3.070808822897421e-01 6.858318991964819e-02 3.001913749792012e-02 4.236751846510823e-02 5.239577915679300e-02 6.394234921073025e-02 7.343513663500868e-02 8.014915618315124e-02 8.550668720476742e-02 9.089755115481782e-02 7.965048678403309e-01 3.873096932219759e-01 8.279324354569247e-02 1.368115670970615e-01 1.646043267787966e-01 2.110169506947535e-01 2.577762551423556e-01 2.974213809494888e-01 3.047323374772261e-01 3.278015731331688e-01 1.389720019419598e+00 1.112761470373618e+00 1.129617819318531e-01 2.407554527538235e-01 2.724578550317781e-01 3.597522312411957e-01 4.879340952933309e-01 6.492261256756549e-01 6.154864884696410e-01 6.955272681983892e-01 1.608880649749145e+00 1.482824668254014e+00 9.093353094572275e-02 2.279220611982311e-01 1.542590718124278e-01 9.773645064844901e-03 7.513801760960267e-03 9.888191824404700e-03 1.330325632421680e-02 1.457267179868561e-02 1.637693156408113e-02 1.791227330331886e-02 1.910860514843432e-02 2.038159359084891e-02 6.684761745801286e-01 1.112753609830961e-01 4.550412664344373e-02 6.250730419909929e-02 1.109733579898975e-01 1.040360307242115e-01 1.157993028276643e-01 1.374694494744609e-01 1.427214189937982e-01 1.471718029977938e-01 1.896418763349250e+00 7.013599365466173e-01 1.267702784669074e-01 1.932698151792282e-01 6.370583729308908e-01 4.434741622161743e-01 4.313801197950755e-01 6.735556648668559e-01 6.664958878472308e-01 5.999246257273010e-01 3.410623534686313e+00 2.136082049364610e+00 1.660325578601847e-01 2.907966646637974e-01 1.772258372607987e+00 1.050413645691954e+00 8.373290232308284e-01 1.733080464353756e+00 1.678201087911975e+00 1.369314894134082e+00 3.936384205444789e+00 2.898740544165780e+00 1.231816622706188e-01 2.343425814280697e-01 1.862709738302009e+00 2.184131034793911e-01 1.382063069360563e-02 1.013775253684433e-02 1.305014355327913e-02 1.686636268572347e-02 2.055582700316121e-02 2.196208783449078e-02 2.368179037592122e-02 2.562006024987327e-02 2.739240624337091e-02 1.023894015615092e+00 1.733134963621736e-01 6.325165874360077e-02 8.108609437895248e-02 1.197052646114939e-01 1.915105736069355e-01 1.573401846545177e-01 1.716619012521577e-01 1.897415029378133e-01 2.351239464675177e-01 3.188939534211550e+00 1.339953889680189e+00 1.839648312017231e-01 2.412681451607643e-01 4.927335335727352e-01 1.388219162188933e+00 6.112165435964857e-01 7.916047177602304e-01 8.280652952679942e-01 1.705614306510855e+00 6.328903329913961e+00 5.054481359202066e+00 2.433895024312319e-01 3.619413612293588e-01 1.087319777438648e+00 4.379634890656170e+00 1.317903052357873e+00 2.385959917763891e+00 2.038665886653720e+00 6.305535231143038e+00 8.054286024065735e+00 8.144537913722457e+00 1.674679676829558e-01 3.000965659510957e-01 1.017336364221531e+00 4.476301281702124e+00 2.654605981167604e-01 1.885028444501644e-02 1.346281052518829e-02 1.680668335261321e-02 2.185563796039240e-02 2.574986849635757e-02 2.986806023019171e-02 3.129887777565397e-02 3.335896013925716e-02 3.560730850351065e-02 1.160519579159021e+00 2.383656104996969e-01 8.783517561150335e-02 1.053548079730025e-01 1.490253683508488e-01 1.857535090042786e-01 2.340360519120765e-01 2.398876043867587e-01 2.472706959579088e-01 2.616648141204306e-01 3.448886969939946e+00 1.750968748691686e+00 2.712112991277883e-01 3.204031618054227e-01 5.204594684695447e-01 7.261557816135856e-01 1.057889132528515e+00 1.194617904651957e+00 1.098566718716418e+00 1.107199795822465e+00 6.658706703155169e+00 6.272303208148883e+00 3.694761530610675e-01 5.123879842046624e-01 9.407546422063354e-01 1.522751391514917e+00 2.566793225937657e+00 3.638969706497948e+00 3.100906548567229e+00 2.912719738768497e+00 8.168738259415438e+00 9.409204415245943e+00 2.494204426479689e-01 4.569757581667122e-01 7.922650511159358e-01 1.359400901573189e+00 2.672742945560141e+00 5.722110894879782e-01 2.498045244781392e-02 1.625519974150738e-02 1.962943494174180e-02 2.577801424868850e-02 3.052075121304969e-02 3.504444211555698e-02 3.890060868442748e-02 3.969670878668668e-02 4.203559477637896e-02 3.383847790951895e+00 5.025008704915690e-01 1.188504045824937e-01 1.281182670335956e-01 1.867001624654591e-01 2.403008985982412e-01 3.128941115882219e-01 5.201243880440268e-01 3.283878028588559e-01 3.713019304360661e-01 1.233587654952917e+01 5.951613485256502e+00 4.417616952701426e-01 4.253648893589895e-01 7.787813827517479e-01 1.236444796489192e+00 1.756314503337005e+00 5.946691053652286e+00 1.962689484491194e+00 3.128706671614207e+00 2.673486541186496e+01 2.733437101750081e+01 6.520411331511048e-01 7.412090686018771e-01 1.786808408244692e+00 3.353902774052313e+00 4.669383109641845e+00 2.652836644705573e+01 7.207658801768114e+00 1.446017217431529e+01 3.427854489792600e+01 4.471328848026911e+01 4.305649528943934e-01 6.936243926133836e-01 1.772030780338591e+00 3.192672719612233e+00 4.733298266206723e+00 3.970456088660818e+01 4.024773298003519e-01 2.575249635524739e-02 1.767717715115075e-02 2.161402525482664e-02 2.840699397748030e-02 3.383103320484539e-02 3.819793508493726e-02 4.096115324926140e-02 4.442084363640414e-02 4.638165295738480e-02 1.941500017116258e+00 3.656349962424011e-01 1.209729278819056e-01 1.396385710418280e-01 2.033660390386764e-01 2.582770282641805e-01 3.115203294811615e-01 3.489161653174809e-01 3.587280865556582e-01 3.567492557649998e-01 6.276417726949505e+00 3.142117188383327e+00 3.931438753865176e-01 4.447610812825412e-01 7.997669321661863e-01 1.111664127311883e+00 1.528088278716106e+00 2.249210472741273e+00 1.958797997135733e+00 1.634094196160080e+00 1.283333494658819e+01 1.260522541965263e+01 5.390013561823348e-01 7.427234070290510e-01 1.738515220462638e+00 2.539133177591519e+00 3.970682566349440e+00 8.153182889785256e+00 7.057313670958570e+00 4.693026982172540e+00 1.618752681632662e+01 1.995907046644935e+01 3.491531915444945e-01 6.627153160962655e-01 1.689207296608794e+00 2.347366175384050e+00 4.219085755755074e+00 1.139609735182002e+01 1.130952326834949e+01 4.780455286568201e-01 2.654410353683055e-02 1.841216952230350e-02 2.264934229803185e-02 2.985444809023179e-02 3.586273524411589e-02 3.979715859503233e-02 4.248675856249434e-02 4.557504713211372e-02 4.935045294210816e-02 2.574455045966926e+00 4.095907444303747e-01 1.239161137338237e-01 1.446214164526048e-01 2.129609692579651e-01 3.519619284895913e-01 3.149170988333201e-01 4.024461392349075e-01 3.533621875669948e-01 4.608662897017782e-01 8.938346835059516e+00 4.165141898048196e+00 4.052468965310239e-01 4.570738748061351e-01 8.200014479870095e-01 2.735513085977812e+00 1.483536490325061e+00 3.827634622097082e+00 1.694157409458732e+00 3.786218535112325e+00 1.892557726460053e+01 1.831263573327077e+01 5.845507024378575e-01 7.894713066464227e-01 1.663462552135440e+00 8.876386887661038e+00 3.713418337860251e+00 1.692458891608018e+01 4.889635968590282e+00 1.530399074970148e+01 2.425335244392886e+01 2.985002475407609e+01 4.404980168410814e-01 7.823538402617447e-01 1.518372424196098e+00 9.130511082438362e+00 3.867809154547813e+00 2.534828178871439e+01 6.643221459642007e+00 2.389284113570751e+01 1.199340980900579e+00 9.631659772083759e-02 7.252341597378674e-02 9.134601503366560e-02 1.187196794353279e-01 1.389744797533027e-01 1.562472613513183e-01 1.674489294650828e-01 1.798980426208565e-01 1.910005394227677e-01 5.059457743142270e+00 1.104769846743837e+00 4.416999282174070e-01 5.402519083588697e-01 7.692358323502858e-01 9.475235757119025e-01 1.094575119023227e+00 1.182395106362745e+00 1.232947991537922e+00 1.299052816027781e+00 1.517161422675496e+01 7.994810121991030e+00 1.273755073414115e+00 1.532361534478969e+00 2.663228180943592e+00 3.906656677544762e+00 4.317175462586039e+00 6.473968208998446e+00 4.871282650898947e+00 5.501687661975301e+00 3.006869073239839e+01 3.034334839646297e+01 1.654475572682691e+00 2.262851923695930e+00 5.196138147086002e+00 9.698059059111737e+00 9.433472239747234e+00 2.471642544538413e+01 1.275283958759782e+01 1.725625566433450e+01 3.750248085542320e+01 4.721465693231320e+01 1.093493028681736e+00 1.915137744540589e+00 4.770474133040968e+00 9.440942175668658e+00 9.263314191852311e+00 3.625209070483882e+01 1.770749958929305e+01 2.651125518788741e+01 4.159205785065873e+01 1.574302379089998e+00 1.278464828433892e-01 8.861165091099200e-02 1.071792259627882e-01 1.423526492000154e-01 1.694602441941145e-01 1.915031139357995e-01 2.050966200419953e-01 2.190561082044512e-01 2.327817871137905e-01 6.845806363567771e+00 1.537366530217509e+00 5.560929972095460e-01 6.381806998342673e-01 9.226799738009448e-01 1.185815606661969e+00 1.397295275576559e+00 1.538602063531895e+00 1.555345580904683e+00 1.638089306150450e+00 2.085294132118539e+01 1.135165812797620e+01 1.627711220996356e+00 1.802602572896514e+00 2.985314766429616e+00 4.846363299501490e+00 5.711152925095429e+00 9.086648836321970e+00 6.387238504934190e+00 7.148821221218508e+00 4.148345837380096e+01 4.276177698650484e+01 2.055849493327724e+00 2.603482984806671e+00 5.047871089614309e+00 1.163812586819724e+01 1.249754674757512e+01 3.462457241321834e+01 1.707659222459854e+01 2.264152618822281e+01 5.162079441577741e+01 6.583402116854528e+01 1.233162028872310e+00 2.099946091488061e+00 4.186983200492365e+00 1.108291687412348e+01 1.196936038489354e+01 5.016709540478377e+01 2.377426290837205e+01 3.504124821852647e+01 5.697975676676266e+01 7.955168915939889e+01 9.554816251322423e-02 9.459658960196765e-03 8.463862649136490e-03 9.371462133103997e-03 1.213068581900988e-02 1.447304435933884e-02 1.622494173625106e-02 1.756487677907986e-02 1.878876427642459e-02 2.000954775951371e-02 3.238998735258060e-01 8.568499037545586e-02 4.917850882361986e-02 4.871401999357241e-02 6.682074493413666e-02 8.363012595958506e-02 9.647616858326559e-02 1.045407585972092e-01 1.109714461164099e-01 1.180212722197717e-01 7.554096695393357e-01 4.119644011249568e-01 1.344657799859106e-01 1.206440931703769e-01 1.769235242788714e-01 2.354834913247906e-01 2.889308961566858e-01 3.242353450562772e-01 3.328596673800917e-01 3.529882990985136e-01 1.219944795466632e+00 1.035728661962217e+00 1.776461257738389e-01 1.622683087717036e-01 2.455413573780453e-01 3.430277466990248e-01 4.573863550033797e-01 5.860879659894334e-01 5.528809800560439e-01 5.975639521775559e-01 1.362997163600921e+00 1.292904393075076e+00 1.211845391057693e-01 1.340376592816126e-01 1.912650671868090e-01 2.605205941504930e-01 3.735454723212439e-01 5.679371423876175e-01 5.136049628496623e-01 5.853158100558993e-01 1.699108179035402e+00 1.984387299418672e+00 2.157272024886819e-01 1.519442529117256e-01 1.440177121624620e-02 1.171755381224940e-02 1.695541319059388e-02 1.973314889886955e-02 2.296465989853594e-02 2.581001115312298e-02 2.793456936616131e-02 3.012576027161656e-02 3.200788094899454e-02 5.216267663584782e-01 1.290652077946358e-01 6.036573705337679e-02 9.475792216968627e-02 1.092399053845166e-01 1.310286437752657e-01 1.502814023595228e-01 1.635828291359481e-01 1.759517650430600e-01 1.865361069401529e-01 1.242729731265824e+00 6.311459394915866e-01 1.460568951394967e-01 2.615682092664887e-01 2.999234496547261e-01 3.741399886960035e-01 4.500457814218056e-01 5.081975808857987e-01 5.333896810860720e-01 5.685231017529713e-01 2.049440737538239e+00 1.633535263984076e+00 1.801292644291618e-01 3.888980355996359e-01 4.445790158941748e-01 5.646816183692809e-01 7.392966855428873e-01 9.395662884275935e-01 9.206132613828689e-01 1.024844634709968e+00 2.314727926733070e+00 2.073662615209054e+00 1.366694426070398e-01 3.293280829831837e-01 3.629011431305253e-01 4.438558365188648e-01 6.415765035442013e-01 9.276018099109061e-01 8.972158051171685e-01 1.057182469265699e+00 2.848181025780823e+00 3.118685102071517e+00 2.184192840053913e-01 5.346262223114148e-01 2.601421813942302e-01 2.153238742800265e-02 1.746310433342363e-02 2.340586033123696e-02 3.161652419893548e-02 3.393032275330381e-02 3.814978590131666e-02 4.170713139397760e-02 4.465323174290228e-02 4.771168146479222e-02 9.925212438949279e-01 2.044120471290131e-01 9.261818985001166e-02 1.286802164304671e-01 2.078277532880305e-01 2.045190375513191e-01 2.316005759302731e-01 2.630059323024736e-01 2.778801832831033e-01 2.931762119017550e-01 2.594114650643143e+00 1.080986537618305e+00 2.259591964968787e-01 3.412114221479627e-01 8.937319901682776e-01 6.861498353133828e-01 7.260886717840443e-01 9.941762861137983e-01 1.009462693630909e+00 9.705126531729956e-01 4.473745510677818e+00 2.953184800721695e+00 2.674740254911064e-01 4.570280554032147e-01 2.228848930214250e+00 1.378974441837233e+00 1.218526946197048e+00 2.223914724896075e+00 2.192554981708300e+00 1.858459727851802e+00 5.080727847051583e+00 3.825985867336768e+00 1.856870938444694e-01 3.434129815695230e-01 2.288473448253041e+00 1.267190954105596e+00 1.061445766026817e+00 2.180853830577222e+00 2.110406624418671e+00 1.886834950432382e+00 6.261195555686050e+00 5.784745602605664e+00 3.161947943423304e-01 5.782691142166642e-01 2.900713113802340e+00 3.354374787565969e-01 2.953220559785025e-02 2.288500899207188e-02 2.952069882216716e-02 3.772145657573028e-02 4.635328514921776e-02 4.915867282040067e-02 5.302138197947853e-02 5.745079483401218e-02 6.120678337191891e-02 1.312089339829660e+00 2.917860639965275e-01 1.254865011285233e-01 1.617363602125237e-01 2.243657066271529e-01 3.136882798259301e-01 3.038476509584936e-01 3.266751947223011e-01 3.585121060205737e-01 3.966642483068289e-01 3.626391285149248e+00 1.708145275348640e+00 3.169771863186051e-01 4.188476607819327e-01 7.197133841682796e-01 1.542088669785908e+00 9.727612458429151e-01 1.108007248229890e+00 1.223162947880699e+00 1.894310792771912e+00 6.763266294470836e+00 5.500336194517305e+00 3.772303394320911e-01 5.578101341445544e-01 1.333937772425058e+00 4.383480446447081e+00 1.722795885320900e+00 2.446520527258389e+00 2.466887675565208e+00 6.207881106225304e+00 8.370685327766834e+00 8.344944256160113e+00 2.460156932877638e-01 4.300064945081188e-01 1.173824791939553e+00 4.408582636570001e+00 1.595979321361507e+00 2.875725300747966e+00 2.599163863268191e+00 8.810759721157549e+00 9.992400944807471e+00 1.177846972892219e+01 4.246454633249377e-01 7.010052369152310e-01 1.568748784615791e+00 4.512243199221788e+00 4.255252112066111e-01 3.776865891455220e-02 2.866325287122477e-02 3.635028205072146e-02 4.663461953687530e-02 5.458821571403728e-02 6.386277403419789e-02 6.608685264650821e-02 7.062104416631394e-02 7.571860742772676e-02 1.625182861288832e+00 3.926055019414012e-01 1.643526827465350e-01 2.031373673761676e-01 2.792934508412167e-01 3.417874241807496e-01 4.274753063381931e-01 4.286577807825588e-01 4.505752918816653e-01 4.820428265335535e-01 4.344697448701876e+00 2.345506082548246e+00 4.399970326516085e-01 5.401034959961027e-01 8.380182374520080e-01 1.105386870944954e+00 1.559032896599166e+00 1.634773963992405e+00 1.591142259781338e+00 1.656305997641548e+00 7.873350319013216e+00 7.391224293224679e+00 5.416808501048020e-01 7.517861777419774e-01 1.337797254130848e+00 1.959149766808107e+00 3.161751600080124e+00 4.088678625374054e+00 3.624786306174723e+00 3.530219065611542e+00 9.397056617312867e+00 1.053306614493244e+01 3.480597500402799e-01 6.093196676371464e-01 1.066351483842369e+00 1.649198803446009e+00 3.031501815895438e+00 4.953085158556985e+00 4.520779834519065e+00 4.231635388704069e+00 1.097958883493980e+01 1.411740092336493e+01 5.791521725617027e-01 9.465143214188558e-01 1.567429730746808e+00 2.190982195132223e+00 3.824311167193593e+00 6.708216292355886e-01 4.438802778352292e-02 3.290523698872694e-02 4.092987453802652e-02 5.311247669245790e-02 6.195395000620515e-02 6.988465057503680e-02 7.771113361100349e-02 8.039951132829871e-02 8.522427151413017e-02 3.549824690375389e+00 6.108612788020549e-01 1.998061426316151e-01 2.339852779898629e-01 3.296836140700563e-01 4.025565455642631e-01 4.923890023665798e-01 6.603063254467187e-01 5.398378971878151e-01 5.788823057084101e-01 1.245770781261938e+01 6.151377605327696e+00 6.108557993618463e-01 6.564650529321066e-01 1.116273974620310e+00 1.563788457568132e+00 2.166229397581797e+00 5.983036696124172e+00 2.391456991105386e+00 3.333744213553922e+00 2.666015908140773e+01 2.733966451952618e+01 8.213454275268109e-01 9.836761735037367e-01 2.218808990569388e+00 3.685453828556099e+00 5.165710295553041e+00 2.611441215912241e+01 7.661230169753996e+00 1.424918569061836e+01 3.404818455357291e+01 4.439226847270839e+01 5.203621379001226e-01 8.425113701205652e-01 2.096046921396798e+00 3.406462663402884e+00 5.041337375351411e+00 3.897436947598625e+01 1.179912471923421e+01 2.477662768428571e+01 3.616330525074498e+01 5.017046423177842e+01 7.737433891213586e-01 1.231234213489471e+00 2.727261446320482e+00 3.358682708801464e+00 5.569104916986359e+00 3.834182382044728e+01 5.845068645133062e-01 4.796090113216655e-02 3.570308614641342e-02 4.476911783277544e-02 5.800993465506649e-02 6.829949874732581e-02 7.612632907158855e-02 8.194802109191833e-02 9.051152012675900e-02 9.343643084602957e-02 2.476089760125876e+00 5.440362134498703e-01 2.119866261753889e-01 2.569842328344517e-01 3.612085272118027e-01 4.478614988799769e-01 5.189348517966886e-01 5.638833589518963e-01 6.174420084596791e-01 6.162200729657987e-01 7.405594289120942e+00 3.872778325825687e+00 5.977485720005480e-01 7.122360173235052e-01 1.170597165538321e+00 1.603904012739704e+00 2.063569833557129e+00 2.735746167586073e+00 2.589125842939831e+00 2.303839273466942e+00 1.460185437172596e+01 1.436444658750950e+01 7.570982534278956e-01 1.045377252885359e+00 2.135964072939844e+00 3.231293874795515e+00 4.745329461278846e+00 8.988990569256693e+00 7.909440655927764e+00 5.677516380763622e+00 1.817652090048004e+01 2.221808165689478e+01 4.769128762109003e-01 8.691568694519698e-01 1.926750420929537e+00 2.863082704775099e+00 4.836544461425719e+00 1.233092831577562e+01 1.217927683953213e+01 7.614231534883442e+00 2.019249492988076e+01 2.715044103640082e+01 7.690118477701192e-01 1.288629187907530e+00 2.582864225866274e+00 3.427868665483684e+00 5.457411805473320e+00 1.289935083013203e+01 1.337086629608007e+01 6.753675471216185e-01 5.017683521034857e-02 3.760017945912383e-02 4.727873742688506e-02 6.154069205350299e-02 7.248969961300426e-02 8.076840766432127e-02 8.603077334050188e-02 9.270397808434534e-02 1.012438449860438e-01 3.263612581765003e+00 5.995949854174786e-01 2.214411049461490e-01 2.695871158537895e-01 3.834822603855620e-01 5.505110592372745e-01 5.431021023842955e-01 6.215862605703014e-01 6.147108921594627e-01 7.432615525180040e-01 1.083846332816805e+01 5.154317613992439e+00 6.272040741862619e-01 7.447528624228203e-01 1.252536665662673e+00 3.544387091414641e+00 2.103653297790462e+00 4.563688325533043e+00 2.411238477525576e+00 4.827360403797652e+00 2.258803433297418e+01 2.174669535447401e+01 8.238138987553355e-01 1.121954794062822e+00 2.242872244992501e+00 1.116150905504908e+01 4.679403774912184e+00 1.961653177542989e+01 6.119743666427675e+00 1.869485718445501e+01 2.883209465426973e+01 3.517142188734738e+01 5.828458208204707e-01 1.017459215127622e+00 1.950706378964426e+00 1.142595961884328e+01 4.678404111088610e+00 2.929171273410933e+01 7.960387826527652e+00 2.889420808077764e+01 3.176421613804185e+01 4.181849728822890e+01 8.580737894860656e-01 1.476205514323451e+00 2.600018409914655e+00 1.113838501039182e+01 5.402717597985055e+00 2.864421423701627e+01 9.345865297273043e+00 3.515187388385450e+01 # scales
6 # n_params
0.500000000000000 0.000000000000000 # pair func. params
0.500000000000000 0.750000000000000 # pair func. params
0.500000000000000 1.500000000000000 # pair func. params
0.500000000000000 2.250000000000000 # pair func. params
0.500000000000000 3.000000000000000 # pair func. params
0.000000000000000 0.000000000000000 # pair func. params
1.079000000000000e+02 # atomic mass
False # electrostatic
1 # gtinv_version
