elements:      [As]
cutoff:        6.0
pair_type:     gaussian
feature_type:  gtinv
model_type:    4
max_p:         2
max_l:         12

gtinv_order:   4
gtinv_maxl:    [12, 6, 2]
gtinv_sym:     [0, 0, 0]
gtinv_version: 1

electrostatic: 0
mass:          [74.92]

n_pair_params: 6
pair_params:
- [0.5, 0.0]
- [0.5, 1.0]
- [0.5, 2.0]
- [0.5, 3.0]
- [0.5, 4.0]
- [0.0, 0.0]

n_type_pairs: 1
type_pairs:
- atom_type_pair:      [0, 0]
  pair_params_indices: [0, 1, 2, 3, 4, 5]

type_full:    1
type_indices: [0]

n_coeffs: 3912
coeffs: [-4.692970001030288e-01, -4.708369948606509e+00, -4.327328650799696e+01, -2.714514601354720e+00, 8.235694509756335e+00, 1.284342463562390e+01, 1.726776224046542e+01, -3.907254477029700e+00, 6.073499332041798e+00, -7.633657811020601e-02, 3.707163365519235e+00, 3.369705305974957e+00, -5.081944349593472e+00, -7.573427230745976e+00, -5.850682946855790e+01, -4.392511460210806e+01, 7.441247628298006e+00, 2.738282242951261e+00, 1.226178712186581e+01, 1.073673394888976e+01, -5.231349815050903e-02, -1.223921290384035e+02, 1.509039142277156e+01, -2.663698972958172e+01, 2.821941900249597e+02, -2.988379176540964e+02, -4.823848554846317e+01, -4.296928267828207e+01, -3.671144879579847e+01, 1.811749657086974e+02, 1.627942198096656e+01, -3.856751150411891e+01, -1.497931521276726e+02, -1.806619885260859e+02, -1.007735510666429e+01, -1.766570141949946e+02, -9.538434817017168e+01, -1.388674820263672e+02, -4.387136079603910e+00, -1.576980321102517e+01, -6.949895064478545e+00, -2.922797007035983e+02, -6.892625455343679e+01, -7.987499117681401e+01, -1.308374241215420e+02, 1.720488851833447e+01, 2.301008870475791e+01, -2.368729271216315e+02, -1.306920819140859e+02, -4.699008547809165e+01, -3.823904984211838e+03, 2.063077722742541e+02, 5.496796202140831e+02, -4.316518293322689e+01, -4.779025880714894e+01, 9.165118290627953e+01, -3.271010826525704e+01, -2.045120316778943e-01, 2.141938583623714e-01, -4.721461871320431e+00, 1.192059688903638e+00, 2.154388909579657e-01, 1.119176703873205e+00, 1.181866999530142e+00, -5.852221802495146e-01, -8.698663833481165e-01, -6.707591553873530e-01, 2.807428228061146e-03, -4.894514276210980e-01, -1.065251576314620e+00, 2.807980923567007e-01, -2.148161387228812e+00, -1.480217347258088e+00, -4.367219828908905e+00, -1.859599496869156e+00, 2.668885206119121e+00, 2.097985596270695e+00, -2.581096391095023e-01, 2.370240800488565e+01, -1.021061437155906e+02, 6.574006749998880e+01, -1.533024845385646e+01, 5.481041727578017e+00, 5.905050501707152e+01, 3.413244924966182e+01, 1.611686257029562e+01, 3.805186493402788e+01, 6.665001728602277e+00, 2.102164984699308e+00, -6.581959892693142e+00, 8.234499857427718e-01, 1.493293265742142e+01, 8.971060533509997e+00, 1.553417672071208e+01, 5.998605581576433e+00, 2.256433750368508e+00, 2.919306864925908e+00, -3.711967191911028e+00, 2.211104683152319e+00, 2.812093273027279e+00, 2.862198153847350e-01, 2.012624670501435e+00, -7.979987508904601e+00, 1.780381939396053e+01, -1.545215827945978e+02, -4.952650145730384e+01, 9.017117993863939e-01, 7.337851960528370e+01, -2.214828672034000e+02, -1.915068850763373e+02, -3.760367893812643e+00, -4.163283882148045e+00, 7.984263770425630e+00, -2.849565518515562e+00, -1.670992226885185e-01, 5.296329711268302e-02, 3.210697734821467e+00, -2.883371140202704e+00, 1.610049277804363e-02, 1.729825957060110e-01, 1.236159679131210e-01, -1.449498838076557e-01, -1.922788169367119e-01, 4.973714921807684e-02, -5.502639934854101e-02, -1.592021680858565e-01, 1.478142795539535e-01, 1.607281877842535e-01, 4.667249238069088e-02, -2.699447035379649e-01, 6.197467826869425e-01, -1.036611547445364e-03, -1.942107534768585e-01, -3.525064669214368e-01, 1.292841375156944e-01, 3.757447658120383e+00, -1.531689143321902e+01, -1.762025515962833e+01, -2.266986349459466e+00, -1.616321606280036e+00, -1.435597867939629e+01, -1.388227638267909e+00, 3.744431586842331e+00, 2.096052565120924e-01, 1.112786315806938e+00, -4.252460622710854e-01, -1.445359794415297e-01, -1.536207954722218e-02, 2.839073969982502e+00, 7.961439489461733e-02, 3.738715143049454e-01, 1.609836851883637e-01, -3.989224343286590e-02, -2.892240032036777e-01, -1.523757977798263e-01, -5.939091737449002e-02, 3.456497811370469e-02, 1.437337388357684e-02, 2.310375386030858e-01, -3.224271884545660e+00, 9.032937307843583e-01, -1.882610246645592e+01, 9.084583727698911e+00, 2.407562597478088e-01, 1.959218348653359e+01, -4.897614092701818e+00, 5.825898896495459e+00, -1.006385475148603e+00, -1.114218384699112e+00, 2.136822928132191e+00, -7.626266691907282e-01, -1.719445168167806e-01, -2.282993648356465e-02, 1.345944773091689e+00, -2.638391846450884e+00, -5.145300891829302e-01, 1.244422919224451e+00, 4.801748857708387e-01, 3.865340014124450e-02, 5.334282699110322e-02, 9.216328322280030e-02, 1.520452222230990e-01, 1.417906302710944e-01, 1.150265132180642e-01, -1.228638729632124e-02, -2.106602379614325e-03, -1.112434679803925e+00, 5.321556108056517e-01, -1.070663541971247e-01, -1.681972572028778e-01, -7.906109757724465e-02, -1.180702285227792e-02, -4.432140975401925e+00, 1.362721626487921e+00, 7.003497330442027e-01, 5.840032550063272e-01, 3.094342595113413e-01, 9.086725998636342e-01, -4.845958987995268e-01, -1.349130417297421e-01, 3.552940398028290e-01, 7.081538693863878e-01, 7.970174138555308e-02, 1.226936312913085e-01, -6.787165817612241e-02, 6.216542303371925e-01, 6.040004881382135e-02, -3.700634591953897e-01, -8.617177115043424e-02, -5.212970984319486e-02, 1.222081531280067e-01, 1.112715286693314e-01, -2.700666737918699e-02, -5.470050402291522e-03, -5.896277660660464e-03, 1.555240197191337e-02, 1.515564103096744e+00, 2.371968311208193e-01, 3.999717816051399e+00, -1.510331499356594e-02, 9.480774794136757e-01, 7.715161916576713e+01, -1.162864137780041e+00, 2.372446328591082e+00, -3.907761177546504e-03, -4.325763045808059e-03, 8.300721802022692e-03, -2.961700047735161e-03, -1.836059691308140e-01, -4.637210222198931e-02, -2.188832155852018e+00, 1.455686602717264e-01, 9.900340915336366e-02, 3.165965850568391e-01, 2.070444608401406e-01, 3.047336186944084e-01, -2.810472187070018e-01, -8.022694886850487e-02, 2.796348478657881e-02, 6.530463428693284e-02, -8.109874983159081e-02, -6.197779758770520e-02, 8.648775900379791e-03, 7.264240952872092e-01, -8.403080450091005e-01, 2.463589776510766e-01, 5.722144011671443e-02, 6.586595287753841e-01, -3.113641603327381e-02, -4.381749075051912e+00, -6.753194072495315e+00, -3.830172454902216e+00, -1.382920137725420e+00, -6.666501832961510e-01, 6.183418846370951e-01, -2.401474423251592e-02, 9.876216261461650e-01, 1.234319525008934e+00, 8.264509065344535e-01, -4.422141921140825e-01, -2.398036029987612e-01, 2.018498635715273e-02, -1.304801971774319e+00, 2.118870143981138e-01, -4.506576704579835e-03, -5.633098682500992e-02, 4.132837879819762e-01, -2.981385820969540e-02, -1.148882955697017e-01, -7.654548548764860e-02, 6.342129105069176e-02, 1.310294985878713e-02, 2.715972619671580e-02, 1.602334844691372e-01, -6.833940892106489e-01, 2.656106318582611e-01, -2.612760712290944e-02, -1.081870276867081e+00, -8.803907654211439e+01, -1.020094536590190e+00, 1.645048598896889e+00, -4.397558715296412e-01, -4.868752361385886e-01, 9.337235522122554e-01, -3.332408192568989e-01, -1.048197655276567e-01, -1.248196889248802e-02, 1.838208408305336e+00, 2.794974766639715e-01, -3.447360336217294e-01, -4.909805137942136e-01, 4.899103223220264e-03, -3.438045793140527e-01, -2.863323216961413e-01, -7.769174551270050e-02, -2.402962251959356e-02, 2.734026790379494e-02, -6.181763780848817e-02, -1.354734884554029e-02, 4.895502675176360e-04, 2.215521852205453e-01, -4.221132336470448e-02, 1.687845199320435e-01, -6.952709044250242e-02, -3.178853607059987e-02, 5.180651334786449e-02, 4.813315539731657e+00, 1.205008177013410e+00, 7.956377831868215e-01, 2.251193226512568e-01, 1.895670334999184e-01, -1.699467086478348e+00, 6.066421300521195e-02, -7.418417059475856e-03, -3.649609120660675e-01, -4.982418024856670e-01, 8.787121151178645e-02, 2.831759081873341e-02, 3.732742463138869e-02, 3.710828075933053e-01, -2.617623730957263e-02, 4.516362559096045e-01, 9.891330855846699e-02, -8.979468952915926e-02, -3.621181209642510e-02, -2.133011914681987e-02, 4.173329787768998e-02, -2.368549300966529e-02, -6.451364659721185e-04, 3.435731564902402e-03, 2.770034996373175e-01, -2.926661906979450e-01, -2.165374379688648e+00, 8.151573935690085e-01, -3.626439824135698e-01, -2.951082610943232e+01, -4.577885854352202e-01, 1.872556773871824e+00, 1.867491388165467e-01, 2.067593087970466e-01, -3.965186907611327e-01, 1.415166087743665e-01, -4.708369894228354e+00, -5.850682800157357e+01, -1.308374410944534e+02, -4.392512001095415e+01, 1.720488565414061e+01, 6.245334710619200e+01, -7.441248786129255e+00, -2.301008899102877e+01, 6.398586466942109e+01, -2.782612565226292e+01, 2.738281246447720e+00, -2.889792173283180e+01, -1.039673536798507e+01, 1.500455301605803e+01, -3.400377277508512e+01, 1.226178731103635e+01, 6.495030124352301e+01, -3.227272722901603e+01, -6.564387042272125e+00, 5.014058932127984e+00, 8.354070542017737e+00, 1.073673413056000e+01, -4.505769240723322e+01, -7.368649360553550e+01, -9.373625139461101e+00, -3.384879021176305e+01, 3.268613002183811e+01, 2.985268074096104e+01, 5.231357633690528e-02, -2.218540321791124e+01, -2.364336176823644e+01, -5.043618626059684e+00, 1.337620006628441e+01, 1.601294772894065e+00, 2.966835867838675e+01, 6.858259518098275e+00, 1.178409562359759e+01, 3.450570083610445e+01, -1.563702832772841e+00, -2.238881138391693e+00, -2.301354248848276e+01, -2.435972045636679e+00, 1.342900514937121e+01, 1.242616824622366e+01, 1.015671119497478e+01, 4.512660967572651e+00, 3.315809251766763e+01, 1.603458109965743e+01, 3.160237032351770e+01, 1.375811245217827e+01, -3.252291568475739e+01, -3.671033105936673e-01, -3.213895670367013e+00, -1.223262817141876e+01, -4.330460012720463e+01, 6.794688028777065e+00, 4.582951554377022e-01, -4.388659255001681e+01, -2.681785402603201e+01, 8.320505359210676e-01, 3.421020149416088e+01, 3.700267456303894e+01, 6.253749649065393e+00, 9.714281029524965e+00, 1.401003906407368e+00, 1.921249976670610e+01, 6.673084966504927e+00, -2.190760897587897e+01, -1.587941091855461e+01, -1.206139434801223e+00, 7.256668719778116e+00, 6.759845281832132e+00, 2.503743856062077e+01, -9.159203325913611e+00, 1.364649835724203e+01, -9.585492645965713e+00, 2.995777864882829e+01, -7.760488279444886e+00, -2.049059858178226e+00, -7.570769224386592e+01, 4.627817489253850e+01, 4.355361628947170e+00, 5.578927902024806e+00, -5.835788384548720e+00, 1.113503861893801e+01, -3.257563552170281e+00, -7.383530949787719e+00, -3.215863220481568e+00, -4.449717362993885e-01, -3.645922042273167e+00, -2.066925489339432e+01, -4.893107310433141e+00, 5.195802245797054e+01, 6.183797897353212e+00, -1.756019584905741e+01, 7.317603653482211e+00, -7.879441119886400e-01, -1.058394827379364e+01, -2.234469800856409e+01, 6.843090628167772e+00, 9.894335747084762e+00, -5.631692128565718e+00, 2.370547209094482e-01, 5.716007013598436e+00, 4.264949011954838e+00, -9.317831498849876e-01, -3.354538294364093e+01, -3.728306999282494e+01, -8.517906191908761e+00, -3.145406810127288e+00, 1.372333403178524e+01, 1.709528217447887e+01, 5.381267098262310e-01, 1.023985528759089e+01, 2.878681425373035e+00, 1.177873615708742e+01, 7.343216832955641e+00, -2.853863946761067e+00, -5.979271097558664e+00, 2.141938452714236e-01, -1.148053408236906e+01, -2.851780136129175e+01, -5.470467308341867e+01, -2.303599304603516e+01, -1.698924829724102e+01, 4.672267653129806e+01, 2.126778825717888e+01, -6.371516080326391e+00, 3.115299397391354e+01, 1.251139776802113e+01, 1.677229512372342e+01, 1.596472225766255e+01, -2.651429958631299e+01, 2.152452471878291e+01, -2.148160392863001e+00, 2.012622770529275e+00, -1.418765881896553e+01, 4.385342868653964e+01, 4.774056678051542e+01, 7.048832033524032e+01, 2.896218286410263e+01, -2.515734438766176e+01, -4.745581688492918e+01, -3.548872622540145e+01, 1.293118579905828e+01, -3.001509466762449e+01, -2.132548625696931e+01, -2.499512565062321e+01, 5.504729055489999e+01, 1.092481117592823e+01, -1.480214962885123e+00, -7.979987389229653e+00, -1.198444612224483e+00, 1.236876924881510e+01, -8.507312332798418e+01, 1.221837316214543e+01, -2.927279175513913e+01, 2.532423942414316e+01, -6.879379919724207e+00, -1.696868124730601e+00, 2.475452388497657e+00, 5.136730520277358e+00, 2.293860733072766e+01, -2.115330994016455e+01, -6.103202551808710e+00, 2.538751466869010e-01, -4.387695804150785e+01, 4.367219681590177e+00, -1.780381990197524e+01, 4.084204168032933e+00, -2.424093214493618e+00, -3.332440156610038e-01, -1.140030421584484e+01, -4.551883164712552e+01, -2.657445737496756e+01, -1.610079834518050e+01, 4.177228935223756e+00, -5.241764584146583e+00, 2.815551254131012e+01, -1.020065374360986e+01, -7.107725735318312e+00, 1.332886463179332e+01, 1.603787250136073e+01, 1.055385132432197e+01, 6.799427201967346e-01, -1.859600259282645e+00, -8.730643573883251e+00, -2.428973301147510e+01, 1.785558300504674e+01, 2.497800196324286e+00, 5.555730812727701e+00, 1.078106695529314e+02, 4.990244883600698e+01, 1.033402978212559e+01, -1.683174480881877e+01, -1.053765407118006e+01, -7.545222010486601e+00, -1.829851560839582e+01, -1.607949315927930e+01, -1.771704769721109e+01, 2.642698054574605e+00, -1.685733166001841e+01, -9.057290866022093e+00, 1.356492890697241e+01, 2.668884231711103e+00, 1.134955453126117e+01, 1.115161926411159e+01, -7.786044460024844e+00, -1.220010368679270e+01, -4.936412788730516e+00, 7.132506295647092e+00, -1.893645691722449e+00, -5.396503573440233e-01, 6.730174171542314e+00, -1.366540698363668e+01, 8.607441643959630e+00, -4.802959606306685e+00, 1.302842801712825e+01, -5.252805970618018e+00, -1.889057113867524e+00, 8.671404926530894e+00, -2.318486204194917e+00, 1.019898013075677e+01, -3.384200776075021e+00, 2.097985884851871e+00, 1.209429814099844e+01, 1.737536995003704e+01, -9.357084084127333e+00, -4.529921986209849e-01, -1.091409788372066e+00, -6.902083795531418e+00, 3.348508073737340e+00, 4.927335377816206e+01, 1.518083738562837e+01, -1.338113766881979e+00, 1.853291113166891e+00, -1.695653219214118e+01, 7.319759142199010e+00, -1.338762890217216e+00, 4.677565871337076e+00, -1.152044416639288e+01, -3.602900721866764e-01, -3.818629356104268e+00, 4.054881321755168e+00, 1.524719237612675e+00, 2.581079616394754e-01, 4.369095327961761e+00, 1.605092791370113e+01, -2.887053462932947e+00, 2.345678050688500e+00, -8.937399182697611e+00, -2.912650620682332e+00, -3.826212996972622e+00, 5.241369773443838e+00, 4.236701063344804e+01, 2.195327029724533e+01, 1.473108670037572e+01, -4.517310852529123e+01, -1.021193200429506e+01, -9.021014890601871e+00, 1.359467116860870e+01, 6.879300999795229e+00, 3.377010750195142e-01, -4.917136407748985e+00, 1.649547824726875e+01, -1.627699629733327e+00, 2.685013653322797e+00, 1.676389307645753e+00, 1.092179417259671e+01, 2.060446547285367e+01, -7.179408529533680e-01, -9.719088662058214e+00, -6.354987486601872e+00, -6.618523864532494e+00, -1.208594442208249e+00, -1.429788624602383e+00, -1.298100172197345e+00, 1.781480141759028e+01, 6.277882528213583e+01, 4.996298527319313e+01, 6.130645906846645e+00, -3.606809292221138e+01, -2.097912670996104e+01, -1.500039631149565e+01, -2.283626118961664e+01, -3.022210671862321e+01, -2.872211985182188e+00, -2.538678606511700e+01, 2.673997127088251e+00, 1.094091673401840e+01, -8.025737609061819e-01, 3.083777526959324e+00, -4.953345006277734e+00, 2.597601026674745e+00, -6.391636425550177e+00, -1.852334725401451e+00, -4.633228898271953e+00, -1.920745733099188e+00, 9.552324206873221e-02, -1.623631868189013e+00, 1.777631912270484e+00, -1.105005862582142e-01, -9.664295741167322e+00, -8.804428664986940e+00, -1.119225871352671e+01, 2.049911050616977e+01, 1.821460890208320e+01, 8.993096751305110e-01, -6.112659538604375e-01, 1.864954687242971e+01, 6.036749604850131e+00, 1.348019249371047e+01, -3.189625899072669e+00, 3.786387780167122e+00, 1.386547441898690e+00, 2.938709809679940e+00, 1.018019185452846e+01, -6.586030668787531e+00, -2.364531008418434e+00, 1.635496731815426e+00, -4.150214211419362e-01, -2.170357731750117e+00, -1.638831327826011e+00, 6.519330261803143e+00, -1.452503071512206e+00, -7.756926229352180e-02, -5.504789888881353e+00, -1.849153502566670e+01, -1.221801300334441e+01, -2.301023100518442e+01, 1.828306999402741e+01, 1.965249883297099e+01, -6.346947012303658e-01, 2.426681265621159e+01, 5.100944611929445e+00, 2.547885218668518e+01, 1.171118263913746e+00, -9.881194402697195e+00, -5.351309795367627e+00, 8.497285689655412e-01, 4.775127936087393e+00, 7.351102754711595e+00, -5.100213541738015e+00, -4.014306564784071e+00, -4.836782706508501e-01, -1.214580984760682e-01, -1.022145827784972e+00, 2.111185908968737e+00, -3.137045566802717e+00, 4.263676183152169e+00, -2.301538238325447e-01, -1.324792772544547e-01, -4.719454469592026e+01, 1.362165074647866e+01, 1.255227838928428e+01, 7.179210606315634e+00, 8.266933453668369e-01, 1.477393187469423e+01, -7.891260674979398e+00, 3.396515071379457e+00, -5.762349024791953e+00, 7.752747999647778e+00, -8.581206546478995e+00, -1.040382110863167e+01, 1.466476640278974e-01, -6.560674225145907e-01, -6.234865175425428e+00, 1.287574794589493e+01, 8.305755036883147e+00, 3.975479404301667e+00, -2.909917468626937e+00, 4.002779499027554e+00, -6.392459393520667e-01, 1.219728393863482e+00, -1.377192354973835e+00, 1.102779928723783e+00, -3.599524230049415e+00, 6.116937034443181e-01, -8.683790952746352e-01, 3.994218695040382e+01, -2.777839299627661e+01, -3.757135653839598e+01, 1.725136686329776e+01, 1.195369509529857e+01, -4.786299500582426e+00, -4.581447703135803e+00, 6.914588036756115e+00, 4.781515873790227e+00, 2.072374933740593e-01, 7.635087685738755e+00, 1.015466919232138e+01, 9.638061981427480e-01, -1.034486902996772e+00, 4.077962860756511e+00, -1.002488003456803e+01, -1.027021533342177e+01, 7.334873532543209e+00, 4.006482125157355e+00, 4.502184184904141e-01, 3.632433018327374e-01, 5.112925564762318e-01, -6.586229811899330e-01, 5.190631454156901e-01, 1.462629037262672e-01, 2.627794327953575e+00, 2.480609726255998e+00, -1.356172866430000e-01, -1.988471187684107e+01, -2.487743860354932e+01, -1.609827156450011e+01, -7.561636683280290e+00, 1.227067957853457e+01, 1.494909990948322e+01, 2.845222946898568e+00, 6.565167981928522e+00, 6.678244338160713e+00, 1.185062231113088e+01, 6.998140659197262e+00, -1.584483289803556e+00, -8.107009775364320e+00, 1.539431096918173e-01, -3.355922484920026e-01, 1.810812501927026e+00, -6.364874989723635e-01, -2.292759572568879e+00, 1.270827473803762e+00, -5.263134224406888e-01, -3.362758160112861e-02, 5.844482469036408e-01, -1.523870010236082e-01, 6.787423755831197e-01, 7.448987130988580e-01, -4.990176269063401e-01, -1.013982227089716e+00, 5.296329531131818e-02, -6.513475671333258e-01, 7.075413988086404e+00, -3.809111236916178e+01, -3.401674175491041e+00, -2.209491850984137e+01, 1.335644278592775e+01, 2.544219180990775e+01, -1.300055931142063e+01, 1.236652680844348e+01, 9.035951581749314e+00, 1.272873096350156e+01, 3.564030609213831e+00, -1.041192780213173e+01, 1.586001947197040e+00, 4.857272268554143e-02, 1.563258060959595e+00, 3.809217988586074e-01, -3.412707026037371e+00, -5.227219604263666e+00, 9.033378010416195e-01, 2.078640190867870e+00, -5.296837417950957e-01, 1.477950880838895e+00, 4.896584263933983e-01, 3.776686198571130e-01, 3.682124260833066e-01, -1.133571867832138e+00, 8.791589119240621e-02, 4.667250364428998e-02, 2.310375185480288e-01, -1.721728325508557e+00, 9.619366284136345e+01, 6.451057029852738e+01, -1.074438230520403e+01, 5.355119278250316e+01, -1.652558587907345e+01, 6.786044021442640e+01, 2.973726382993448e+01, 2.271623595341319e-01, -2.638446409597750e+01, 3.422187636225027e+00, -4.598325444322363e+01, 1.240675008614309e+01, -1.278401749645328e+01, 1.368748911931749e+00, -1.041024158616798e+01, -3.444915627838809e-01, 8.585418991605539e+01, 1.217439462109738e+01, 3.129967125000917e+01, 2.334595601179367e+01, 1.240347716636974e+00, 6.059503672759461e+00, 8.480364815253583e-01, -1.118635024289187e+00, 9.712142212805796e+00, -4.356933722785142e-01, -2.743751134539273e+00, -2.699452146625061e-01, -3.224272460559806e+00, -3.199852548563125e-01, 7.785843648243720e+00, -7.222372646260902e+01, 6.486205806869914e+01, 6.773260040026626e+01, 2.788532784873122e+01, -5.658525510592192e+01, -4.963304306623417e+01, -5.997685916841903e+01, -5.834707161007116e+00, -2.472599966260383e+01, -5.384126494909755e+01, -3.352887773275071e+01, -2.150401738124749e+00, -4.294066133856030e+01, 1.187628119443465e+00, 3.875787254242101e+00, -7.916661326052132e+01, 7.913377170274023e+00, -8.623176574182125e+00, -1.043719430651267e+01, -9.267912835860670e+00, -6.319999707725506e+00, 1.989807195023066e+00, -3.650331975719745e+00, -1.738981191502539e+00, -2.853001050946115e+00, -1.352390636694927e+00, -1.502444716102088e+00, -6.197463738511989e-01, -9.032940745713388e-01, 3.559601941416113e+00, -6.487585292660482e-01, 5.060466757740499e-01, -7.819205262831373e+01, -4.737366508737797e+01, -2.195717188808878e+01, 2.623546571063436e+00, 4.243105299872889e+01, -2.810453765502389e+00, 3.492152301701294e+01, 7.728963986679670e+00, -2.488335906234714e+01, 1.458025635302574e+01, 4.849241752660267e+01, 2.046918605154537e+01, -6.076483289075411e-01, 1.750186821429462e-01, -9.947369147695822e+00, -2.297758900962213e+01, 3.055869318010952e+01, 1.864374144083191e+00, 2.795581428567980e-01, -4.963323614168892e+00, -8.680977503103310e-01, 1.276845872758630e+00, -1.597184555285475e+00, -1.282382072891000e+00, -6.269962055241021e-01, -6.966624047857193e-01, 1.577657301171431e-01, -1.036589873319078e-03, -1.820100458453683e+00, 8.608788439125419e+00, -7.084023207349433e+00, 1.270409506987877e+00, -4.448058787999946e+00, 7.666108287743216e+01, 8.889051568620769e+01, 2.272352760360154e+01, -5.275787844939631e+01, -6.511145863977420e+00, -5.940363130911686e+01, -1.188868791808581e+01, -4.091204769647701e+00, -2.320178297302894e+01, -1.059206830537680e+00, -7.599502441075849e+00, -1.178128165422351e+01, 2.126690566509152e+01, -6.702221370190965e-01, 1.960982168524714e+00, -3.362005046920331e+01, -2.702375364139097e+00, -5.965396157906417e+00, 1.419222693071287e-01, 8.288627562597561e-01, 6.909806780193020e-01, 1.693450754601944e+00, 3.209760154710399e-01, 2.957038966710884e+00, 2.092799517686943e+00, -9.060182278373914e-01, -1.128669524227466e+00, -1.942106889325000e-01, -1.344395445903945e-01, -2.711738890638121e+00, 1.779288416775189e+00, -1.640883631818705e+00, 4.943253310302479e-01, -9.797290891201079e-01, 8.422945841403910e+01, -6.247995073175653e+01, 1.683672959079264e+01, -9.270357156134464e+00, -1.618970916609844e+01, -2.525604492407425e+01, 2.541131174542981e+01, 5.547227880877561e+00, -1.104005090122791e+01, -4.341102106726712e+00, -2.828711735411829e+01, 6.385720628470226e+00, -7.870813288009631e+00, -2.748041346162128e-01, 5.538987728253826e+00, -2.128109879361700e+01, -7.275331513051125e+00, -6.924845670601939e+00, 2.875292581081022e+00, 7.125295153290591e-01, 1.848749519226169e+00, 1.470252361158133e+00, -1.063460248144711e+00, 8.781958776482004e-01, 4.880376597924795e-01, -1.431922016111612e+00, -5.086699117258562e-01, -3.525065051369167e-01, -1.321964658569798e-01, -7.879898718605197e+00, 1.024644223150456e+00, -3.994667391635867e+00, 5.474984952148249e-01, 5.699573452524601e-01, -2.827056748144324e-01, 1.257252197182950e+02, -3.952493464509721e+01, -5.286223840823014e+00, -6.882749745490372e+01, -2.872949488580821e+01, 1.228938094830909e-01, 8.065899175826200e+00, 1.658204711935273e+01, -2.548426571738480e+01, 1.056370300347173e+01, 1.701061492475661e+01, -3.636968929224087e-01, 6.532796972070719e+00, -2.542502302208300e-01, 3.328548289937142e+00, 4.771642822742900e-01, -3.916060316805108e+00, -1.051001301151296e+01, -4.444412460099843e+00, -3.827264339031349e+00, -3.058477729630155e-02, 7.605871662087544e-01, 2.803248019933577e-01, -7.900441031244166e-01, 2.702947002165880e+00, 1.829823883709466e-01, -3.117996736495730e-01, -1.292842058540614e-01, 1.168389913296566e-01, -6.697128949098934e+00, -1.711165317684681e+00, -1.274088755305522e+00, 1.442270089188196e+00, -4.800440749953560e-01, -2.547303902789391e-03, -4.186259132040538e-01, 4.846612847439958e+01, 1.546903755478751e+01, 5.497880639290966e+01, -5.875719231366109e+01, -3.086277096921396e+01, -1.972745987232581e+01, 1.746708733349419e+00, 1.569544604815468e+01, -1.685895719100999e+00, -1.273339443222490e+01, 4.839887354360341e+00, 7.198315046756750e+00, -1.315134415149651e+00, -1.976952636440587e-01, 3.421484683666731e+00, -1.263616487914223e+00, -5.498503956623354e+00, -5.291541963810585e+00, -3.529500757229666e+00, -8.955136214713224e-01, -6.322814459956009e-01, 9.840303175684098e-01, 8.103457849024586e-01, -3.240370163390555e-01, -7.980913155202439e-01, -1.995304825349364e-01, -1.407658588030219e-01, 8.131659984297569e-02, 1.734971886441077e-01, -2.996802284815154e+00, -7.801938776890176e-01, -4.460845659339756e-01, 6.277653994137262e-01, 2.132721671805102e-01, 4.591912395472645e-01, 3.660552425515136e-01, -1.460399539978609e+00, 3.149074338626031e+01, 6.473676041175055e+01, -2.275769158315127e+01, -1.640475030108314e+01, -1.430253425564766e+01, -3.776137086909554e+00, 6.820179009037804e+00, -1.081769810063492e+01, -7.032311322178136e+00, -4.652927668084063e+00, -1.197498749786041e+01, -7.678460907940444e+00, 1.015317273927708e+01, -1.842888655713530e-01, 2.002027167659771e+00, -5.435717142913349e+00, -4.944690511453264e+00, -1.431790823304375e+00, 7.985796922737682e-01, -1.334425956585146e+00, 1.228191556952121e+00, 2.891124835773292e-01, 1.702861255917658e-01, 6.380867657335371e-01, -1.304630174673115e+00, -6.460562908727806e-01, -3.388011739827776e-02, -3.142539675989478e-02, 2.196674732454662e-01, 1.461292928139536e+00, 9.326693668224112e-02, -7.229677718488129e-01, 2.853357102275020e-01, -6.085944171790592e-01, 2.388786181021965e-01, -1.624592409017862e-01, -6.211796927224594e-02, 7.174120114936495e-01, 1.048871898596690e+01, 1.356384788848268e+01, 3.675898081360798e+01, -4.101252795533452e+01, -4.976390441348582e+00, -2.880932390410807e+01, 7.859329686771834e+00, 4.935395930297321e+00, -3.022793321797175e+00, 7.624399254630354e+00, -8.658998691660164e+00, -6.061280395866782e+00, 9.581266424384554e+00, -3.668433061462912e-02, 1.500258973686807e+00, 3.499032167405758e+00, -4.571657389734532e+00, -6.595741542111471e-01, -2.959766860822772e+00, -2.958969948036824e+00, 1.303291453732389e+00, 2.036916652079758e+00, -3.970263819890507e-01, 1.170756326580947e-02, -3.815342206715485e-02, 8.668876046599517e-01, 6.881966499885747e-01, -1.244650476192244e-01, 1.145226677449007e-01, -7.455394658402064e-01, 2.505966000981467e+00, -1.961644780212672e-01, 5.230058332258657e-01, -2.635702654327006e-01, 1.676342888540101e-01, 4.128705203347287e-01, -2.682681489539496e-01, -1.946643742615265e-01, 7.346912760509057e-01, -1.073687246577675e+01, 1.608428460364313e+01, 8.984978328620116e+00, -9.727185211416726e+00, -1.823175950978270e+00, -1.931814052039361e+00, -7.487637047696517e+00, 1.946617794365831e+01, 8.061464004732455e-01, 7.089458152931104e+00, -1.121718961852260e+01, 1.106209931235797e+00, 1.075364617184956e+00, -2.671264114332575e-02, 6.880603697296831e-01, 1.437425709561557e-01, 8.360183211511611e-01, 1.683960928302815e-01, -1.473097040574514e+00, -9.424868992317578e-01, -1.004937816310635e+00, -2.871876079433846e-02, -1.143508187265563e+00, 5.632588015068086e-01, -3.626828892446546e-01, 1.356389550382179e+00, 3.685546023828651e-01, -5.011111906564098e-02, -5.030959944066891e-02, -1.420386121040517e+00, 2.086002113741598e+00, -3.546657111387879e-01, 5.408858454941611e-01, -1.130760480723618e-03, 2.319622747167186e-01, 3.149865178306547e-01, 1.633252035857892e-01, -1.838745212867447e-01, -4.357260412217800e-02, 7.241112627372115e-01, -4.605969402635839e+01, -4.286786860004811e+01, 2.233473224478264e+01, -4.042536612737520e+00, 1.845621435757909e+01, 7.178298484647740e+00, 1.091822802169076e+01, 1.476533907240683e+01, 6.612801446268767e+00, 6.323113696925784e+00, 8.679749067540531e-02, -8.659657416026494e+00, -1.234154916003971e+01, 1.053559608072004e-01, -9.911165778779164e-01, 5.454720198337089e+00, 5.039893748137779e+00, 1.764642283263578e+00, -2.375320107622697e-01, 5.407253915413579e-01, -1.087493909173907e+00, 8.625281992871719e-01, 1.679550565182264e+00, -5.072653641189505e-01, -8.998093943359983e-01, 4.479256267732655e-01, -3.652687761400716e-01, -2.167447506041683e-02, 8.584775143169422e-02, 4.923042838599230e-01, -7.184865839938858e-01, 5.506272484141681e-01, -4.220974997774295e-01, -1.903582280261705e-02, -2.079607462856566e-01, -4.600244618868035e-01, 1.751185053545646e-01, -1.077235980316300e-01, 1.371499445671777e-01, -1.509602069355066e-01, -1.162620701714296e+00, 8.636883657978643e+00, -2.625859655090294e+01, -2.520385087034095e+01, 1.171914783325738e+01, 6.252737428702099e+00, -3.140998268686491e+00, -8.605499020678467e+00, -1.182252606417901e+00, -7.013949201226335e+00, 4.371120510175375e+00, -4.670580899620655e+00, 1.151961966337681e+01, -6.929808547533443e+00, -2.683889514366152e-01, -1.669090546129151e+00, -9.623297783229335e-01, 9.601008023346228e-01, 1.087080300355216e+00, 5.206197276057561e-01, 6.380651309379940e-01, -3.474161404134544e-01, 8.873127016511027e-01, 2.235523386933691e-02, -6.725382199773476e-01, -1.000143541211578e+00, -1.948598044279224e-01, -7.038333177447713e-01, -8.566563647409794e-02, -5.582661336365854e-02, 2.046055506589521e+00, 3.551406957517179e-01, -4.242202061770513e-01, -2.703039718311068e-01, 1.402772226317383e-01, -5.300272711025580e-02, 7.042832039127704e-02, 1.129541549964567e-01, -2.491158598063507e-01, -1.219930308827053e-01, 8.426994474567122e-03, 3.181014364321121e-02, 1.788165908636591e-01, -1.228016876744369e+01, -1.174958250805296e+01, -2.233244855312194e+01, -6.623366005342153e+00, 4.322014756075337e+00, 9.081235351584954e+00, 4.658863916052831e+00, 1.658036251477837e+00, 9.783696378073818e+00, 8.423998124740590e+00, 4.562077421853407e+00, 7.583043367611503e-01, -7.085035704988347e+00, 9.566788392646340e-02, 2.925817380999506e-02, 1.996402556361103e+00, -3.674651870117465e+00, -2.190430989660898e+00, -7.724026133900981e-02, -2.166285033613030e+00, 8.161506422235143e-02, 2.167129669636394e-01, 1.065685045364654e-01, 1.847424863095042e-01, 3.340045589388799e-01, -1.549476012903098e-01, -5.202204676933317e-01, 9.427161547350477e-03, 2.467586704390374e-02, -1.130412193582988e+00, -1.985330343095848e+00, -5.594251577300962e-02, -2.033186798820223e-01, -5.153951018708777e-01, -9.965771388464861e-02, 2.424896643791859e-01, -1.801271983706629e-03, -8.376138878985684e-02, -7.454087525889511e-02, -8.953806921935994e-03, -1.166778044397861e-02, -2.282993739224352e-02, 5.972905365946072e-01, 2.420548730712592e+01, -1.409211937579113e+00, 1.455453965331945e+01, 1.990001667323688e+00, -1.248150826645795e+01, 7.534908156918904e+00, -1.487821554235907e+01, -7.863375799288218e+00, -6.547023429072346e+00, 2.153837608079876e+00, -8.674533893207270e+00, 5.347905111033722e+00, 3.679092292104924e+00, 5.106962025396473e-02, 1.035157113439316e+00, 2.696585282057957e+00, 1.811091610985311e+00, -1.899251210814647e+00, -6.331474754213584e-01, -2.506690176779636e-01, -4.244666580202517e-01, -5.146215790072501e-01, -7.260383445387752e-01, -2.590429563627366e-01, -4.716625219058702e-01, 4.790165664984999e-02, 6.185685478586598e-02, 8.111848276763291e-03, 7.106791749073002e-02, -2.159623867645812e+00, -4.551876247080557e-01, -5.941708366819927e-01, -9.553242588476257e-02, -1.925208960977445e-02, 2.110179388488814e-02, 7.057887940405831e-02, 7.502280251290913e-03, -2.491344496827854e-02, 8.453455155177488e-03, -5.549922441118117e-03, -1.258972558062745e-02, -2.106592291967130e-03, 1.555239828381954e-02, 1.328244537659382e+01, 2.478622149964360e+02, -2.096787810579590e+02, 6.272342830427143e+01, -1.904147851489609e+02, -2.665191493803788e+02, 1.299586348975650e+02, 9.125399132376585e+01, -1.083715785139661e+02, -1.153893999107942e+01, 1.012931113060709e+02, -1.720693028459787e+02, -4.907707593516769e+01, -2.922636819089260e+01, 1.769651583467399e+00, 2.125174925859826e+01, -1.629921266363176e+01, 2.155667012489058e+01, -1.301079306712808e-01, 3.973840564685477e+00, -2.758653051335050e+01, 1.778726451542833e+01, -9.008846906698569e-01, -5.749730410770413e+00, -6.016454689509493e+00, 1.463635685756414e+00, 1.959801261236938e+00, 8.239943540713520e+00, -3.787553402097641e-01, 4.385134098811387e+00, 3.291687863796000e+00, -3.429165879293748e+00, -2.438556781126567e+00, 5.134043126956920e+00, 1.118507232053537e+01, 8.263431803565270e-01, 9.992676498925271e-01, -4.528870802250857e-01, -1.686344728947085e+00, -2.033770827466102e+00, 1.002658315707159e+00, -1.242283877204728e+00, -1.112434756825630e+00, 1.515564094872088e+00, -1.260065467574394e+00, 1.815491898728730e+01, -1.900452347537195e+02, 2.270200151258089e+02, 8.583006392674594e+01, -4.581875347544313e+01, 1.149197618611925e+01, 6.742412352150700e+00, -5.513780127471266e+01, -1.221066380319943e+01, -1.412970531738300e+00, -1.645940720937338e+01, 4.571857364956260e+01, 6.785247487065817e+01, -1.199119325941581e+01, 5.957717695941644e+00, -2.885644544696466e+00, -3.109547501093459e+01, 1.510177754955325e+01, 6.996570344133353e+00, 3.907568185858516e+00, -3.195110007193655e+00, -2.040743731134705e+00, -5.241675161608162e+00, -3.829709867029761e+00, -2.666513965114260e+00, -9.440351415426013e-01, -2.703839492738256e+00, 2.639877354803400e+00, 1.758631884196368e+00, -1.161439704866696e+00, 6.047565730838288e+00, 4.876803585809220e+00, 3.526511638025183e+00, -2.936233274435011e+00, 1.339993169642775e-01, -1.576514552272715e+00, -2.165199183460004e+00, -1.065812332106151e+00, -9.220797225348951e-01, -1.349724419191846e+00, -1.190338184156226e-01, -5.636641921565773e-01, -5.321554983427584e-01, -2.371967313605810e-01, 1.233179447858398e+00, -2.519975132393435e-03, 6.763716499859780e+00, -9.158352685034767e+01, 1.332122865521646e+02, 2.006360533197183e+01, 4.522000646193323e+00, -1.503393769593280e+00, 3.443702665194435e+01, -3.620398562619100e+00, -4.055451420953818e+01, -2.015616859470775e+01, 3.380243007604621e+01, 1.485601494750060e+01, -2.955308742454889e+01, -1.237498560344979e+01, 1.052462237821767e+00, -3.320050327567395e-01, -6.121386964270650e-01, 3.400324037582923e+01, 4.732080310776134e+00, -4.344970844639621e+00, 1.959953525017248e+00, -4.881778302825745e+00, -5.449409957560894e+00, -1.734839404289370e+00, -2.728711776961619e+00, -1.257557781581203e+00, -5.685052907898711e-01, 4.957350899427356e-01, 1.649156732715158e-01, 4.411262565610349e-01, 5.381336586651878e+00, -1.257084507951609e-01, 9.631744313773525e-01, 2.652355779571375e-01, 5.302979910418432e-01, -6.242508640378697e-01, -7.303247451394856e-01, -1.632333362002942e-01, -5.454121803091077e-01, -2.435609047806278e-01, 3.495468329881838e-01, 3.351855107553239e-01, -1.070664003705813e-01, -3.118282257273892e-01, -4.290392343871885e+00, -6.776242898775452e-01, -7.416152481925200e-01, -6.593655473349506e+00, -3.466286736431066e+01, 1.798181437348115e+02, -6.754637691118091e+00, -3.011470156645798e+01, 2.372356132440741e+01, -8.244800280910249e+01, -8.383305052113522e+00, 5.805691336189389e+00, -1.883671146705065e+01, 8.319824799933869e+00, 1.748299347697408e+01, -5.076868518822883e+00, 2.964155780619555e+01, -9.783443227846346e-01, 4.200073091858539e+00, -5.763216918274632e+00, -2.196453474338502e+01, -8.505996099809670e-01, 1.669213485909866e+00, 7.608015621325429e+00, -1.921800025205948e+00, 4.168215758706372e+00, 2.535489837982301e+00, -2.908454415505597e+00, -1.969561936085812e+00, -1.496269755406761e+00, -1.155770874499167e+00, -2.775724403173134e-01, 8.992149010512338e-02, -6.112757326426616e+00, -3.217368190312991e+00, -3.179869803812382e+00, 5.235406201307097e-01, -1.755596102884588e+00, 7.427262342576023e-01, -1.001070428609356e+00, 2.738940676978589e-01, 5.748897996184622e-01, -1.801911959271875e-01, 3.209465562947118e-01, 9.093658838541345e-02, -1.681971961064080e-01, -1.216441554835709e-01, 2.952845527282480e+00, 1.992781937670359e+00, 2.835528202295335e+00, -7.227292027072063e-02, -2.434659214478603e+00, 4.660951210672881e+01, 1.686656080673592e+02, 1.236258337282370e+01, -3.319141954668371e+01, -7.665144409051675e+00, -4.770789782855088e+01, 2.039487942815014e+01, 1.104314283032725e+01, 7.537399134247326e+00, -3.814003660135626e+01, -5.728478422224756e+00, 1.883339467217134e+01, -1.112246197066563e+01, -4.626371371279114e-01, 1.343188923001658e+00, -1.749001329827813e+00, -3.516715936978967e+00, -4.853794700555969e+00, 5.341940685783821e+00, 2.867573539178014e+00, 4.115296910243469e-01, 2.692757207992756e+00, 1.762514649298942e+00, -9.796749822435286e-01, 1.731591729372209e+00, -3.166767627892269e-01, -2.056292215371542e-01, -1.640874428775050e-01, -4.582052783255982e-01, -4.880735623471898e+00, -5.043307991465570e+00, -1.842599397955629e+00, 6.747496090969578e-02, 1.936138810324653e-01, -1.717052033196192e-01, -7.123157792057624e-01, -4.962948939904634e-02, 3.800092057121927e-01, -6.273588634200271e-01, 1.548068502920069e-01, 2.239184066174047e-01, -7.906110420251555e-02, -8.118021330738406e-02, 1.925076666107020e+00, 8.042379969459000e-01, 1.102606386439952e+00, 1.681616674322940e-01, -5.077471522406289e-01, 1.788730350937052e-01, 9.306368515769576e+01, -3.485510812444625e+01, 1.914143859986796e+01, -1.499349001869742e+01, -2.404329698728115e+01, 8.616863604589836e-01, -2.452715093610966e+00, -1.388342717714115e+01, -1.226446964306767e+01, -9.908909483983171e+00, -2.732990586983544e+01, -1.405881870759434e+01, 2.290092965695250e+00, 1.510785394376378e-02, 1.471125805151640e+00, -1.665765556529668e+01, 3.058837897680067e+00, -7.299731113582283e+00, 6.643901071186024e-02, 1.573233510862978e+00, 5.973063602319558e-01, 1.014273475448952e+00, 2.520191122328038e+00, 5.054400636492590e-01, -1.076977578978912e+00, -4.320727807970268e-01, -7.772034573729025e-01, 5.825131479134063e-03, 7.463315396599325e-02, 8.457638293589651e-01, -3.478919273797443e+00, -5.735987419041301e-01, 6.704244536656312e-01, 2.600909076717462e-02, 1.433651904036458e-02, 2.667766185486284e-01, 5.797475397068821e-02, 4.026825502918667e-01, 3.237419695226065e-03, -4.973636476396857e-02, 1.270870035445314e-02, 1.180701328837723e-02, 2.808366588439949e-02, 2.442102630233600e+00, 1.215277692272969e+00, 4.364649010232247e-01, -4.402954110634812e-01, -1.646392892327027e-02, -5.785242857184594e-03, -1.673786260783005e+00, 7.243408597981605e+01, -4.049289266228606e+01, 5.245535382888335e+01, -3.786459915683908e+01, -3.186491380728442e+01, -6.812405812222137e+00, 1.590332641127218e+01, 2.566420779279997e+01, -2.878410188203288e+01, -5.499611872089280e+00, 1.947758073726791e+00, -5.114754985488174e+00, 8.395805483248715e+00, -3.229206774082160e-01, 2.729458963466694e+00, -1.230633743616015e+01, -2.930531279355141e-01, -3.930752566204571e+00, -5.510510300664693e-01, 1.962066106961865e+00, -1.290235952039586e-01, 1.055571816188189e+00, 1.077061675307033e+00, -1.733057414784369e-01, -9.484141606863994e-01, -5.832291488267936e-02, -3.237915718747219e-01, -3.459094842983895e-04, 1.809966231038319e-01, 2.415101089683405e+00, -1.921909911345605e+00, -2.425489489841712e+00, 1.294011276920346e+00, 3.771442280307805e-01, 1.017512092450228e-01, 4.021533678150756e-02, 4.879942372767145e-01, 1.608168122362496e-01, 1.302282326827726e-01, 1.349170933909953e-02, -2.260648505269124e-01, 9.186486287767309e-02, 4.930464379940753e-02, 7.688368092133651e-01, 9.497695405143395e-01, 3.494082274682412e-01, 7.909263432381748e-02, 1.381114181514530e-01, 1.545363092981414e-02, 3.944997845061349e-02, -2.146830173820367e+00, 2.981806933300157e+01, 6.948467993077453e+01, -2.451725909080387e+01, -2.893675184301615e+01, 1.541768460126118e+01, -2.151109828003538e+01, 2.470451126985870e+00, -6.942902285966096e-01, 2.473396761103904e+00, -1.768837906522685e+01, 3.110312598781159e+00, -1.448233456108071e+01, 8.666457865588356e+00, -1.416856056391685e-01, 4.570674132267891e-01, -2.493787889103822e+00, 4.436344183746572e+00, -3.063398349584699e+00, 8.606415563327018e-01, 3.623816771342375e+00, 5.554019532127903e-02, 2.153000764141816e+00, 7.067177580326490e-01, 1.801849767499299e-01, -1.652635327051675e-01, -5.422847174767189e-01, -6.237978204355803e-01, 1.884240823154590e-02, 7.448892573722062e-02, -4.648921468863093e-01, -1.233699077808557e+00, -1.760826717106975e+00, 1.118692417032865e-01, 5.828824996334455e-01, 1.312532435261806e-01, -1.755668537130257e-01, 1.180494826439646e-02, 3.540474817578886e-02, -8.384096775838880e-03, -1.439164821535708e-01, -4.196267468101215e-02, 4.215812167122777e-02, 1.622738280268536e-02, 1.520791486540606e+00, 3.602915707602559e-02, -2.453819901481244e-03, 6.512604943867303e-02, -1.109957580581171e-01, 1.711738713693785e-02, -1.317900645448371e-01, -2.510755236778587e-02, -2.304746745065377e+00, -1.909693152247734e+00, 2.123570570019255e+01, 2.150036603682364e+01, -9.503180629463690e+00, 1.229541160918099e+01, -3.899822357790015e+01, -4.015463201892238e+00, 4.551272881821266e+00, -1.180904817840368e+01, -8.990054524729493e-01, -5.650486134685653e+00, -7.606555531696627e+00, -5.737881864154713e+00, -5.705100852745563e-01, 6.277137853345791e-01, -5.512464831204235e+00, -6.336037135597995e+00, 1.686678310329933e+00, 5.931940337958337e-01, 1.685508009624731e+00, 5.602027966112140e-01, 2.076239595221320e+00, 2.150027940064980e+00, 1.124514913487157e+00, 2.712272955654761e-01, -2.793447121842563e-01, -3.812478216268670e-01, -1.665676163882001e-01, 9.897119483669710e-02, 2.961769572085426e+00, -9.723460469727819e-01, -9.907593802866954e-01, 5.854830196694982e-02, 5.355939038348323e-01, 1.569570682409099e-01, -1.397007390092589e-01, 2.377778191809628e-01, 1.838533855879703e-01, 1.463764220575280e-01, -1.624139879363132e-01, 5.321915417891936e-02, 1.489891447762247e-02, 2.584781693988748e-03, 6.663739396168342e-01, -3.060455506123473e-01, -2.770687767441378e-01, 5.824141587949438e-02, -2.534526867002504e-02, 6.493131911681821e-02, -3.548232412844888e-02, -2.464893813138128e-01, -1.302408370249639e-01, -7.719014205135863e-01, -2.055991547769167e+01, 3.563973820856985e+01, 1.910565658916128e+01, -1.118281473138461e+01, -1.522779573436542e+01, 1.663469138931397e+00, -5.803115701853955e+00, 1.195582366418820e+01, -4.747358768149396e-01, -4.674048272823412e+00, -1.778251037334306e+01, -1.230020155684555e+01, -3.599963973825842e+00, -2.390412639104404e-01, 9.625827964352913e-01, -4.209151851734470e+00, -7.244362956096480e+00, 2.448651747956036e-01, 5.094248357480192e-01, 1.775606424191763e+00, 3.617763899982761e-01, 8.148955877769247e-01, 1.089572089072015e+00, 3.259193599401271e-01, 1.309000118738964e-01, -3.034601835488427e-01, -5.937766172172374e-01, -6.013791450221427e-02, 5.525426109775081e-02, 3.240529515493567e+00, -4.017471071798542e-01, -5.115700517531034e-01, 4.485909162637146e-01, 2.501795983625543e-01, 2.766665691120815e-01, 5.276358829105672e-02, 1.180724520560499e-01, -9.268692211464551e-02, 5.140888814653345e-02, -6.760321827217923e-02, -3.494578344481284e-02, 9.765530206148293e-03, 3.716075914105200e-02, -7.848715864299322e-02, -3.852573466868044e-02, 5.153552630379609e-02, -4.419121558512657e-02, 5.932026745247959e-01, 4.256729898292694e-02, -6.333511423913064e-02, -1.131918828194767e-01, -8.709062212254809e-02, -3.096924045400691e-02, 8.445502528823238e-01, 3.883880805050863e+01, -3.940148062417023e+01, 4.462248445545134e+00, -6.235493408080628e+00, -2.248803944429196e+01, 8.351885247704425e+00, -6.522410410784619e+00, -4.070485948253646e+00, -6.497855810474651e+00, -4.216380330487511e+00, -6.559647327585731e-01, 6.355722608071577e+00, -4.127492371055166e+00, 1.323283764762520e-01, 1.031101598659513e+00, -1.094602393932452e+00, -2.521099159086223e+00, -3.126658812329006e+00, -1.272929841757526e+00, -2.124271858231346e+00, -1.626979125964250e+00, -2.448879115583955e-01, -2.030985454327722e-01, 5.073784875465521e-01, 8.048531212734967e-01, 1.110103782939246e+00, -1.384855178627089e-01, 1.357695239769086e-02, 8.813331653879648e-02, -1.181728329316845e+00, 2.112449399008076e-01, 5.045349286093073e-01, -7.793503969977529e-02, -3.638675329355628e-01, -2.593319561611926e-02, -1.890955339763559e-01, -6.315219525842830e-02, 2.084806439661201e-01, 6.061396782878347e-02, -1.451057530841285e-01, 8.601725667776787e-02, -2.645669894204270e-02, 8.520977184048890e-03, -4.895852134254919e-01, 7.437660311996606e-01, -3.628845098747520e-01, 1.082573578526313e-02, -3.723150154775178e-02, 9.218368060506572e-04, 1.594097049905677e-01, 1.650511715463535e-01, 9.324612103675203e-02, 9.114248749019505e-02, 6.226200123168329e-02, 8.575588926512981e-01, 6.293392136350116e+00, -5.516648720252381e+01, -2.635437690282079e+00, -3.390448159750645e+01, -1.526116293177042e+01, 5.293239916852927e+00, -7.929316819580228e+00, 1.861923780715049e+00, -8.627779770039202e+00, 2.646345873479933e+00, -8.912214291045564e-01, 1.299201215185760e+00, -1.537625360213151e+01, 5.377023266194609e-02, -4.849690961825598e-01, 2.154084186713163e+00, -2.201858545347948e-01, -7.592250042586092e-01, -8.644043414830853e-01, -1.403804471326840e+00, -8.383180406124897e-01, -1.602756540490790e+00, -1.001324637993554e+00, 3.624187006343076e-03, 6.380686252591858e-01, -5.102516035574173e-01, 1.784321246973027e-01, -2.565555726700119e-03, 2.362609988140496e-02, -1.470040415383025e+00, -5.941522470962485e-01, 5.420351980393476e-02, -1.483193407876661e-01, -2.303249899965313e-01, -7.185308606242549e-02, 1.030657804869782e-02, 2.271758265914353e-03, 5.371660550524778e-02, 8.865489236565691e-02, 8.917077842953988e-02, 4.308800939531666e-02, -1.653791627671876e-03, -2.974010006310748e-03, 5.810098203358779e-01, 5.184276291194007e-01, -1.986548247488596e-01, 1.386311095971093e-01, -1.511186189886441e-01, -2.667491922610142e-03, 6.807943690641943e-02, 5.227902121666484e-03, -2.646122301509054e-02, 2.173071009647526e-02, -3.583099324001830e-02, 8.177991836046644e-03, -1.063524385185213e-01, -1.367173383960260e+01, -1.620264031089775e+00, -1.812967103523967e+01, -4.546353776157515e-01, -2.478746029863739e+00, 7.109721306753926e+00, 3.962505529310334e+00, -3.799465049430814e+00, 9.940285495976831e+00, 5.289348581087997e+00, 1.701671455908667e+00, 2.532294958781720e+00, -1.910556150440885e+00, -3.230946906165669e-03, -4.380877348576858e-01, 4.910345919190490e+00, -1.479927459302562e+00, -1.527568512842426e+00, -1.320409044272838e-01, -3.133465868426942e+00, 5.432784336671918e-01, -4.104716538386053e-01, 5.695638612443606e-01, 1.492672432565821e-01, 1.847070245701067e-01, 2.315155100889289e-01, 4.846878267423148e-01, -2.581595947818954e-02, -2.495021607286129e-02, 2.537981214560774e+00, -3.556121591989755e-01, 1.802556947083191e-01, -1.704308150788655e-02, -7.116169646331829e-01, -7.722912926573733e-02, 2.335866218908922e-01, 7.718530397255381e-02, 5.364212125659588e-02, -6.000766025774789e-02, 6.093592077536979e-02, 7.985724156824568e-02, -4.362930358551045e-02, -1.042362525080302e-02, 2.263576518046291e+00, 4.520011252390853e-01, 1.809082940079705e-01, 1.899961205934813e-01, 5.796812595282319e-02, 3.753567526127635e-02, 2.057570730350084e-02, 5.810552645788875e-02, 1.595033260694556e-01, 3.919633593444680e-02, -6.837378206511262e-02, 7.468446746156527e-03, -4.637210148799262e-02, -3.107969507164702e-01, 2.678766641967765e+01, -6.785024580404998e+00, -9.496374874194464e+00, -2.928803896556484e+00, -9.597581649302148e+00, 8.710325267631047e+00, 1.967530463682019e+00, -9.404652725152602e+00, -3.497211056639618e+00, 4.791676118226424e+00, -1.080210815003737e-01, 2.576936024522468e+00, 3.176433544074897e+00, -6.071190382683758e-02, 7.949609878801132e-01, 3.248682834855777e+00, -5.152866380925176e-01, -1.687490047637384e+00, 1.189566883683637e-01, -9.189787261090161e-01, 6.338739545589803e-01, -9.951966384920966e-01, -5.495690088503919e-01, 2.968020006728105e-01, 2.184061542702925e-01, -8.813380665571445e-02, 1.978134926552162e-01, -1.595394246741225e-02, 2.479630657104460e-02, -9.836768108047387e-01, 1.141609042366669e+00, 3.963552800670723e-01, 1.363668014469694e-01, 2.004967701346234e-01, -5.705301797412079e-03, 1.363992914263520e-01, 2.175396132115093e-02, 5.633746844288368e-02, 6.533417928081616e-03, -5.985228998463126e-02, -3.227791192075650e-02, -8.463990776370700e-03, 7.480596063790508e-03, -1.274676524226301e+00, 1.139834526563697e+00, 2.490626805319922e-01, 1.532157107498145e-01, 3.367701634404213e-01, 2.744215921900598e-02, 2.149512864880863e-02, 5.871689009623066e-04, 7.544783516580914e-02, 4.179006590560411e-03, -4.815660176202373e-02, -3.358960066296302e-02, 8.648768884768855e-03, 2.715972988116746e-02, -7.921572215831841e-01, -7.899689968494312e+02, -9.146511077394482e+02, 1.885414549801584e+02, 3.216566412642845e+02, -3.409766359225753e+02, 3.770572526004516e+02, -2.185910552867884e+02, -2.009846545309559e+01, 7.686207570372032e+01, 1.763530824536119e+02, -2.508525893303779e+02, 5.686108483085582e+01, -1.778108278881525e+02, 9.098624823393222e-01, -4.008782319880152e+01, -1.549245006049611e+00, 6.016929987699763e+01, -1.178310141930038e+01, -1.000103485520254e+01, -3.019746832232300e+01, -2.943331982137745e+01, -2.059889937194094e+00, 7.102565958160347e+00, 1.201229264072193e+01, 1.422741799870603e+01, -3.053585621264004e-01, 1.594777446063445e+01, 1.117493874282609e+00, -4.200568665831756e+00, 1.156371005664314e+01, -5.615910098233781e-01, 1.049987821061012e+01, -7.080363608041683e+00, -4.140716869441023e+00, 1.381406306123391e+00, -2.419505075262340e+00, -1.663422793571469e+00, -3.184536312906515e+00, 1.462177805111810e+00, -1.614675198881520e+00, -2.749721604832118e+00, 1.733629371001956e+00, -1.550252437564447e-01, -1.434520743636972e+00, -8.997109098173585e+00, -2.655055933542907e+00, 1.114853931578889e+00, -1.131666519123010e+00, -2.595377428556500e+00, 8.643904388055287e-01, -5.749019591686746e-01, 8.054282339042954e-01, -4.868240448127265e-01, 1.056914718472078e+00, 1.292891511862436e+00, 7.264244091525819e-01, 1.602332575254581e-01, 1.437886259929669e+00, -6.014347071835927e+00, 1.861542543830533e+02, -1.282333854276821e+02, 1.186064415945677e+02, 3.682343097262266e+01, -8.220492229621354e+01, 6.455267612871812e+01, 3.857938957029370e+01, 9.389316556452885e+00, -8.461798411521484e+01, 8.672156151629551e+01, -6.436268559225010e+01, 1.695033250451972e+02, -7.792342618062398e+01, -6.140318176836230e-01, -2.534772784307385e+01, -1.835393102791850e+01, 3.382572589365528e+01, 2.189710732450351e+01, 7.654795828105040e-01, 1.102565159872841e+01, 1.060482941157153e+01, 2.124730540374820e+01, -9.856915404818817e+00, 3.129087911344674e+00, 3.198444297029742e+00, -3.468391588917290e+00, 7.421863984078745e-01, -7.300802445795583e-02, -3.324228078342058e+00, 1.638471085991981e+01, -2.214491620168706e-01, -1.426531577956367e+00, -5.124783480087595e+00, -5.240244562215842e+00, -3.153770919986512e+00, -3.385843430137836e+00, 2.965054539497229e+00, -1.144089246139768e+00, 8.869331117017643e-02, -5.093858207243092e-01, 4.021015049627970e-02, -4.613913359809397e-01, 1.049860767722736e+00, -8.637760923577028e+00, -3.907557258713636e+00, -1.053243049854619e+00, 2.198089388220947e+00, 1.389481024134487e+00, -6.844217083786256e-01, -4.037280894696511e-01, -1.859947649201843e+00, -2.324637073494831e-02, 6.665636519145608e-02, 2.297748907080338e-01, -3.454564824711326e-01, 8.403086232923862e-01, 6.833939694962354e-01, 9.337529936363161e-01, -2.834879697691677e-01, 7.811559832345750e-01, 1.647085432916993e+02, -7.164204277640129e+00, 2.265818773820009e+01, -1.513123225755169e+02, -3.730658146823352e+01, -2.163097913029041e+01, -9.249821671281182e+01, 1.140901843160920e+02, -8.467409115799525e+01, 1.264794117422185e+02, -4.663595978661235e+01, -7.881241847403761e+01, -2.064988624687041e+01, 3.094104141860284e-01, -6.817722728142299e+00, -4.501181164188326e+01, 2.145873352759214e+01, 8.760656625964600e+00, -5.161817329539159e+00, 4.609517528375363e+00, -5.691079740275708e+00, 3.342061224514610e+00, -6.279146255514622e+00, -2.791747296933306e-01, -1.612479555239442e+00, -1.960956338660339e+00, 2.179796535591545e+00, 3.745082538948812e-01, -1.811672639315617e-01, 1.460705578103259e+01, -8.804079409191935e+00, 1.028283136593088e+00, 2.081389876750447e+00, 4.467517311319590e-01, 3.347167013159856e+00, -2.016846596050998e-01, 1.145544320605210e+00, -3.869228101278530e-01, -3.521004659315153e-01, 6.153563370591776e-01, -3.742571386566586e-01, 1.805783789183657e-01, -1.256293692581725e-01, -6.161961914350313e+00, 1.565019003247236e+00, -1.596565835075289e+00, 7.760300887784314e-01, 1.152345512419218e+00, -8.139035367492543e-01, 2.740751125116215e-01, 1.942594848569239e-01, 9.087348158210902e-01, 7.351516554646272e-01, -5.407005896247320e-02, -1.352572392346021e-01, 2.463588568761765e-01, -4.041536355850831e-01, 4.121570550508056e+00, -1.274447496812725e+00, 1.669666718901497e+00, -3.037028806183210e+00, -2.014345941302777e+01, -7.767565526674113e+01, 8.878179704055889e+00, -4.228655235195642e+01, 4.737304608751778e+01, -1.200829315100671e+02, 7.815117397453285e+01, -2.178730798069374e+01, -3.471043909645674e+01, -3.626529227352340e+00, 8.412223560405457e+01, 5.987293287044724e+01, -6.442332890038236e+00, -2.727598059535454e+00, -4.962118246801570e-01, 3.024818090685019e+01, -2.324203027240299e+00, -3.487012165682606e+00, -3.040532337817580e-01, 7.847936509539275e+00, -8.910285085794621e+00, -1.201244814033361e+01, 3.000860544655886e+00, -3.693685262774749e+00, 2.115609576111660e+00, -5.785544504514150e+00, 3.738310788758101e+00, -1.809207330206264e+00, 2.092097730740606e+00, -9.134359477417208e+00, 1.246993413278771e+00, -6.624273034331986e-01, -6.090039460610785e-01, -2.364012280544771e+00, 8.771006633098257e-01, 2.217205207132942e+00, -1.080124103358184e+00, 2.685830782133675e-01, -1.273621468943338e+00, 9.755380655530771e-01, -5.932067334119522e-01, -8.470398009814808e-01, -1.813450733797576e-01, 7.682546870073737e+00, 2.356217082428266e+00, 2.568247344929954e+00, -1.996130565031777e+00, -1.627508614564541e+00, -1.200697568734475e+00, -1.080422923341606e+00, -5.164403215765929e-02, -1.937191908003209e-01, 5.030419237830823e-01, -8.451041628941126e-01, -1.593789322760253e-01, 5.722163187408159e-02, -4.433377922335333e-01, -5.200469473672303e+00, -7.810756726685032e-01, -5.248005627797346e-02, -6.666559913666181e-02, -5.026326661359911e-01, -1.527395684958151e+02, 5.034354237235829e+02, -6.034323433489892e+01, -9.276108318033428e+00, 6.112148894340147e+01, -3.989405418840538e+01, -2.208117786159536e+01, -5.673863719458731e+01, 5.080665907957923e+01, -5.644429972343416e+01, 2.055160431134516e+01, -1.466880617593002e+01, -2.389603357500412e+01, -1.239231380794682e+00, 1.452906025774838e+00, -8.512435709885571e+00, -7.939951012571710e+00, -5.285335870009361e+00, -8.718291011126169e-01, -6.405550906698970e+00, 8.103777808592271e-01, -1.129646669428980e-01, -6.425019764176475e-01, -3.306518563228170e+00, -8.807348866631106e-01, -1.107677306058377e+00, -5.173892403380443e+00, -7.392830339715635e-01, 5.646731449008704e-01, -5.100320828846328e+00, 4.161817789315724e+00, -2.241203811804524e+00, -1.403442287915856e+00, -8.061960441547154e-01, -1.420728732430206e+00, 2.468295758380338e-01, -9.377590301671093e-01, -4.706556760156724e-02, 5.182736307881015e-01, 4.472222724979808e-01, 1.102255489836413e+00, -1.265821373689209e-01, -2.493193244277560e-01, 4.519387269786609e+00, -8.687160111687731e-01, 1.617609380521265e+00, -7.984634376509983e-01, -7.710118614917555e-02, 3.681952264459110e-01, -1.470634891781830e-01, 3.698915121944036e-01, -1.500426209651418e-01, -9.196063508793629e-01, -4.498284368942088e-02, -2.959051333859089e-01, 6.586595441361142e-01, -3.785023022068617e-01, -2.825718736632901e+00, -1.624970097536894e+00, -1.086339613814446e+00, -6.874353832606628e-01, 4.552785434836251e-01, 9.266226426757539e+00, -2.639720137855088e+02, 3.085006783810043e+02, -3.576538573109831e+01, -4.250453351119642e+01, 9.712123338641392e+00, -6.396501907796189e+01, 5.131340855107316e+01, -6.138945161428367e+01, 2.503601173029660e+01, -2.557630041071301e+01, -1.297102490371865e+01, 1.161675452805664e+01, -1.209727253700316e+01, 1.290874744381027e+00, -5.858815032019782e+00, -7.106502532427655e+00, -4.154607818429576e+00, -3.184904522350670e+00, -3.842814591321853e+00, -1.898398661124072e+00, -4.584922274416780e+00, 1.053623443335789e+00, -1.513984123466508e+00, -3.651980005172728e+00, 1.380757936461577e+00, -2.414487550074935e+00, 3.973767648524738e-02, 2.766013351369137e-01, -2.343736840637933e-01, -7.535379330739049e+00, 1.166900276392309e+00, -7.292164444272937e-01, -1.599516354485854e-01, -3.054627864817282e+00, -6.204461269857781e-01, -1.435299911898762e-01, -1.482852254865128e-01, 5.581940616342455e-01, 2.353540242563058e-01, 3.291556728135387e-01, 1.615182257576195e-01, 1.184938472489323e-01, -1.167392849639699e-02, 4.684671980127339e+00, -1.968946410170580e+00, 1.439137801787309e+00, 1.266754323621417e-01, 1.842599798729371e-01, -2.310911575208677e-01, -9.630397149276565e-02, 3.289405379067542e-02, 7.108382169254996e-03, -1.389548571349687e-01, -3.219959854831715e-01, -8.322543662251532e-02, 3.113642976128415e-02, -2.984300794003468e-01, -1.111839310510584e-01, -6.301742102917600e-01, 5.511408429887519e-01, -2.027140653005963e-01, 4.566128285064380e-01, 2.665540544831284e-01, 3.739650468904172e+00, -7.510859109690321e+01, 2.360588992878468e+02, 6.349376970102411e+00, -9.311688390959374e+00, 1.118216865255195e+01, -1.029674915463947e+02, 4.130665627625945e+01, -2.434236074472703e+01, 2.018564939148662e+01, -4.282626532441710e+01, 3.240442434161512e+00, -2.672083226438536e+01, 4.614871492975844e+00, 5.034853334800881e-01, 1.099455301195211e+00, -1.277356075519759e+01, -2.363009244487477e+00, 1.505219487162799e+00, -1.670013826544797e+00, -5.180616149626367e+00, -4.111997797125315e-01, 3.027535676198882e+00, 8.406618236427053e-01, 4.070107740740903e+00, 8.945898592390982e-01, 1.128313935133499e+00, 3.297312047519714e-01, 1.341497527873215e-01, 3.520887278768259e-01, -9.446536957433603e-01, 4.831950147690374e-01, -6.190806910383465e-01, -1.518994696659948e+00, -6.539591045759238e-01, -2.695466151904144e-01, 1.195446983312915e-01, -3.103784297739750e-01, -2.659334060979451e-01, 7.308009130748348e-02, -2.594904830653165e-01, 1.824050481109714e-01, 1.417042512368158e-01, -5.124357359017075e-02, 2.330712448790744e+00, -1.405892099621652e+00, 1.270630439949237e+00, 5.264667608851348e-02, -1.282130928303014e-01, -4.340862039964240e-02, 1.228124839805733e-01, -2.937178434800047e-02, 3.975389257274446e-02, -9.475894456480957e-02, -1.133036353114785e-01, -5.184741388227113e-03, -1.012947764841698e-01, -2.904433065434321e-01, -1.036281219415813e+00, -1.057043930638234e-01, -6.629372479357527e-01, -7.460202489255042e-01, 8.635150313213796e-01, 6.001750097203733e-01, 2.657929230077927e-01, 1.329374775213416e+00, 7.968514906846195e+01, 9.656400746533173e+01, -2.593224065906842e+01, -2.161945636016676e+01, 1.992097651864280e+01, -1.076719059530725e+02, 5.423036573277930e-01, -2.218466409159566e+01, -2.805719240460700e+01, -2.532574352341258e+01, 1.430613224202594e+01, -1.103137046996989e+01, -2.591048873003525e+01, 1.318608748581286e-01, 1.243650588896421e+00, -1.114023816184041e+01, -7.623958434289290e+00, -3.039459864065942e+00, -1.472908788557066e+00, -1.288426711697737e+00, -1.409169290147710e+00, 1.450831870574855e+00, -1.445148745247110e-01, 7.461015444270331e-03, 3.642199714943123e-01, 7.000146070809212e-01, 2.777195819676529e-02, 3.422819647561418e-02, 6.566104694704900e-02, 1.726137082632045e+00, 2.203109862442857e+00, -5.550181272466123e-01, -1.720574263152080e-01, -7.092654419951471e-01, 1.401412147754662e-01, -3.940331253575982e-01, -6.529510800517592e-02, -7.003156955644499e-02, -6.751104549286384e-02, -2.331057236500002e-01, 1.687851973138793e-02, 1.964485580422432e-02, -2.129863422430387e-02, 2.908871215818779e-01, -9.864865430740504e-01, 1.225767858644628e+00, 1.288147106726235e-01, 8.367509288143085e-02, -2.218416328293930e-02, 4.854785214028763e-01, -5.429971553854875e-02, 6.441414665225403e-02, -9.085691380370023e-02, 1.128962728932136e-01, 2.296266244192018e-02, -4.940194970047288e-02, -1.290653039215718e-01, 1.415644115599660e+00, 1.191864770011189e+00, -1.328201719859156e+00, -6.611243209642684e-01, 3.703143402493222e-01, 4.316982200027830e-01, -1.526356659000702e-01, 6.520963264510163e-02, 1.830214464485766e-01, 9.911773882467116e+01, 5.922427160608264e+01, -9.634631119532612e+01, -9.272664688902012e+00, 6.559250237565982e+00, -5.532842955655768e+01, 4.475757195196834e+01, -3.173462171988575e+01, -2.287591429941273e+01, -8.773715695650868e+00, 4.916625851008706e+00, -1.742722022461853e+01, -9.316343076984332e+00, -5.452656112339652e-01, 3.656332494181739e+00, 3.596776146225588e+00, -5.219766681927493e+00, 1.049868568825800e+00, 1.478860446931995e+00, -2.815574284733759e+00, 7.380122784836378e-01, 1.338933884884050e+00, 1.293007652364820e-02, -2.637238197776941e+00, -8.042110868606682e-01, -9.154539142890993e-01, -7.678375062111179e-01, -2.302397555686010e-01, 1.777425011747640e-01, -1.218060640928148e+00, 2.104090410359331e+00, -1.824507542488280e+00, -4.006689507705010e-01, 5.672299160263913e-01, 3.640497286445493e-01, 4.438232899677400e-01, -4.464642645275133e-02, 4.585749839596059e-02, 7.283718507137110e-02, 3.470132788209929e-01, -1.884838361157516e-02, 2.734176508690314e-02, -4.884289598001083e-02, 2.752665268548773e-01, -4.055266046733872e-01, 1.134192812423012e+00, 1.243828183601206e-01, -4.244188002262002e-01, -1.235114888372387e-01, 1.784407428008898e-01, 6.061572791968053e-02, 1.396282281818153e-01, -4.663519614978292e-02, -2.542559349086500e-01, 2.431372535312070e-02, 1.493103888961978e-01, -2.645037537596015e-02, 6.742023653994443e-01, 7.115834696110492e-02, -1.057228075266651e+00, -4.753490374504160e-01, 9.045973487194425e-01, 1.258107376754820e-01, -2.295821588529592e-01, 1.575588315746079e-02, -1.413956867970652e-01, 1.135361523373504e+00, 8.535057761404072e+01, -3.435931251913282e+01, 2.519882223776178e+01, -4.458690645518097e-01, 7.184665455368017e-01, -1.656609320290728e+01, 2.511661277603313e+01, -1.068485362007523e+01, 1.280792021114705e+01, -2.536173473881407e+01, -2.093392550542725e+01, -3.273900915475056e+00, -3.612956721271727e+01, -1.481465248566728e-01, 4.181859907815473e+00, 1.456728294396883e-01, -2.940493117414049e+00, 1.486891341044479e+00, 6.499453663301324e-01, 6.292912838404390e-01, 4.150574042159412e+00, 6.933629009504401e-01, 4.398431920026323e-01, -7.249891890371752e-01, -1.901906085748028e+00, 2.040015210060105e+00, -1.396215602839047e+00, -1.065771131411371e-01, 1.649063760006708e-01, -3.501439276176267e-02, 1.350368322315453e+00, -1.228683424765983e+00, -1.272671576576986e-02, 1.763576937528898e-01, 1.499256799096664e-01, 8.922793341965380e-01, 1.393612518747246e-01, 4.639198108900717e-01, 3.395388530999833e-01, -3.490317191214873e-02, 3.195194149119536e-01, -5.601834847251033e-03, -1.227403438563424e-02, -2.338253011049259e-01, -8.692281464317190e-01, 2.437279228464040e-01, -3.320277014682985e-01, -4.923778141910239e-01, -1.683529017018479e-01, -5.487897004393889e-02, 7.345947940686545e-02, 1.305456000458398e-01, 3.866273668664477e-02, -1.539862668034248e-01, -6.572688254510274e-02, 1.332505695275581e-01, -5.978655887745447e-03, 1.899521101594917e+00, 7.561613997274070e-01, -3.803704603072800e-01, -8.975497858213988e-01, 8.384103622250776e-01, 1.757043467942480e-01, 3.604502231617131e-02, -2.243329819996968e-02, 6.430264736352465e-02, 2.639100487991264e-02, -6.725689463795755e-01, -1.143312852898215e+01, 1.670685566718261e+01, -3.065653909490442e+00, -4.848211944803717e+00, -1.750865039638624e+01, 5.203441400875691e+01, -2.070550640028843e+00, -1.205328459609096e+01, 6.447456055157977e+00, 1.466686339766111e+01, -5.169497925147003e+00, 3.611030574631663e+00, -1.745443885903688e+01, 3.862288576505030e-01, -3.371036545078352e+00, 2.439831223596537e+00, 1.324492572141435e+01, -4.628442794714847e+00, 1.752631980738724e+00, -2.063208681655005e+00, -1.882731489894518e+00, -4.725087730269929e-01, -1.201051029557915e+00, -2.984298274708212e-01, 3.429524685616169e-01, -7.501962040105733e-01, 1.149364067820764e-01, 2.131588673051626e-01, -3.826791845391109e-01, -6.677150084231968e-01, -2.773370844307118e+00, 1.602375091943642e+00, -2.510181125870491e-01, -1.044992206179872e-01, -3.510870194401763e-01, -3.899811975539574e-01, -1.064536788885087e-02, -3.773468185410242e-01, -4.865126485808844e-02, 9.062589778051329e-02, 1.246349991722179e-01, 2.319518620923507e-02, -5.882758698474250e-02, 2.296412639022966e-01, 3.742458159462942e-01, -4.251075759461002e-02, 1.947626921909650e-01, 2.198904007542864e-01, 1.401162735064565e-01, -1.211587619071302e-01, 4.049273910673904e-02, 9.134865615160949e-02, -4.520265285975596e-02, -5.881023958289735e-02, -1.336690106723287e-01, -1.201338553575805e-01, 2.962392126922210e-02, -1.304099149962441e+00, -1.463503989114743e+00, -3.574189259274915e-01, 3.834170782994755e-01, -1.952142623266667e-01, -6.144262948622238e-02, 3.384469253183032e-01, 1.274928555402315e-01, 1.156741086394223e-01, 1.914026343888426e-01, -1.823403112688657e-02, 1.258608438479804e-01, -1.992956494323064e+01, -8.466804941874614e+01, 2.927719696490728e+01, 6.811596463921475e+00, -8.768049421589678e+00, 5.692386174992314e+01, -1.778209630448759e+01, 1.076062180452959e+01, -9.502582275709544e+00, 3.420925752086563e+01, -1.451491706116707e+01, 8.271425203277191e+00, 1.943610463259805e+01, 1.697007635920792e-02, -1.166420810372047e+00, 4.773398117945182e+00, 8.418615032285506e-01, 1.737487602216182e+00, 7.172887594411312e-01, -3.266192425919285e-01, -1.166018535330657e+00, -5.491315696086185e-01, 2.304611547636412e-01, -9.164029096199393e-01, 1.083679018295682e-01, -9.033854158995915e-01, -9.020285815590397e-02, -1.035590624766501e-02, -1.635221109068279e-02, 2.329820523902142e-01, 1.241146718875619e-01, 4.689491412012297e-01, -1.446455032355249e-01, -2.690641968500718e-01, -1.713266549577988e-01, 2.277776977695221e-01, 2.154248400943689e-02, -1.921016753986205e-01, -5.363140146281527e-02, 4.157306429456414e-02, -4.701614784633531e-02, -1.253903484672309e-02, -3.392244389820784e-03, -5.625217034081788e-01, -3.810952814945448e-01, 4.019122035382129e-01, -3.184216544893173e-01, 1.920671636750220e-01, 1.918419639670084e-02, -2.808081846475072e-01, 4.372331492790638e-02, 1.469228327080504e-01, -7.644732751224180e-02, -4.037499665278870e-02, -2.923892017284607e-02, -3.141876693285149e-02, -5.499574614368381e-03, -1.302833190100100e+00, -6.727535905435422e-02, -3.817021876582082e-01, 7.582913377060711e-02, 3.765750123460656e-02, -3.815126316812438e-02, 2.520420916998009e-01, 1.887475062918266e-02, -1.380384446483453e-01, 1.428580141196766e-01, -2.315866467926771e-02, -1.535683039047248e-02, -2.424155058683792e-01, -5.559547864293727e+00, -1.704606080115167e+00, -4.877779661990771e+00, -3.872996542489225e-01, 9.430446769352160e-01, 3.574269907507077e+00, 1.032797313395979e+00, -1.566241244795884e+00, 2.545382313579501e+00, 2.662190272679581e+00, 1.862590194074934e+00, 1.504664396289865e+00, -7.025002787775502e-01, -3.322331662412460e-02, -2.271299480121353e-01, 2.281594885221646e+00, 8.165043295624093e-01, -1.078097869834067e+00, 2.952321683455093e-01, -1.075811783380621e+00, 4.098414792089977e-01, -2.080445887086950e-01, -4.810863430787948e-02, 1.373388026940636e-01, 5.091922835822108e-01, 7.301015034479154e-02, 1.403111422373985e-01, -1.881031506069487e-02, -1.215893366990903e-02, 7.000737131619613e-01, 5.537430566483678e-01, -7.854207374031853e-03, -2.189604952576945e-02, -1.364933146402613e-01, -2.855520797586228e-03, 1.088304342296912e-01, 1.229135538367890e-02, 4.251277952941788e-02, 4.233193939836988e-02, 6.241258703606122e-03, 1.468769959897891e-02, -2.125579070116346e-02, -4.841468541138073e-03, 1.378044234914213e-01, -7.928680966167752e-02, 1.765717727142703e-01, 1.964743050530167e-02, 2.405756911572227e-01, 3.668604300025680e-02, 1.311498582540039e-02, 1.981816717377249e-02, 6.394901606940229e-02, -3.240013684795137e-04, -2.710127753047252e-02, -5.674293898228662e-03, -1.935097260426741e-02, 7.782822275959628e-03, -1.688778630447278e+00, -2.210497543966955e+00, 9.038822013400916e-01, -4.920594031150898e-01, 3.061406839579966e-01, 1.011556299604628e-01, -1.431998741708302e-01, -4.558721932658604e-02, 2.945413772628486e-03, 2.552103245255537e-02, 6.365971651177270e-02, -1.816452002920761e-02, -1.248196861752672e-02, -2.409970828421161e-01, 6.258614250986037e+00, -5.652488830182315e+00, -4.715058787717294e+00, -1.914987779011190e+00, 2.148729707047684e+00, 5.101401558600984e+00, -1.371971203512625e+00, -3.470993602157588e-01, 1.764332063329170e+00, 2.451097400229266e+00, 4.153421481082831e-01, -1.248792637958067e+00, -2.296031969283441e-01, -3.486258272844010e-02, 3.103463605883446e-01, 8.602987170322639e-01, -9.944792645341859e-01, -7.664685506715285e-01, 1.899694947805584e-01, 1.021128115401296e-01, 1.260684591264022e-01, -2.791222492192332e-01, 2.048197975410901e-01, -3.619180223512308e-02, -4.368829144835030e-03, -2.381786033045970e-01, -5.128517709743570e-02, -8.875862419279930e-03, 1.776586853142936e-02, -6.489176596346912e-01, -9.200882250771564e-02, -2.160069850648590e-01, -4.738717454623960e-03, -6.154269614297150e-02, 3.972043529711938e-02, 1.276111898721007e-02, 5.466309016045806e-02, -2.899113658872561e-02, 6.988080839348404e-03, -1.806532816401662e-02, -1.538463146868093e-02, -3.342029422278964e-03, 4.826922996611728e-03, 2.607294860698842e-01, -4.389158080626178e-01, -1.826123514165840e-01, -2.745946027115861e-02, -3.187628337059970e-02, 2.587224513719532e-02, 4.597658376670810e-02, 1.351532701503108e-02, 3.071887733681962e-02, 3.155002197092585e-02, -2.914920073689959e-03, -4.076441198943998e-03, 3.776538880114424e-03, 1.052939837690622e-02, -1.354103915241729e-01, 1.951915628277799e-02, 4.296450928587953e-01, -2.824354880827832e-01, -3.618843807786311e-01, -8.871665632775581e-02, -3.398647887577677e-02, -3.393216982292967e-02, 3.254309768033396e-02, 6.945057585221490e-02, 2.689216565825090e-02, 7.294453820109168e-03, 4.895498989751573e-04, 3.435729496950696e-03, -2.244143468574782e+00, 2.474851206740444e+02, 2.032620464366464e+01, -1.416774455400082e+02, -3.548372560661176e+01, -1.295270696059458e+01, -7.346919748226788e+00, 2.026664676994168e+01, 3.654623238787570e+01, -1.377753694281722e+01, 2.382412002531391e+01, 7.339970182874283e+01, 8.484787269006033e+01, -9.274342404682063e+00, -1.448648906515161e+00, 9.985717909889328e+00, 8.977202258326969e+00, -2.076151065243530e+01, 6.164751103233411e+00, 2.371557458312133e+00, 1.459770003948590e+00, -1.475755482765899e+00, 4.778535480325649e-01, 5.686225142801713e+00, -1.403125043395758e+00, -8.170087956528439e-02, -2.147268788857099e+00, -6.054942255369629e-01, -1.260202893235670e+00, 1.465986885494831e+00, 9.679872895411977e-01, 4.664225063063344e-01, -2.711478804931190e+00, 1.092937796999784e+00, 1.934741689147872e+00, 2.150513093915504e+00, 2.628095141246930e+00, 1.283467336444432e+00, 2.746833616963060e+00, 1.488833880276952e+00, -1.033032458234394e+00, -3.265795206904455e-01, -1.301414570121114e+00, 1.237101964686386e-01, -1.575582322118350e-01, -6.256191129910442e-02, 1.874406223060938e-01, 1.087099413547763e+00, 1.022876392588971e+00, 8.488530730661027e-01, -5.402198017404574e-01, -2.279343184034927e-01, -1.033027546165626e+00, -6.072173766805636e-01, 4.939128723265910e-01, 5.785299957385451e-02, 1.033078808152519e+00, -1.368073598719274e+00, -3.811995437068194e+00, -9.617648207749284e-01, -8.681896188318914e-01, -5.692621969499472e-01, -4.361433775713606e-01, -6.966801085534736e-01, 1.529075209639223e-02, -3.346761388715944e-01, 3.770885998401292e-01, 3.318486982612555e-01, 2.304861565868106e-02, 1.159443375664050e-01, 2.215520538282485e-01, 2.770034656355366e-01, 4.819810099827776e-01, 2.852741046126356e+00, 8.126430825571389e+01, 6.061626626903674e+01, -4.137401860660225e+00, -1.463596254367003e+02, 3.353248185523916e+01, -1.825650637181883e+01, 8.980788775411808e+00, 1.298916343404894e+01, 5.432157602399426e+01, -2.316127702214556e+01, 2.656876026184626e+01, 6.963213581934840e+00, -2.442650611707913e+01, 1.079015305193531e+00, 7.728742257235744e+00, -8.438064430040544e+00, -1.131761412649926e+01, -9.298890268884029e-01, -2.042619499962484e+00, -1.475765343544977e+00, -6.622474830646874e-01, -4.555770574140110e+00, 9.370225148782246e-01, 8.284988649111158e-01, -2.897777389505368e+00, 4.014594714594732e+00, 3.883568300541618e+00, 1.322963702923393e-01, -1.815763401728149e-01, -5.569368248095736e-01, -2.209256052194813e+00, 2.045722717291298e-01, 1.723637413882879e+00, 1.530071476196979e+00, 1.942956229471273e+00, 2.266752498272490e+00, 4.860980317455844e-01, 6.848002180606372e-01, 1.492925496285952e+00, -9.469900286072191e-01, -7.141683194610831e-01, -7.968087282739041e-01, 3.641258962940473e-01, -2.138680119017490e+00, 2.580419118493211e-01, -1.309811758619780e-01, -5.818570863896357e-02, -2.371994269520614e-01, -2.149463132819888e-01, -2.212865304838129e-01, 1.336180047041600e-01, -4.671103931907925e-02, -4.520974664332997e-01, 2.105741622495924e-01, 3.314052517109410e-01, 1.136127682534988e+00, -1.492280849272249e+00, 2.284304716176245e+00, 6.573140250412359e-01, 1.659823053539541e+00, -9.185394775162802e-01, -6.970499838556879e-01, 3.569386542289801e-02, 6.070409319414603e-02, -4.166277228470419e-01, -1.862453964768053e-01, 4.521053001971970e-01, 1.849581140766442e-01, 1.727057022613692e-01, 4.221122037659066e-02, 2.926661029983985e-01, 7.747137003122564e-01, 1.203865526038531e-01, -4.437300661017630e+00, 2.297559685766420e+02, 4.540086845168235e+01, -1.840915831210867e+02, 5.715104909470976e+01, 4.355966320683402e+01, -5.699713119090308e+00, 4.704630599988094e-01, -3.846859727962995e+01, 3.379870716797491e+01, -1.516080843836673e+01, 1.298994311985289e+01, 8.069964113789856e+00, -2.894020991427718e+00, -1.014682230473608e+00, 4.020158101669876e+00, 1.006430448103964e-01, -5.913069881325822e+00, -3.221906690809560e+00, -5.822004181771455e-01, -2.081010490655449e+00, 3.347661048080365e+00, 4.253890644133707e-01, 9.644790902530200e-01, 4.945871070036684e-01, 7.419765986797958e-01, 1.745148151812091e+00, 2.234360870176041e-01, -2.856538490182940e-01, -5.578704455621687e-02, -1.329820160801091e-01, 3.014230408095834e+00, -9.897344369330574e-01, 8.822657677580578e-01, 2.237794515571792e+00, 1.145103149757354e+00, 1.773011401363035e+00, 5.803937444229016e-01, 7.129777324443805e-01, 2.669643723628782e-01, -4.781299045868229e-01, -3.462652895978242e-02, -2.111219811622104e-01, 1.789813363974897e-02, 6.210283519126086e-01, -9.503552706768351e-02, 8.411703748668750e-02, -9.117810721574793e-01, -3.759440392688186e-01, -9.953546892231951e-02, -2.663443504248170e-01, -1.474255195348347e-01, -2.998739350100050e-01, -1.604691314550640e-01, 1.684462995949753e-01, 1.022369027366173e-01, 2.937381359374000e-02, 7.040261875333986e-03, -7.202532747569168e-01, 7.685273107891367e-01, -3.863837755978957e-01, -7.201368801857742e-01, -2.232337694440624e-01, -4.767330185139383e-01, -2.877121492753662e-01, -2.741875261960721e-01, 8.418624673036636e-03, 1.306946140444517e-01, -1.456723591916657e-01, -1.575855194486516e-01, 1.687845288360607e-01, 7.715445940769999e-02, 2.036239656390306e+00, -1.843108022277464e-01, 5.968911619615764e-01, 2.071466037963439e+00, -1.016229837234960e+02, 9.010585691397910e+00, 5.627480240079984e+01, 1.133267233502626e+01, 4.041030842148164e+01, -3.289384249934393e+01, -2.011957026528453e+01, -7.316431156835599e+00, 1.748235049346840e+01, 6.461994520563307e+00, -8.019965983871767e+00, 5.304826167890548e+00, 3.078945699545505e+00, 7.332036847062006e-01, -5.650316599326190e+00, 3.249255726391012e+00, 2.642583981768530e+00, 4.157772841536862e-01, -3.128364013849029e+00, 2.000861902429609e-01, -1.840443153434597e+00, 4.807414161237160e-02, -8.727427570015990e-01, 2.119604352948566e+00, 5.217699111098638e-01, -1.103023986633473e+00, -1.645062593835531e+00, 1.033735901173033e-01, 1.764563036167713e-01, 2.443892671608099e-01, -3.116814026620725e-02, 1.811393673671261e+00, -1.139797435359180e+00, -1.091402368374087e+00, -1.092305793086177e+00, -1.033115429440660e+00, -5.415708327623601e-01, -7.710445450622577e-01, -2.373217018956671e-02, 2.615809552277545e-01, 2.346197012680031e-01, -1.470645922191501e-01, 2.438593002118568e-02, -1.842757121369371e+00, -3.069747387341364e-01, -1.437018781904347e+00, 4.203946133623185e-01, 2.306318884599086e-01, -9.438722360365505e-02, -4.164349702379566e-02, 1.111199863656312e-02, 1.382211584364124e-01, -4.001946937886402e-02, 4.391138334438143e-02, -1.093641858948681e-03, 2.154365057654236e-02, 8.612503393967595e-02, 1.353617817581846e+00, -1.377615249451789e-01, -1.937918723861101e-01, 1.737467863777573e-01, 7.074855764591305e-01, 6.979608842927505e-02, 2.845225508556476e-01, 9.521749558713359e-02, -3.701362856116563e-02, 2.407841684913339e-01, -8.975854616970617e-02, 9.931614324618264e-02, -6.952708066048605e-02, -2.149161404637282e-02, -9.505339675789315e-01, -6.375454043934018e-01, -3.993037454731140e-02, 2.007284300154660e-01, 3.214481905868134e+00, -1.206906070780939e+02, 5.701207697179138e+01, 1.951070907850257e+01, -1.197088829346743e+01, -1.988093464884651e+01, 2.042302901971977e+01, -2.563978365631241e+01, 2.819589512901467e+01, 1.092304162197631e+01, 1.067668866109516e+01, -1.094008365105327e+01, -3.765545091800792e+00, 8.367525058650937e+00, 9.535176514140967e-01, -5.022209886956265e+00, 3.263996186636420e-01, 5.934236963475501e+00, 7.625501683730151e+00, -2.089529202161898e+00, -7.702583405076936e-01, 6.512713363134204e-01, -7.556816485286495e-01, 9.494202058384263e-01, 1.276433652264227e+00, 1.566804914838842e-01, -6.020490245472394e-01, 2.406913971326707e-01, 2.395034856118584e-01, 2.761779231359958e-01, 1.341455575317354e+00, 3.769651185043141e-01, 1.910232841244522e+00, -1.298500677700370e+00, -1.266972861350286e+00, -5.108100796416413e-01, -4.132911570176114e-01, -7.741732004786775e-02, -4.457973241271333e-03, 6.253882338343170e-02, 6.766416856572434e-02, -1.437042971658748e-01, -7.339825465958474e-02, 2.543667261390156e-01, -1.643783424190736e+00, -1.065118882171091e-01, -6.318221315401663e-01, 6.877025897185106e-01, 4.541095365581922e-01, 5.489335879110881e-02, -9.953391486786847e-02, -6.345025802111533e-02, -1.721737919793930e-01, -1.504229013946882e-01, 3.273489522217828e-02, 1.071180314755298e-01, -5.042264777798722e-01, -3.084394957413046e-02, 1.832977605915007e+00, 1.719836897650590e-01, -3.246246798063985e-01, 7.987306655091517e-01, 2.490210980490424e-01, 5.092763878248798e-01, 1.775806192304011e-01, 1.108614127760359e-01, 9.914840844349643e-02, -3.728954411958916e-02, 4.815077358883421e-02, -4.220372269854647e-02, -3.178855041828418e-02, -4.321181733940799e-02, -1.124192284131636e+00, -2.290671364833898e-01, -8.272972536517715e-01, 1.886202016425909e-01, 1.109414267929992e-01, 3.612445038734313e+00, -8.133006838809494e+01, 9.896222000248297e+01, -2.297542429720917e+01, -2.587410055990043e-01, 1.981056168625390e+01, -1.221069008290420e+01, 1.931232907999934e+01, 5.727114595065787e+00, -3.182907770770770e+00, -1.911830707165060e+00, -4.494539071329629e-01, 2.481633579027673e+00, -4.229485087685162e+00, 5.577253935186605e-01, -2.206119087351357e+00, 1.033733506895787e+00, 7.525646170433193e+00, 4.364892380674616e+00, 2.384934219001285e+00, 1.072440869719025e+00, -7.575722085654713e-01, -9.055429662666712e-01, 3.378263420823153e-01, 4.805006833296469e-01, -3.818524843870802e-01, -6.093914163627058e-01, -2.371864573114655e-01, 9.048796177998210e-02, 8.035196860144977e-02, 1.263927520986144e+00, -5.774798431141546e-01, 1.061663537939898e+00, -1.449225420908261e+00, -3.048363409521970e-01, -1.443518145157940e-01, -3.355963311184980e-01, -3.085482589482640e-01, -2.386854066009908e-01, -3.215893912830246e-03, 2.257713067451492e-01, 9.863841904970690e-02, -2.406438117679392e-03, 5.915487876735630e-02, -1.136875023691386e+00, 4.869944102698287e-01, -4.917444321705268e-01, 3.005494574889858e-01, 9.984805586781333e-02, -5.939424253616941e-03, -1.227891626228742e-02, 4.529463730873159e-02, -1.243701497208489e-01, -8.168546082349183e-02, 3.818871511123810e-02, -3.380143402537797e-02, -1.275940920306463e-01, -4.404857090976652e-02, 1.005755434213280e+00, 1.794740745409820e-01, -1.486269656436146e-01, 3.807649668021895e-02, 1.123953401750713e-01, 2.905934912595293e-01, -1.974549851813778e-02, -5.333718078657919e-03, 6.104674178935914e-02, 1.946140211214695e-02, 5.998130320469885e-02, 4.348418177114383e-02, -5.180651284670668e-02, -1.795758045957469e-02, -9.400383277498933e-01, -9.317659308748985e-02, -3.346032590764856e-01, 4.687052037288876e-01, 9.220144601955815e-02, 1.773652085794384e-02, 1.527703729243487e+00, -5.253945674166727e+01, 2.826478177648838e+00, 6.115263029256929e+01, -3.374823426268832e+01, 8.508239184212787e+00, 9.396720769371846e+00, -1.520127415426435e+01, 1.367279213168506e+01, -1.612617021373548e+00, 9.839329418131756e+00, 3.550169856651724e+00, -5.424400935349482e+00, 5.907773003874409e+00, 2.264055352119303e-01, -3.454766657990398e+00, 5.669627963531742e+00, 1.158499113736850e+00, 3.098019589814748e+00, -5.535129052483997e-01, 8.041230619654672e-01, -6.305110972003305e-01, -1.169710182959856e+00, 6.104073536421870e-01, 8.310342660212977e-02, 1.031671584261448e-01, 7.704513492830160e-02, -5.491799576013218e-02, 5.864300768265621e-02, 1.421681756777725e-02, -9.862634335041427e-01, -2.507081116990421e-01, 1.424439456915956e+00, -5.195204046364919e-01, -7.442529220126508e-01, -2.089059026228368e-01, -4.419589242253656e-01, -3.384198076992313e-01, -2.109737850218132e-01, -1.198607546466245e-01, 8.956739607575188e-02, 3.772224813657222e-02, 1.077127983422080e-01, -2.726679386595792e-02, -3.365351014688950e-01, 3.542176650969522e-01, -6.179751147606363e-01, 2.570628071108197e-01, 1.735828041831208e-01, -6.965922256584305e-02, -3.024177614970030e-02, 1.061799991241359e-01, -3.404101754955029e-02, 1.259963804510481e-02, 2.878733273570553e-02, -3.231792478389362e-02, 5.554602275374026e-02, -7.343609768671186e-02, -1.020780545935031e-01, -1.015342740606791e-01, 2.250299412527516e-01, 1.800243440988172e-01, -1.233416025846429e-01, 1.187625073273225e-01, -2.203518135968480e-01, -7.917462316635002e-02, 3.507674791247541e-03, -6.890173102345264e-02, 2.614388181461769e-02, 5.538489681900893e-02, 1.482396784616972e-02, -1.851820188505026e-02, -2.921558649353897e-01, -6.223112319640679e-02, -2.748571716886965e-01, 1.926944417704708e-01, 2.245339372815082e-01, 1.282906159157819e-01, 1.203882648376607e-01, 7.693638745574732e-01, -4.760699401419168e+01, -3.754727980833044e+01, 4.492206075497239e+01, -2.778544437004350e+01, -9.391596235117470e+00, 1.064114749592756e+01, -6.169635853910763e+00, -2.471094601422347e+00, 5.928317885226779e+00, 3.590370097006834e+00, 2.147833931598504e+00, -5.939504087113756e+00, 6.559991723573842e+00, 1.254266049242914e-01, -8.515406741751185e-01, -1.703455463615036e-01, -2.563139269441301e-01, 2.239467577834091e+00, -1.132747801722543e+00, -1.814225933788226e-01, -6.592489190818042e-01, -2.999139470687819e-02, -9.717268317059626e-02, -1.122679248379640e-01, -2.663072612674123e-01, 8.239766776188894e-01, 2.412661162139336e-02, 3.443878228948304e-02, 1.726750706191386e-02, 2.445287193245021e-01, -7.550301021588002e-01, 8.540895393349134e-01, -8.409908753968141e-02, -3.307432056969550e-01, -2.742313013106299e-02, -6.471668925810409e-02, -3.705203582880633e-02, -3.153021687035329e-04, 1.907111600949304e-02, -3.516023962121010e-02, 1.772002928057174e-02, 9.748082390961655e-03, -2.909407590990105e-03, -5.289018602793567e-01, 2.140136443763581e-01, -5.440910720170186e-01, -8.993303564100720e-03, 1.177297756261663e-01, -6.694156660034119e-02, -5.493971598835051e-02, -4.042984822313755e-03, -3.611943510696403e-02, -2.769915301312658e-02, 2.380588412943742e-02, 1.694593441627311e-02, -1.526765772508659e-02, -3.586358998285977e-02, 1.234515305432030e-01, -6.604807482398095e-02, 3.041301466672260e-01, 1.446838776619366e-01, -9.517936948984373e-02, 1.054562324349551e-01, 3.694344424427192e-02, 3.901463149799139e-02, 4.602957562006309e-02, 3.266028644990305e-02, -9.664096887705569e-02, -1.693090855061176e-02, -5.368298593729674e-03, 3.324230356167018e-03, -9.575568168151040e-02, 2.258036215462096e-01, 1.543869371900153e-02, 7.030917977534397e-02, 5.468438457541729e-02, -2.108433355759065e-03, 2.925784443894713e-02, -5.875172666492148e-03, 1.109570499297868e+00, -1.827874383327329e+01, -1.139172056376641e+00, 1.135429447490379e+01, -1.771339174551225e+01, -1.372263417371862e+01, 2.117391048669997e+01, -1.341796384847979e+01, 6.432391402849063e+00, -6.909621223312205e+00, 7.438639133333177e+00, -2.752584955708784e+00, -1.076308968094927e+01, 3.354898694241832e+00, 1.587937534156871e-01, -1.109043499653545e+00, 1.331870855149824e+00, 5.150951931019915e+00, 1.274275549853365e+00, -8.600598855763042e-01, 1.460051384384441e+00, 2.201598014328346e-01, -4.571572972080677e-01, 2.059202967557542e-01, 1.130486100339917e-01, 1.215191931367004e-01, 3.766063324178762e-01, 1.945835328827261e-01, -8.168846907015343e-03, 8.208925891563051e-02, -9.132338211758694e-01, -1.299586457882442e+00, 2.625965528167117e-01, 3.402197454374991e-02, -5.990985581589361e-01, -2.260649798216237e-01, -2.258000950542152e-01, -1.384622125275579e-01, -9.325925267277385e-02, -1.178368605357572e-01, 1.173915662164104e-01, 8.138000866314354e-02, 7.359818080589044e-03, -8.294765595278931e-03, 3.505832853692006e-01, 4.743349952911967e-01, -1.106495766534404e-01, -8.098693747373439e-02, 1.222018790432147e-01, -4.024874163484217e-02, 1.194237301235742e-02, 5.972268855992488e-02, -9.578503157934639e-04, 3.438257332065704e-02, 2.283598706734939e-02, -7.217456172707777e-03, -2.310989577802870e-02, -5.823379801509419e-02, -1.345784789662935e-01, 2.012264727176859e-02, 9.277705687266199e-02, 3.617887656142647e-02, -2.082581597285927e-01, -2.694720435553971e-02, -5.014864957684402e-02, -3.891479401316548e-02, 2.981677620287166e-02, -6.454255443483004e-02, 4.915950696885237e-02, 4.283992998284838e-02, -2.130124253206000e-02, -1.615091848150600e-02, -1.519920383492584e-01, 9.565170529505543e-02, -3.859109080112252e-02, 7.929350450594777e-02, 1.235486667996289e-01, 6.923507537584857e-02, 5.971015883567184e-02, 9.360355495995603e-03, 1.037101985962333e-02, 1.089079186117299e+00, -2.741265672967450e+01, 6.491549627885861e+00, 1.257081668034294e+01, 3.999079269179677e+00, 8.840092448826971e+00, 3.330221872134702e+00, 9.209823346574339e+00, -7.125313844997135e+00, 7.080813701454440e+00, 6.262833696471787e+00, -5.299454532522685e+00, -6.437164448651719e-01, 4.401079652736609e+00, 5.358517039060989e-02, 2.858138932932850e-01, 4.277319169787835e-01, 2.237748417344813e+00, 4.861556086015908e-01, 3.077605357059711e-01, -3.858845357045088e-01, -5.588817768773260e-01, -1.320759535982765e-01, -6.511218577415842e-01, -7.920281196953942e-02, 8.529996175658421e-01, -3.132208703387227e-01, 5.130734521382639e-01, -4.678535389893298e-02, -3.595815021289349e-02, -4.597508735386682e-01, -5.778376864089515e-01, 1.918141085218828e-01, -3.345086895629105e-01, -1.293401494758297e-01, -4.347037406453471e-02, -9.464198328123095e-02, 1.117714345625401e-02, -5.442579541427693e-02, -1.214028528230270e-01, 5.280738961386429e-02, -9.595502538726864e-03, -2.186095707856678e-02, -1.662006952387189e-02, 4.115625813186305e-01, 3.523928661201856e-01, 3.238078141658103e-02, 2.143934846983180e-01, -7.097429326441591e-02, 1.806641689262039e-03, -1.044421338933501e-02, -1.598887898716153e-02, -3.982433198384341e-02, 5.770338434629016e-03, 2.328614912097316e-02, -4.006675275867267e-03, 4.244821444770977e-02, -6.302854056235764e-02, -2.857707322965843e-01, 6.591191963029180e-02, 9.224258745054160e-02, -9.502226611222095e-02, 2.547082060409132e-02, 4.940359767614591e-02, -1.853987033317954e-02, 1.272388718947710e-02, -5.374864469725590e-05, 6.912363813200425e-03, -1.852667486929196e-02, 1.083119937674202e-02, -1.340534250134500e-02, 2.515937394230856e-03, -1.320221099966309e-01, -1.556391693443985e-01, -1.056567519606831e-01, -2.518436050001003e-02, 1.216125707742887e-01, 6.879818921095169e-03, 3.011621075261466e-02, 1.719782269067141e-02, 3.083144924532624e-02, -3.030975919838909e-03, -1.089715433772034e+00, 3.039498358655977e+01, 2.329331317859177e+01, -1.422837322934230e+01, 4.140542113387655e+00, 4.726030661538363e+00, -4.700500372072856e+00, 3.398553996468678e+00, -1.030009697932388e+00, -6.156004082624174e+00, -1.338776443093518e+01, 6.769042681050818e+00, -3.937104016411268e+00, -1.913562560524538e+00, -1.610850806965183e-01, -7.172105573738363e-01, -1.658737624330567e+00, -1.283214264777974e+00, -1.463484837809177e-01, 2.846405196434272e-01, 4.190357998363303e-01, 3.944458318484269e-01, -2.613001608931438e-01, 1.493087613142383e-01, -3.283436983978689e-02, -2.930241581970892e-01, -2.055077596602228e-01, 3.502920614890620e-01, 5.423648853447150e-03, -1.430324055563071e-01, 1.644832622431382e-01, 6.137897696547989e-01, -1.224865223658271e-01, 4.065013732908523e-02, 9.619325435052642e-02, 4.631289198556995e-02, 1.175253716405746e-01, -8.322500605785728e-02, 9.987130546454122e-02, -3.033336958354736e-03, 5.603122476747712e-03, -1.018241107891010e-01, 1.777888501883836e-02, 2.923766706178124e-02, -9.789956315707204e-02, -3.006670034598477e-01, -7.276883918391380e-02, -3.365183122712212e-02, -2.240544026009088e-02, -1.566373953247786e-02, -4.108230974427703e-02, -5.069881041876108e-02, -6.118309130107136e-02, -4.442589467274381e-02, -1.940800184269256e-02, 5.693024176389976e-02, -8.827785880862134e-03, 5.686994956661870e-02, -2.895856790453776e-01, 1.827582780447915e-01, -1.961695768879818e-01, 3.162164283345109e-01, 1.215446639577914e-01, 1.423949235479600e-01, 8.607411872558504e-02, 2.359249367523505e-02, 1.279526698831346e-01, 1.281519543630263e-02, -1.199611246416486e-02, 1.513918767542459e-02, -5.299487222124453e-03, -5.281791824939690e-03, 1.215888640288362e-02, -8.212108692112337e-02, 1.082566617088205e-01, -5.889770084835375e-02, -6.246540077592753e-02, -6.015004992395286e-02, -4.315810105536624e-02, 8.774599474998302e-03, -8.179533531274814e-02, -1.400981724749189e-02, 2.292163429335102e-02, -3.313995413919438e-01, 1.105239468000797e+01, -1.581496174347359e+00, 4.393376839062598e+00, -2.705796026326570e+01, -1.592575303617284e+01, 1.208668984826836e+00, -1.072285970546319e+00, 6.179798942784620e+00, 2.901066179129004e+00, -8.531587976544925e+00, -4.053390200733629e+00, 6.496871380322896e+00, 4.444370310546613e+00, -4.326696483688621e-03, -4.612508119027235e-01, -8.924689379446966e-01, -4.129699497277617e-01, 6.302555451493137e-01, 9.031742432748590e-01, -2.489762224330551e-01, 3.072351734512102e-01, -2.328223709236754e-01, 2.907013306374112e-01, -2.321657462288107e-01, 1.691609395066143e-01, -1.540783132304698e-01, -1.198351351872115e-01, 2.363082746538362e-03, 2.178874187407493e-02, 1.593380224599080e-01, 3.729624709461344e-01, 5.213871395359760e-02, -6.623721560459435e-02, 7.167050129196999e-02, -6.394372019553505e-03, -2.887041365879966e-02, -1.487847870619165e-02, 1.850841896247940e-01, 5.103594249457625e-03, -1.437376021611243e-02, -2.438237162402508e-02, 5.580239469637025e-03, 8.208249464616195e-03, -7.406701776288771e-02, -7.346253063239198e-02, -1.231764888541481e-01, 5.648927350558376e-02, -2.622697676199833e-02, -2.873971311028230e-04, 2.939704585004079e-02, -5.000010619256283e-03, -5.780890152215578e-02, 7.005628528425356e-03, 5.755605186425837e-03, 7.473689513030396e-04, -4.329058920687886e-03, -2.420317897979352e-03, -3.415986100216838e-02, 1.796216002116354e-01, 2.639153773442310e-02, 9.391372769549343e-02, 4.684358209797587e-02, -2.598730817430333e-02, -6.183024076256990e-02, 5.962195783096922e-03, 5.998595485218275e-02, -5.413194856127801e-02, 4.905213148330384e-02, 1.463691602426399e-02, -9.612936640844345e-03, 2.648350358994865e-03, 3.929820759577561e-02, -1.760601008680728e-01, 4.279369514140537e-02, -2.447694189139497e-02, -2.657275057702962e-03, 2.648056762793738e-02, 8.491370547846641e-03, -1.265766232654070e-02, -3.561239441328662e-02, -2.156952330398603e-03, -8.901430913066988e-03, 3.613501695125864e-03]
