elements:      [Bi]
cutoff:        8.0
pair_type:     gaussian
feature_type:  gtinv
model_type:    4
max_p:         2
max_l:         12

gtinv_order:   4
gtinv_maxl:    [12, 6, 2]
gtinv_sym:     [0, 0, 0]
gtinv_version: 1

electrostatic: 0
mass:          [209.0]

n_pair_params: 6
pair_params:
- [0.5, 0.0]
- [0.5, 1.5]
- [0.5, 3.0]
- [0.5, 4.5]
- [0.5, 6.0]
- [0.0, 0.0]

n_type_pairs: 1
type_pairs:
- atom_type_pair:      [0, 0]
  pair_params_indices: [0, 1, 2, 3, 4, 5]

type_full:    1
type_indices: [0]

n_coeffs: 3912
coeffs: [4.029162304845961e+00, 2.770182440208032e+01, 1.122272917924358e+02, 5.424857568065553e+01, 2.451766487745905e+01, -3.210549939208345e+01, -4.002550941985811e+01, -7.372959731885262e+00, -6.349646625853358e+01, -3.591253102237941e+01, 2.854260879852211e+00, -1.222249220589370e+01, 4.000349542516612e+01, -1.721698194965273e+01, -7.295780664421237e+01, 1.970098437595779e+01, 1.295554786213167e+02, 4.500261672184092e+01, -4.030698235368803e+01, -2.800353810682639e+01, -4.137968039402717e+01, -2.408106489249724e+02, 3.371814072634889e+02, 4.319422447742496e+00, -9.165683400973542e+00, 2.303124656081665e+02, -3.761199264880453e+02, 6.372538511056795e+01, -1.963725988990571e+02, 5.376696969147331e+01, 2.520902747675740e+01, -6.506899091140363e+01, -1.250567184788977e+02, -6.764560006981023e+01, -1.568370809728644e+02, -1.627515089791996e+02, -4.360105093539056e+02, -5.928568002237272e+01, -2.713968766508265e+01, 4.434007149336956e+02, 2.366693279261900e+01, 1.349572642068290e+02, 1.332167937434494e+02, -2.996712969531890e+01, -7.084649321569286e-01, 5.039352394319511e+01, 6.924960450501477e+01, -1.284853642171465e+02, 3.980658473667228e+02, -7.349229935398311e+01, -5.980572184896459e+03, 2.422745574670769e+02, 7.552599015796166e+01, -1.420681818425505e+01, -1.572906125542094e+01, 3.016487075566807e+01, -1.076577742765599e+01, -1.473440760070256e-01, 4.426826290241847e+00, -2.970371118806190e+01, 1.198036569898502e+01, -3.581903991578767e+00, 5.902364796514681e-01, -3.967317225363091e+00, 3.660194779955134e-02, -5.122477873797933e-01, 3.538345047160150e-01, -8.452440366812386e-01, -1.368437542241335e+00, 2.847139247625392e-01, 1.116336777697411e-01, 1.896143377047534e+00, 2.379453818110181e+01, 2.110927951367311e+01, 5.611966339012922e+00, -1.317707643219872e+01, -1.860128437894972e-01, 6.430158830229082e+00, 2.574959561294548e+01, -4.788856311859229e+01, 6.498625400080091e+00, -1.153353297535092e+01, -5.789020243021755e+00, 4.050008913134909e+01, 2.835947723190700e-01, 2.081125839366421e+01, -3.003811458626036e-01, 8.190786374285445e+00, 3.598156075803850e+00, -3.448153030338888e+00, 1.610311864862124e-02, 1.654757955386867e+01, 1.252919357309113e+00, 1.008061938134628e+01, 3.182625100396212e+00, -5.002257294178677e-01, -2.031684398064758e+00, -3.555282924075859e+00, 4.923802244222312e-01, 8.482889839578860e-01, -8.977507437194271e-02, 3.401081423658380e-01, -6.309620572850597e+01, -3.572477889187489e+01, -7.204825309432400e+01, -1.495631090792819e+02, 6.066335795148452e+00, 4.936595693690014e+02, -1.465908343481313e+02, 1.898186328297075e+01, 7.065100695341529e+00, 7.822115363622570e+00, -1.500109358732589e+01, 5.353857422449084e+00, -2.038775967742244e-01, 7.595817270155662e-02, -4.754960216740192e+00, -2.395158305837775e+00, -8.561059797357078e-01, 6.051415862451244e-01, 3.107130970067516e-01, 3.596283920954473e-02, -1.556142714418180e-01, -1.695290349424479e-02, 2.067540986240503e-01, 1.880398768092723e-01, -9.499510593849818e-02, -2.704894719050914e-03, -1.854193260619299e-02, 2.354533288278077e+00, -5.543218519072070e-01, 9.173763739704071e-01, -3.329944774871729e-01, -3.075029035763534e-01, 5.235998998419965e-02, 4.283671743297238e-01, -9.454478909683401e-01, -8.939557296179235e-01, 8.944337339993388e-02, -4.657867010795929e-02, -1.152861210218577e+00, -4.012090240385205e-01, 3.161822970701705e-01, -1.741247487744627e-03, 3.356666036177992e-01, 3.499651909167067e-02, -4.553713260696408e-03, -1.139399986905546e-02, 4.541453267108822e-01, 3.857849970609142e-02, -5.866208008329948e-02, 2.931315865533792e-02, 9.183846680641447e-02, 1.465825029514384e-02, 9.157960008947287e-03, -5.058740914142315e-03, 1.437747899037385e-02, 3.207119727863573e-03, 2.118835565199270e-04, -8.231463150109012e-01, 1.308669206653566e-01, -1.107339834199145e+00, 4.073351517028901e-01, 2.014325502645834e-01, 1.639195460413283e+01, -9.362814444918613e-01, -2.536373120417777e-01, -5.639271348602572e-03, -6.241518380515837e-03, 1.197331530336742e-02, -4.273046303487814e-03, -1.025823328163624e-01, -4.294131358758968e-02, -4.875889537280161e-01, -1.312312896864919e-01, 7.871771303905077e-01, -1.185084675951469e-01, -1.800304128088480e-02, 2.508277796607317e-01, -3.790285214078224e-02, -1.357455331847618e-02, -3.425468263030014e-02, -4.190168509600864e-02, 2.346097141769905e-02, 1.355401696181626e-02, -1.324404956030872e-02, -5.448229099740783e-01, 3.164003722961381e-01, 6.407162175639337e-02, -4.019587940754370e-02, 1.595069297222141e-01, -9.802021634988826e-02, -6.239956743287752e-01, -1.467749513358619e-01, 1.801309192233867e-02, 1.159592915206174e-01, -1.997676582397937e-02, -8.174766022189266e-02, -2.037062947145424e-01, 1.918429409871275e-02, 1.332362386628195e-01, 1.475610137372984e-01, 5.734624152011803e-02, 3.099239568132992e-02, 1.111244098202797e-02, -1.327396841602938e-01, 1.231772404380294e-02, -1.804893840940866e-01, -5.296847812048275e-02, 3.994866909639166e-02, 1.758829242591816e-02, 4.143415681524904e-02, -2.070341642971519e-02, -2.143560584184064e-03, 1.686104255842638e-03, -2.787589782433082e-03, 1.134830167786595e-01, -1.121320046987161e-01, 3.347612224248013e-01, 7.462907235834780e-02, 2.528017468635487e-02, 2.057186518276774e+00, 3.216521830169274e-01, -4.115364079978440e-02, -3.765521076565020e-02, -4.169034436767706e-02, 7.995827944507046e-02, -2.853636578378284e-02, 9.969560433440754e-02, -5.733378273131254e-02, -4.410674379886075e-01, -3.391964886087294e-01, 6.917260883569010e-01, -8.981346741781188e-01, -4.591819161052691e-01, -1.789461605186415e-01, -3.125956237849836e-01, -3.949245260174516e-01, -2.170097364571732e-01, -7.050830758215421e-02, -4.052637553117301e-02, -2.035216852960032e-02, -2.082570089138101e-03, -5.891238198253526e-02, -7.686537661374725e-01, -5.135549821166334e-01, 6.728850283068037e-01, 6.793942827689088e-01, -4.832056136126244e-01, -2.092098077051990e-01, 1.811561179815095e+00, 8.969590769871082e-01, 2.991569095237308e-01, 1.259590801465071e-01, -5.753525295617170e-01, -1.115947163992172e+00, -8.857008100259379e-01, -7.269429249850015e-01, 2.108554544447019e-01, 7.689639199495504e-02, 1.160141773793192e-01, 1.948484940817315e-02, -1.088809009646214e+00, -2.500121872635518e-01, -5.776882203444533e-01, -2.683540915727011e-01, 1.713486243585031e-01, 1.285423705652850e-01, 1.895061783438888e-01, -8.235732014833344e-03, -1.179918432222053e-01, -8.058264647057320e-03, -2.744843025130195e-03, 2.356695069660715e-01, -2.906349100309623e-01, 6.265626360635695e-02, 1.246317454960563e-01, -6.046189108382237e-02, -4.919257013817046e+00, 3.131610256386239e+00, 1.175887334691722e+00, -6.347058532924496e-01, -7.027427351527661e-01, 1.347752649111139e+00, -4.809943544409877e-01, -2.146346367412287e-02, -2.150010712585720e-03, 3.546750688428898e-01, 7.250754275837562e-01, -4.749985635760392e-01, 2.010934581215569e-01, 3.871584501422202e-02, -7.152344649560796e-02, -6.811911686930587e-02, -3.645658601675872e-03, 1.056958665333686e-02, 4.312624710643172e-02, -3.158170213844876e-02, -2.556248637153845e-02, -1.660138744955095e-04, -4.183695870097004e-01, 2.368471768757046e-01, 1.686249133857948e-02, 7.185816400658393e-02, 2.003894495085157e-02, 1.245044734983375e-02, 7.682547257151028e-01, -2.066984097419371e-01, -9.360028962424481e-02, -1.506088031051826e-01, 6.207295390724971e-03, -1.099418758037059e-01, 4.208126376117037e-01, 1.985893673704373e-01, 2.835909612962753e-01, -1.996268458681522e-01, -1.126672347522956e-01, -1.980206680838550e-02, 9.092368647887816e-03, 1.279673880095386e-01, 5.627683310724625e-02, 1.766777892286931e-01, 5.366197484072659e-02, -2.549724991298175e-02, -7.330885575031002e-03, -1.369631891155122e-02, 9.986198601325524e-03, 4.534410066756120e-03, -2.452238840876949e-04, -1.143680829683501e-04, 9.141246111864142e-02, -1.831889337356004e-01, -2.626632177883950e-01, 1.058014306387573e-01, -1.027118501045689e-01, -8.358367030513032e+00, -3.413269383607556e-01, 1.313767801506788e-01, -6.926251326102803e-04, -7.664083372731543e-04, 1.470182918241900e-03, -5.245331356219954e-04, 2.770182449666727e+01, -7.295782223557869e+01, -7.084541576321924e-01, 1.970098569514754e+01, 5.039351556029553e+01, 9.767678017016331e+01, -1.295554726046447e+02, -6.924960489419283e+01, -9.202920980496361e+01, -9.158325965191844e+00, 4.500261789898248e+01, -7.483314554162781e+01, -7.806481118195524e+01, -2.932942057474735e+01, -2.958463818657791e+01, -4.030698418107799e+01, 1.114269824131854e+02, 3.318875683544636e+01, 3.462815279722330e+01, 7.997527617260653e+01, -5.283707807357324e+01, -2.800353636554418e+01, -2.058671599212398e+02, -1.630744658441215e+01, 1.210082204544153e+02, 4.663670485008301e+01, -4.457250452891839e-01, -1.025005615617276e+01, 4.137968033828985e+01, -8.400416658465600e+00, -4.180960762925036e+01, -6.741200469866955e+01, -5.064899117647332e+01, 1.578060448357500e+01, 2.070160547573874e+01, 6.963695362585473e+01, -5.535480813485479e+00, 2.217986020395939e+02, 1.378574851105818e+02, 5.562020192060339e+01, 7.145231860373718e+01, -9.747114897795727e+01, -7.950281103292082e+01, -2.814728752079165e+00, -1.031383088046374e+02, 4.821943815522983e+01, 2.902836603927346e+02, 1.351399896499041e+02, 1.156941764948798e+02, 1.271178470892816e+02, -1.076388059316355e+02, -8.616745903084323e+01, -5.041725205726781e+01, -1.037672753909604e+02, -1.289515654666043e+02, 1.584410409477600e+01, -3.771020180933768e+02, -2.131650441685436e+02, -3.487993467904764e+01, -4.048991405588345e+01, 8.451223497886265e+01, 7.882195848738444e+01, 7.879284314399837e+01, 2.026076618333531e+00, 6.473707823219107e+00, 1.296986288463253e+02, -2.713107400563249e+01, -1.386446699596591e+02, -8.859029233969191e+01, -5.814037572791698e+01, -8.811257918348764e+01, 2.166218525765073e+01, 4.227462181159338e+01, 8.303927805172222e+01, -1.138983631470668e+00, -9.788190421539658e+00, 9.046992247018329e+01, 7.457257591353857e+01, 8.453621483034192e+01, -1.871531734261772e+01, -1.453534962388828e+01, 6.749285222203081e+01, -2.943996766709947e+01, -2.519234949081931e+01, 1.455256317093597e+01, -4.933191628453812e+01, -8.458373997628584e+00, 5.468314802544801e+01, -3.311247683091437e+01, -5.146890311413049e+01, 3.852907692036947e+01, -2.433360570505794e+01, -2.905358501061507e+02, -2.042500758815023e+02, -1.930404754823529e+02, -1.315663850543739e+02, 1.537683226919403e+02, 1.126178470717196e+02, 6.049269431498838e+01, 1.403568315526105e+02, 1.413184499532581e+02, 3.526788497980316e+01, 5.220157578232936e+01, -5.610859568501098e+01, -1.445845832016625e+02, 2.147601782199322e+01, -3.661960306298017e+01, 2.858069624434897e+01, -7.655734503773104e+01, 2.031609630378573e+01, -4.336368455676143e+01, -2.379227786229249e+01, 4.136882984708515e+01, -4.197197735665979e+01, 1.151934103066977e+01, 3.838062454365500e+01, 2.690832528568560e+00, 6.259254738972048e+01, 3.231874168041541e+00, 4.426826292487390e+00, -5.130727253626533e+00, -4.181600971322565e+01, -1.631715758170257e+01, -1.360102846588128e+02, 1.187334681565662e+01, -4.158969357125753e+01, -8.074889333495955e+01, 5.612916506387421e+01, 1.557879993960796e+01, 6.371038533269751e+01, 1.107761736258262e+01, -1.489672512380158e+01, 7.477273798427677e+01, 5.638003197140471e+01, 1.896143678957034e+00, 3.401096394953120e-01, 3.872284563057511e+01, -6.997040328813121e+02, 3.950793044920999e+02, -3.234116885715416e+02, 3.949725892794423e+02, 4.153816378385805e+01, -8.626519452559596e+01, 7.097511123883680e+01, -6.942276479936854e+01, 1.139402297976820e+02, -1.298908025956285e+02, -5.830630519413110e+01, 1.778085726709393e+02, 1.105948780715283e+01, 2.379453758296593e+01, -6.309620487198477e+01, -8.062612623419231e+00, -4.094948542342661e+01, 5.486745847400573e+02, -6.788682442519031e+02, -2.780521411437018e+02, -7.521489737831683e+01, -1.890418109852418e+02, 2.277773533695118e+02, 2.012208979605457e+02, -1.002857050601392e+02, 4.108445681960074e+01, 2.104571606285351e+02, 6.956151769106198e+01, 1.005333617815036e+02, -9.188777110030624e+01, -2.110928083834221e+01, 3.572477729407447e+01, 4.845389630634008e+01, 4.554466488401975e+00, 2.639240701116896e+01, -1.019752392706011e+02, 3.060489309837528e+02, 1.716717409885404e+02, 2.457709231630375e+02, -1.085730479601524e+02, -1.918952194206774e+02, -7.953945018714495e+01, -1.044721492199406e+02, -1.018488442461221e+02, -6.119547366092316e+01, -1.218688445669529e+02, 7.347699257081716e+01, 9.509095318577080e+01, 5.611965432653440e+00, -8.512886794072484e+00, -8.142232648952067e+00, -4.634725106670529e+01, -1.827643653875682e+00, -6.224284119582990e+00, 6.033254600741558e+02, 1.410383517500108e+02, 3.447500516880211e+02, 4.080705192825330e+01, -1.164325840601205e+02, -6.961732937848691e+01, -1.706721514521903e+02, -1.153563631872167e+02, -8.870903534621785e+01, -1.229737822425233e+02, -1.820856936582846e+02, -1.919630378657191e+02, 1.219930006650456e+02, -1.317707584764464e+01, 1.545806470946056e+01, -5.593144201166395e+01, 4.482427709253214e+01, -2.804505895878896e+01, 1.214571279657727e+00, -6.075714445644188e+00, -3.088810959132208e+02, -2.083377313296359e+02, 1.261568193911561e+02, -3.335496240081265e+00, 1.841551366823603e+02, 8.827756297697803e+01, 3.792098344635779e+01, 1.854053332835039e+01, -4.476617453383818e+01, 3.992477542206244e+01, 1.516510846601127e+02, -4.150415809282621e+01, -2.921999907571295e+01, -1.860135092017935e-01, 5.259328288300978e+00, -2.015993424069272e+01, 2.454273308003878e+01, -8.805609313073756e+00, 1.828129163861584e+00, -4.396666206700842e+00, -7.558510157797618e+00, 1.703397354259337e+01, 2.394466576522616e+02, 1.380616294638956e+02, -5.298590193697316e+01, 3.012722047049067e+01, -6.207679948904438e+01, -8.285532115853046e+01, 7.287523291064642e+01, -5.523273508259823e+01, -1.347711350741446e+02, 9.600787352659784e+00, -5.742982864977584e+01, -4.945836190296954e+01, -6.430158210551827e+00, 4.497619406436044e+00, -7.273143651571786e+00, -8.532172236459715e+00, -4.701314496904415e+00, 7.580649660115192e-01, -4.659950131247933e+00, -2.700285669036963e-01, -1.703580695543174e+01, 1.388082050054766e+02, -5.602079509878146e+01, 5.750729484222842e+01, -1.151493990784974e+02, -2.775371008721077e+01, 8.293782514089412e+01, -5.103198262536959e+01, 1.770341993436562e+01, 3.471696552967808e+01, -3.654577220737458e+01, -4.802350691248274e+01, -1.182486675515459e+02, -2.011238387349275e+01, -6.380652995474185e+00, 1.359050219755708e+01, -3.049099643640132e+00, -4.975646833604584e+00, -2.803159581200488e+00, 1.543272685379666e+01, 8.778463581468053e+00, -1.496759909655848e+00, 2.193706807044445e+00, -5.144828778838827e+00, 2.094403977220681e+02, 2.963655944434212e+01, 5.292198092158575e+01, -6.108807436578164e+00, 1.710109522923971e+01, 7.117719755695215e-01, -2.982147516309921e+01, -3.053440645525612e+01, -4.615523233581541e+01, 3.390370661493058e+01, -1.149669381032614e+01, -4.024247684607955e+01, 2.747027457621344e+01, -2.522100409603777e+00, -1.581888449245396e+00, 5.327015180553472e+00, 4.796926398042660e+00, 3.697405890606261e+00, 5.510750253139731e+00, 2.938898665045787e+00, 5.367916468856617e+00, -1.949853358702464e+00, 2.491456806167679e+00, -8.479817648297168e+00, -7.551637263387533e+01, -2.203000297508414e+02, 7.443433264942308e+01, -6.449257012330732e+01, 1.154602344610141e+02, 9.195300835333151e+01, 1.197377845847391e+00, 2.455728768977207e+00, 4.010931644870777e+01, 3.473438394457223e+01, 8.243314668885124e+01, -4.748141930609326e+01, -1.461319866560795e+01, -3.745720980513350e+00, -1.795484335228613e+00, 3.690605198237879e+00, 7.771300378456267e+00, 3.348987542881408e+00, -4.029916545757777e-01, -1.041401763440130e+00, 4.727058527566185e+00, -1.078805764181964e+00, 1.511241996942024e+00, -1.837222679360371e+00, -3.426393310672831e+00, -5.435987901726609e+01, -7.041546558790232e+01, 9.246779048331904e+01, -1.541791517926839e+02, 5.198833445475076e+01, 1.701867215322565e+01, -1.946242715969605e+01, 8.725320422333127e+01, -8.611563218646005e+00, 1.502670273384892e+01, 3.079091083856060e+00, -9.726161035496918e+01, 6.863709650238646e+00, -3.481063482845851e+00, -1.953961998708468e+00, 5.436188717073845e+00, 9.516351952612375e+00, 7.119395073784914e+00, -6.842407679211541e+00, -3.897466082952442e+00, 1.444905571683283e+00, 8.942010745271912e-01, 2.518210652056672e+00, -6.034899740069891e-01, 1.113408873519438e+00, -1.315831584570543e+00, -1.634207698490097e+01, -1.084000367015692e+02, -1.290870620395888e+01, -4.346273567295072e+01, -8.917734927245770e+01, 6.134465038161530e+01, -8.503433329780677e+00, -3.649627308434108e+01, 3.308017740188771e+01, 1.107410812051602e+02, -4.338805082172515e+01, 5.355205019991535e+01, 5.302332666925903e+01, 6.194190510913015e-01, 3.077928636631417e+00, -2.929378812540774e-01, -1.036699601136549e+00, 2.669331604634876e-01, 2.556274579304841e+00, -4.823148151387700e-02, -1.343234855611976e+00, 1.586866350780067e-01, -4.138881055101227e-01, 1.905631344009499e+00, 5.239708238708568e-01, -8.442915394166914e-01, 4.794987098937993e+00, 1.277523930636619e+01, -4.047534331408004e+01, -1.305049470368417e+02, 7.941947547710255e+01, 7.419147703719858e+01, -6.239925592452921e+01, 2.749440252972580e+01, 2.955708426453001e+01, 1.785464033580284e+01, 9.322137311134789e+00, 4.903607130318883e+01, 9.610452865164012e+01, 8.131897087393267e-01, 2.464553629532150e+00, -1.076951960415541e+00, -3.674599872859021e+00, -2.528480394763879e+00, -2.173640414630567e+00, 1.550139208733630e+00, 3.966606673571456e-01, -1.640085817421433e+00, -1.118058686388354e+00, -9.416437949354087e-01, 7.796983830149189e-01, -3.136393041773223e-01, -8.799711697019261e-01, -2.807413909237183e-01, 4.823880505904000e+00, -4.079073666254231e+01, 3.394641076887203e+01, -8.253348128716796e+00, -5.273675190396821e+01, 1.280049989804016e+01, -1.506307841952351e+00, 1.235655562885286e+01, -1.757695966676850e+01, 1.313439252997768e+01, 2.140589165857022e+01, 1.429886549354624e+01, -2.162445429393829e+01, -1.794476797133629e+01, 6.489267606016101e-01, -6.484674085853535e-02, -6.595278217204918e+00, 8.125192360851864e+00, -2.692286183571403e+00, -3.601387401562074e+00, -1.236838446119106e+00, -1.381470818135605e+00, 2.726320764795573e-01, -7.884389647204650e-01, -5.781568155841389e-01, -1.164660129830270e-01, 5.589628542718679e-01, 9.913298557220387e-01, 7.595817290435845e-02, 3.677661408160237e-01, 7.541963774818338e+01, 4.835215918208117e+01, 9.265690342195803e+01, -4.738033511479940e+00, -1.069502449640019e+01, -5.486708182881797e+01, -1.567703567773850e+01, -4.564222283840967e+01, -1.977235023011076e+01, -2.457426707976288e+01, -5.337308250507998e-01, 5.128823770115066e-01, 1.881289423429749e+01, -9.744968769916693e-02, 1.193514382406043e+00, 2.465564049218572e+00, -6.293136106190238e+00, -1.397803242900754e-01, 2.344392058356753e+00, 5.188556853010520e-01, 1.131550612149155e-01, -8.957454595484708e-01, -1.824238775795047e-02, 4.627137473366369e-01, 1.265819479150937e-01, -1.031472910773681e-01, -9.822868064150328e-02, -1.854192211199545e-02, 2.118737863632286e-04, -4.637989530072972e+01, 4.690043104289789e+00, 1.590743071951552e+03, -5.969973143408859e+02, 2.713271696327342e+02, 9.375111632174952e+02, -2.953718236748955e+02, 6.933478538133214e+02, -4.705348634222469e+02, -2.081987401185204e+02, 1.558510743373897e+02, 3.402419052975358e+02, 3.528728557337653e+02, -1.207227004143374e+02, -1.613254134757602e+00, 9.639264284843973e+00, -1.302691318660785e+00, 1.749666936954618e+01, 2.432873576641210e+00, 1.006057462130152e+01, 1.436585846840329e+00, -3.054759166269845e+00, -2.099262487992996e+00, -2.112443711684383e+00, -2.128247470260456e+00, -4.221637219826885e-01, -1.671059858072557e+00, -1.335557326265358e-01, 2.354532599652873e+00, -8.231472719250813e-01, -2.677213649283847e-01, 4.050740522901945e+01, -4.020212399458754e+02, -1.312476686026559e+03, 5.942948725561909e+02, 1.952232612804094e+02, 8.914105646475979e+01, -3.179248135963737e+02, -5.576129896399731e+01, -1.271292928870508e+02, 1.370779854906271e+02, 6.686866781906231e+01, -6.284184569474593e+00, -6.947348452341183e+01, -9.839975158723736e+01, -1.713282735646857e+00, -4.718068107130831e+00, 4.235957393740539e+00, 1.507147041702671e+01, 6.617861716526612e+00, -4.834727354690844e+00, -5.893763685767079e+00, -1.032580903266055e+00, 8.357166877410225e-01, 2.133878466038366e+00, 4.620065557978823e+00, 3.284870101623856e+00, -1.961543258831011e+00, -6.214567430955934e-01, 5.543219278786797e-01, -1.308666867665530e-01, 9.216073429675017e-02, -3.635621638949248e-03, -1.118000506984514e+00, 5.859965236107936e+02, 4.229823798217518e+01, -4.328478138889257e+02, 1.648814174657805e+02, 3.602059847853367e+02, -5.632458304953320e+01, 1.924359515552001e+02, -5.927660430212286e+01, 1.684232645220781e+01, 1.250517336924873e+02, 6.089216757957380e+01, -1.681185104084613e+02, -4.162959136054538e+01, -4.963958027113943e-01, -1.409342542230355e+01, 1.055015366180113e+01, 1.528602627208918e+01, 6.346789090955742e+00, -3.271563343186080e+00, -3.428200970372213e+00, -4.241717066895951e-01, -2.349976053820963e-02, 2.345105278208613e+00, 1.070797000309876e+00, 7.409042713988353e-01, -4.223271136988650e-01, -2.507067444988849e-01, 9.173761455946166e-01, -9.150910125380516e-01, -6.418656929704764e-01, 3.002824636079623e-01, 3.756581701880646e-01, 3.921532040143345e+00, 1.998008312433395e+02, 2.416672397807691e+02, -1.056892359037390e+01, 4.610767500241953e+02, 2.571548833004434e+02, -1.260626607050098e+02, -1.639705214464408e+01, -9.749325676908767e+01, 4.765938560679155e-01, -1.200478302114535e+02, 3.460568239666097e+01, 2.147151194392525e+01, 5.373974592603760e+00, -8.082566392441511e-01, 1.226258044345498e+01, -8.950739464961575e+00, -2.597090494530508e+00, -7.352171576246896e+00, -5.177969291002728e-01, 1.425062435226436e+00, 2.004212260829948e+00, 4.346208653529213e-01, 2.492627492124852e-01, -9.871830266785677e-01, -9.334404222591585e-01, 4.308464576996760e-01, 3.210023233889340e-01, -3.329945657319796e-01, 1.981293502609168e-01, -1.247203089759336e-01, -5.963570610338198e-01, -7.163398220772717e-02, 2.538729142414705e-01, 1.669173686326652e+00, 3.827894480857169e+02, -9.898682935384076e+01, 1.554541499884943e+02, 2.645550731208727e+02, 1.957659119951755e+02, 5.248764185623062e+01, -1.706360707112443e+02, -8.401923405496031e+01, -1.551207864556203e+01, -1.300515554146321e+02, -1.132332969999137e+00, -6.288182127163297e+01, -4.409893561385314e+01, -1.551855749476408e+00, 6.733968168926732e+00, -5.304709114169354e+00, 3.569257184034093e+00, -2.408772674241985e+00, -2.113358582635875e+00, 1.642470492621638e+00, 4.085718111768346e-01, 1.431826519737991e+00, 1.589641779717163e-02, -2.773155938358500e-01, -9.481771948045415e-01, 8.004916785314418e-01, 6.704505442375102e-01, -3.075032631244378e-01, 2.580810700676801e-01, 4.105078355592660e-01, 3.817026071309739e-02, -6.883697443600748e-02, -4.336443123440595e-02, -1.636933526978529e-01, -2.603862322038895e+00, 4.632629400105383e+02, -2.334193002806721e+01, -5.604322445791776e+01, -7.725128137868356e+01, -3.203933100595213e+02, 1.229471355317556e+02, -2.254693860321155e+00, 7.051095676826517e+01, -5.642045584743366e+01, -1.271974642894570e+02, -8.583226991116453e+00, 1.408231877393521e+01, 1.508892659730502e+01, -5.321579618318549e-01, 4.619341772906570e+00, -8.483567124392124e+00, 1.946055942009213e+00, -3.863603098723442e+00, 9.640436805496402e-02, -3.105584323470572e-01, -3.610877297809606e-01, -4.392106821545517e-01, -2.541240108982346e-01, -7.691533752010368e-01, -1.067933398463546e+00, 6.073596907554476e-01, 3.741205937398269e-01, -5.236000725827340e-02, 3.019987925568037e-02, 1.814075239308370e-01, -3.590561527490485e-01, -5.457095862801791e-01, 2.551324489643099e-01, -1.161990237264183e-01, -2.715107480789191e-03, -7.243731658662020e+00, 1.873111681056680e+01, -3.549150248765423e+02, 1.393547521318722e+02, 1.144377547531138e+02, -4.238288181709891e+01, 2.096955727638412e+01, -4.293082731730811e+01, 1.432884804977323e+02, -1.394415465801447e+02, -7.566519566925820e+01, -2.680115667383891e+01, 5.707055003267973e+00, 4.707714477994391e+01, -6.199797062208094e-01, 2.108626477627727e+00, -4.941541339435268e+00, 2.074361205760783e+00, -3.733739691667736e+00, -4.009478454313070e-01, -3.832571879006104e-01, -1.048770723387374e+00, -1.030486860655792e+00, -6.844722264343138e-01, -6.983837038477866e-01, -8.159794650693337e-01, 3.747771947290779e-01, 1.288741292569854e-01, 2.332589905550523e-02, 7.123437116961022e-02, 2.047472322140067e-01, -2.318472369433078e-01, -4.254148204259796e-01, 2.523398053316923e-01, 2.524923084618638e-04, 6.993824717834092e-02, 5.971022591295241e-02, 2.541540598718039e-01, 3.248388595934994e+02, -2.165862625519162e+02, -1.430348839367304e+02, 1.979274046355640e+02, -2.393379623729300e+01, 1.872754946111436e+01, -6.328043525660784e+01, 1.084587046982491e+02, 4.438947595228279e+01, -6.851012520677199e+01, -7.015576385881777e+00, 4.930942041345668e+01, 1.890447174721197e+01, -8.510636757035546e-02, 1.267659759679744e+00, -1.607513460426176e+00, 1.581896773127297e+00, -1.803624160328273e+00, 1.284729546135739e+00, 4.834304262457139e-01, -1.445067073653237e-01, 3.565254220749559e-02, -1.551214710491673e-01, -4.733186825612062e-02, -3.592153002330040e-01, 1.589910021135581e-01, 1.630469278231043e-01, -3.268780386693897e-02, 1.736290679521596e-02, 1.092319944053062e-01, -3.053860116090017e-01, -3.762325746366067e-01, 1.673054684160615e-01, 4.767884235046368e-02, 5.882003599634920e-02, 3.472012888559978e-02, -1.025356391305702e-03, 1.133870487746798e+00, 6.904193246954365e+01, 5.135058418862906e+01, -6.587996009953469e+01, 9.981427441397548e+01, 1.811292374315843e+01, -7.061856344262567e+00, 8.472947989201170e+00, 8.575128296250664e+00, -4.163727217419900e+01, -2.466770225931455e+01, 4.829790306513494e+00, 6.885692440640501e+00, 1.652243239581964e+00, -1.171442625190398e+00, 2.478145449510064e+00, -1.181716838531688e+00, 1.742351349518315e-01, -8.253363511910237e-01, 5.448498265373487e-01, 2.035078443925769e-01, -7.291958470039004e-01, 1.031573368205303e-01, 1.267201019612075e-01, 6.224095277965997e-01, 2.275692771785973e-01, -1.140739071262126e-01, -1.265984242463665e-02, -2.843957267871638e-01, 3.913462146543642e-02, 2.043159413933906e-01, -3.005988321584909e-01, -1.876506016282594e-01, 1.871842932700221e-01, 1.158490205120094e-01, 8.373977280968552e-02, 3.274803975319712e-02, -1.707946226107306e-02, -3.505079617688341e-02, -4.225037976447811e-02, 7.078519924550359e+01, 1.040759186696165e+02, -4.845775469371427e+01, 2.738957754469237e+01, 2.779826497076730e+01, 2.149486498148486e+01, -2.763680353161937e+01, 2.406946075640132e+01, -2.652799348914138e+01, -2.318394015901104e+01, -1.924713615193547e+01, -3.266271134971369e+01, 2.306628396413607e+01, -7.653602251377993e-01, 1.477916064784980e+00, -7.503577927949686e-01, 5.663918279108637e-01, -2.466969939252051e-01, 5.096692430642158e-01, 1.687444759267957e-01, 2.114931978428602e-02, 7.723211796143897e-02, 2.870867628001349e-01, 4.144989777890614e-01, 1.743290616283397e-02, 2.423075572174655e-02, 9.601448547245321e-02, -2.495832764108458e-01, 3.070557435849774e-02, 1.442349347076908e-01, -1.301134032786372e-01, -4.169245809963350e-02, 6.445206327617933e-02, 5.883874133119547e-02, 1.807328338940628e-02, 4.696184607788987e-03, -1.208993848052185e-02, -3.005255566006887e-02, -1.566609275519434e-03, 2.821961217993557e+00, 7.500367901559917e+00, -9.534509738680980e+01, 1.551068402775588e+01, 6.156468255725911e+01, -7.331904747541692e-01, 4.240100038993983e+01, 1.163331155785253e+01, -2.873428694227374e+01, -4.212212075709397e+01, 2.078606620139366e+01, 7.869406072992012e+00, -3.743286645005588e+01, 6.076827717317756e+00, 5.699542067223955e-01, -1.101506831990932e+00, 5.132656113502334e-01, -8.571213378926358e-01, -3.583513236212387e-01, -8.699299586416442e-02, 7.016653169722113e-02, 1.348802515111729e-01, 1.452392029872072e-02, -6.517135697042560e-02, -3.837138756460638e-01, -1.897746824531852e-01, 1.558451716018181e-01, -4.569721391541038e-03, 8.895233771844563e-02, -1.490244374585462e-02, -6.271307729140692e-03, 1.004171077607410e-01, 2.685886572667656e-02, -1.731295389771522e-02, -3.568841473429684e-02, -5.661391756174741e-03, 4.416427298275788e-03, 3.406199919698305e-03, 1.060527575718129e-02, -2.531081104328470e-04, 2.207041154642930e-03, 1.636893973936116e+00, -8.017584942196702e+00, -7.076152270141031e+00, -7.252764160131656e+00, 3.285585452169867e+01, -5.867994639009649e+00, 2.551223894750436e+01, -1.084214715580462e+01, -6.044513649568893e+00, -5.651067941587961e+01, 2.945062103836835e+01, 1.424488210999059e+01, -2.387933953791500e+01, 7.891671104169998e+00, 4.701357779516853e-01, -2.390256712794676e-01, 3.423209224713968e-01, -4.135050764873490e-01, -4.282769188276881e-01, 3.082239422720210e-01, 2.422842868999724e-01, 2.701845212194768e-01, 9.453467828650911e-02, -2.207763454247733e-02, -2.591479054851906e-01, -1.409283817953253e-01, 1.067533395704691e-01, -6.594438923919394e-03, 2.734326993432437e-02, -3.527401150755998e-02, -8.940416833767920e-02, 2.893776422941404e-03, -3.139386088176332e-02, 8.779042489947807e-03, 1.826649624023884e-05, 1.018540337799718e-02, 1.832670262146230e-02, 6.766724279392463e-03, 1.032320927959743e-02, -6.486320962077459e-03, 7.825016711949104e-03, 2.445486521829782e-03, 2.052860095922540e+00, 1.960245023478750e+01, 1.383817942321704e+01, -1.450148760269149e+01, -2.064383449138895e+01, 1.857176022548673e+01, 4.815757674759261e+00, -1.406112179081784e+00, -1.325987498057982e+01, 9.949194404578122e+00, 5.947182020058976e+00, 1.330978223579106e+01, -1.698766217569771e+01, -9.800239386572555e+00, 2.651972951148596e-01, 2.170021923403380e-01, -2.012719649672890e+00, 5.870872760698663e+00, -2.803616067159325e+00, -2.046986286503034e+00, -1.782917065016724e+00, -4.247807739896969e-01, 8.848414646529544e-01, -1.021414399098545e+00, -8.119591586817332e-01, -3.710700062474573e-01, 2.580322312897853e-01, 2.115567466500077e-01, 7.261747825499415e-03, -1.119812703402140e-02, 1.441492369485962e+00, 6.263094904679049e-02, -2.976659257633311e-01, -2.696621846917178e-01, -2.314589851179638e-01, -9.101017280428297e-02, 7.987885807309754e-02, -3.674592532679582e-02, 2.043869927655736e-02, -6.010492290446631e-02, -9.963875026661481e-03, -6.630867091991312e-03, -4.294131556333413e-02, -1.928122562781218e-01, 2.965141655454553e+01, 4.294297043551401e+01, 1.419783859618729e+01, 2.114734036562077e+01, 9.497825696655072e+00, -1.019293140953091e+01, -1.524299876776142e+01, -2.524413824201585e+01, -7.292273964703934e+00, -8.499028273490948e+00, -9.814445395649216e+00, -1.381872920094008e+01, -3.745755935843611e+00, -9.881936790734228e-02, 3.444699201397023e-01, 8.991178241756788e-01, -6.894795219667800e-01, -1.944285885506879e-01, 7.697419716428348e-01, -2.971111591643295e-01, -1.978017983380929e-01, 1.300225122412875e-01, -2.134776835424134e-01, -2.123233293506926e-01, 4.646569796036784e-03, -2.300146567010265e-02, 2.491469071365770e-02, -8.007072697251486e-03, -1.142321682066844e-02, -2.430460069612061e-01, 1.068500631283444e-01, 9.677271501888603e-02, 2.387269734085386e-03, 9.756111445555503e-02, -3.292709338705354e-02, -6.832102712724045e-02, 3.982401207673320e-03, 1.791588991505695e-02, 1.188112715648080e-02, 1.368735174601392e-02, -4.204465944615632e-04, -1.324404182095501e-02, -2.787591285150316e-03, 4.958805475417535e+00, 4.308987353648577e+02, 1.343795149846655e+03, -3.293953997127111e+02, -4.888559277300982e+01, 6.427523358367712e+02, -2.549009300519553e+02, 1.124496150471660e+02, -1.371992757319870e+03, 3.558884232086477e+02, 5.517350117480647e+02, 5.971775113991695e+02, 1.727783223166131e+02, -1.934452024144423e+02, -2.313109831534624e-01, -5.207062925951518e+00, -1.221300195673991e+00, 1.044027719237103e+01, 7.514823050868409e+00, 1.826034290221731e+00, -6.245705769777460e-01, 5.880687334161083e-01, 3.404291175087699e+00, -1.906243888617382e+00, -1.451018073177296e+00, -1.753710700130716e+00, -3.084800895945923e-01, 2.381984519637202e-01, 1.713590759982227e+00, 5.536950750381656e-02, 4.461735100337110e-01, -2.342833726886335e-01, 2.340619170321928e-01, -2.215233602908381e-01, 6.079090354776362e-02, 2.711008687591692e-01, 2.320479204634304e-01, 3.527784071925001e-01, 2.084783028908312e-01, 1.510390379542243e-01, 1.447051678604131e-02, -6.172776891645396e-02, -5.448234733535859e-01, 1.134826267663496e-01, -3.359897413076360e-02, 6.840418432737332e+00, 5.772294901475233e+02, 7.959736162112750e+01, -8.531846199031170e+02, -1.799869893872051e+02, -5.737578073851899e+02, -2.628199032213290e+02, 3.006621680166375e+02, 1.294019829500175e+02, 1.169303177197801e-01, 1.073920292801972e+02, 2.958773457541950e+01, -6.382731432666030e+01, -1.216182742660631e+01, 1.063644294715489e+00, 3.059634848234627e+00, 1.450659186221210e+01, 2.028830654563361e+01, 1.006548691318154e+01, -4.511103608272520e+00, 5.199434628012042e-01, 1.479607714694878e+00, 4.404250560114842e+00, 6.708556018762113e+00, 5.348172756767939e+00, 2.857576322917488e+00, -1.412440770650728e+00, -1.374480513160364e-02, 1.295518964085311e+00, -5.166809562534870e-01, 4.704886152751436e-01, -8.583052951429957e-01, 6.185198075712030e-02, 1.920834760737175e-01, 1.608574941657671e-02, 4.204198602829053e-02, -1.424471373289475e-01, -2.201802486254983e-01, -1.176780126868491e-01, 2.859358118357553e-02, -5.375938046978153e-03, -2.050183968938983e-02, -3.164001645121178e-01, 1.121321691143221e-01, -1.234779241781208e-01, -2.427295310831788e-02, 5.688648548966547e+00, 2.489974756024043e+02, -1.111692966689716e+03, 4.692542929871956e+02, 2.712734132475127e+02, 3.183506176483855e+01, 3.533227407915456e+01, 3.215708438759953e+02, -3.569805822095893e+02, -6.383954408022407e+01, 5.008461884225765e+01, 3.994197267886992e+01, -1.272295436809522e+02, -3.443396036813550e+01, -9.066256484801433e-01, -9.633487474279454e+00, 4.334615997248207e+00, -5.916403103299787e-01, 1.826384061489205e+00, -7.414581730903889e-01, -6.054853851588153e-02, -4.158944908182413e-01, 6.092634312988617e-01, -6.827558717119873e-01, -1.277457119009831e+00, -1.211315980364886e+00, 1.213600557721080e+00, 4.095243279595481e-01, -8.227883803025207e-01, 1.343286610760203e-01, -5.680764334186472e-02, -5.167426015886426e-01, 4.530680906232556e-01, 2.292171209814484e-01, 5.883907595298735e-02, -7.307908265113340e-02, -1.964578924124120e-01, -3.666621163561234e-02, -6.771912120878441e-02, -3.174919737671057e-03, 6.174735717288235e-03, 4.878664119662617e-03, 6.407141676691142e-02, -1.665355765891656e-01, -5.900136702863583e-01, 1.348391640126204e-01, -5.827011262312513e-03, -1.009605895288350e+01, -3.836661348966223e+02, 5.693781285413021e+02, -1.417960595622065e+01, -1.243859241444216e+02, 7.914473073928627e+01, 6.212086144600100e+01, -1.149680491698990e+02, 7.560784409341440e+01, -5.118318658837082e+01, 1.169301302629051e+02, -9.710851265864110e+01, 1.077545656233789e+01, 1.066321131573590e+02, -4.963205575092754e+00, 7.684792802514621e-01, -1.286809435080360e+01, -9.299548214117863e+00, -8.562605539213138e+00, 9.308594272771635e-01, -3.322183977337518e+00, -4.580500004350594e+00, -5.760748059276865e+00, -4.539177165582536e+00, -3.313156828864775e+00, -1.251732154585310e+00, 4.240671542876366e-01, -3.190752150901353e-01, -9.257774146562358e-01, 3.704303035170602e-01, 2.935832833111346e-01, 4.006200922223067e-01, 4.116357444137368e-01, -5.676990302144469e-01, -4.490047938922746e-01, -2.525993940478981e-01, -6.220126940090738e-02, -1.417465785641418e-01, -7.798247585239471e-02, -1.051886116645469e-01, 6.455239410958805e-02, 4.545635459694034e-02, -4.019599788498269e-02, 1.190194997484213e-02, 7.513247431237020e-01, 2.432879110324875e-01, 5.484991449260879e-01, -2.664916080502687e-01, 1.680678855887748e+01, -7.980784750396039e+02, -2.353581302280286e+02, 1.165549974533079e+02, 2.714301327865608e+02, -1.819360799889879e+01, 1.342496684308988e+02, -6.169202040480886e+01, 2.887598539307346e+01, 2.666540193562530e+01, -3.641926014357321e+00, -9.087231224841567e+01, 1.419222882282448e+02, 5.361885497477967e+01, 1.019604204334449e+00, 4.689028671013806e+00, -4.775530086191899e+00, -3.246160060915381e+00, -5.384249247811704e+00, -6.944672388020329e-01, -6.970659192835797e-01, -1.310284829881003e+00, 6.902612936621488e-02, -6.313494715815672e-01, 3.051696499457617e-01, 5.726844662664259e-01, -5.982427216629177e-01, -1.441571032480156e-01, -2.802824762962800e-01, -6.045713363917649e-02, -6.949314995397085e-01, -4.343248046141671e-02, -2.221275703565537e-02, -2.017553936044100e-01, -1.151861225087688e-01, -3.932085208123110e-02, 4.985484476862003e-02, -4.516385525737771e-02, -7.664228099191950e-02, -1.051597770180284e-01, 6.079311237290923e-02, 2.940878889509260e-02, 1.595072811350926e-01, -1.177074262641024e-01, -1.655115539098293e-01, 1.880396095538003e-03, 3.127508728001179e-01, -3.722937004324646e-01, -7.090787085374339e-02, 7.860227110369626e+00, -3.064191545680387e+02, 7.782684806069408e+01, 1.637146607853115e+02, -4.362789070074223e+01, -1.180210119096183e+02, 8.422277850410831e+01, -1.974676915819635e+01, 2.288606030247276e+01, -1.563914342250840e+01, -3.120623165233416e+01, -5.035643142615348e+01, 2.323070743997068e+01, 5.496278350207549e+01, 1.084920941407991e+00, 3.629112898835149e+00, -2.679286487074089e+00, -3.526821612776161e+00, -2.779886159462192e+00, 4.875337689361028e-01, -4.051698044433399e-01, 6.558680837101201e-02, -1.930988348238644e-02, -4.040528157697126e-01, -3.438322095437505e-01, -3.453394806027586e-02, -1.544196083883110e-01, -2.339301138387447e-01, -7.262181165207957e-02, -1.017160123955693e-01, -4.193783749064426e-01, -1.671136402191057e-01, -7.058363915069962e-02, -2.729629335922075e-02, -2.177787876694791e-01, -7.597249122841697e-02, -1.120321749371832e-02, -9.714185635148709e-02, -9.414110567006240e-02, -1.007707685601933e-01, 7.243656013328904e-02, 3.807508387236586e-02, 9.802022666560428e-02, -3.800532050942713e-02, 3.883328361010873e-02, -9.755628683415477e-02, 2.044747635946194e-01, -1.609911284767870e-01, -6.215819410237305e-02, -1.536761925889085e-02, 1.848551926726961e+00, 1.978287398992257e+02, -2.182757715383596e+02, -1.652278594754962e+02, 2.660148340236179e+02, 8.171612556815124e+01, -2.152308669993484e+01, 5.407448463315570e+00, 2.830532391089274e+01, 7.061953666376343e+01, -7.289697160896456e+01, -5.895815177222677e+01, 5.696150943585704e+01, -2.256341623368741e+01, 7.965472657450422e-02, 2.466172101589917e+00, -2.293573302134435e+00, -1.508415063954696e+00, -3.705347441955078e+00, 5.395746831075781e-01, 2.038737886273211e-01, -1.049308558527937e+00, -4.368548110382039e-01, -1.042159674333291e+00, -5.858108591376053e-01, -1.457831782358154e-01, -2.632489097180960e-02, 9.349830149716853e-02, 1.132432810690603e-01, -1.433418932693179e-02, -3.350303829512519e-01, -1.583446399358838e-01, -1.046343718911059e-01, -1.783736627815887e-01, -1.099989447183605e-01, -5.594565866429832e-02, 7.105654025801325e-02, 1.879631336394381e-03, 1.005216128576247e-04, -4.929323130909886e-02, 4.197535850088822e-02, 2.349354782764350e-02, 1.300085805803092e-01, -1.738081278996231e-02, 1.936739160096363e-01, -5.245743789679168e-02, 1.603077575976306e-01, -1.745342607709161e-01, 6.535188450857372e-03, 1.400348735021408e-02, 3.645606258887960e-02, 1.115874011518700e+01, -1.503688157840472e+02, 1.917191582802828e+02, -1.774729651166216e+02, -7.388111700467967e+00, -1.338354101498952e+02, -9.522940990136564e+01, 1.020910097965929e+02, 7.014734636018009e+01, 1.723034581792903e+01, 7.583250491734311e+00, -4.349949521433771e+01, 4.767381066950889e+01, 1.433158822074641e+01, 8.243966903857192e-01, 2.229680451343572e+00, -2.173022275521965e+00, -1.537803892769611e+00, -2.434710146789783e+00, 9.675339137023472e-01, 2.423597523455089e-01, -7.382574006275680e-01, -3.140129418133727e-01, -1.082782604686621e-01, -4.816872060355121e-02, 1.722171548672747e-01, -1.332812246177791e-01, -2.407429255492562e-03, -1.853210997947457e-02, -1.499452382848811e-02, -2.976550780415473e-01, -1.848740484532182e-01, -7.886413213706998e-02, -3.705685627538700e-02, -1.396155472916712e-02, 1.920409534886804e-02, 5.683002846025052e-02, -1.711474063795496e-02, -5.205288160180861e-02, -5.434042255827262e-02, 3.759703403166390e-02, 2.110819704649879e-02, 6.728750971921645e-02, -2.087228018943261e-02, 4.224426457186380e-03, -2.107786886300430e-01, 4.437877169409461e-02, -8.926105874792591e-02, 4.962099514571780e-02, 3.488313524041257e-02, 8.010806300314091e-02, 3.899641446784726e-02, 5.078802172899398e+00, 3.333229873441775e+01, -4.233704911562062e+01, -3.430648403065039e+01, -1.494887418054671e+01, -6.017368265533401e+01, 2.912477960670290e+01, 5.063450015649705e+01, 3.507387105022288e+01, 2.939922491018287e+01, -4.030627395100856e+01, -6.063399891654998e+01, 2.975562809446347e+01, 3.087053239477137e+01, 1.690764883866600e-01, 7.726288949821462e-01, -2.648097467538996e+00, -3.921608128241561e+00, -2.655827882314006e+00, 9.638274515259577e-01, -5.412181196092896e-02, -9.393171695289264e-01, -6.214817220167496e-01, -9.932886618795084e-01, -4.757137977864312e-01, -2.878122936747056e-01, 1.704893063336529e-01, 2.272359994446678e-03, -6.662760895648376e-02, 1.295833360162063e-03, -1.594768039545308e-01, -5.860125246865166e-02, -9.394790362254714e-02, -3.322115420294156e-02, -5.258299740424755e-03, 8.815052498966306e-03, 4.681232006495772e-02, 3.474945123374939e-03, -1.364709654773197e-02, -1.154642174844329e-02, 1.077570251098538e-02, 1.397087777245522e-02, 9.863609229735504e-02, -2.131466250357796e-02, -2.976258978071716e-02, -1.263084568541012e-01, -1.052846410253808e-01, -2.941970874035494e-03, 7.799632034440690e-02, 5.397908691386908e-02, 6.185113268628289e-02, 1.971890387894098e-02, 9.195455462412237e-03, 1.096583800722702e+01, 6.021390391074225e+00, -7.135259424611294e+01, -4.506931864371791e+01, 4.748501911085480e+00, -5.598062092041555e+01, -1.566525872511749e+01, 5.127397383924296e+01, 4.306569012675951e+01, 4.418257941057376e+00, -1.167605924668453e+01, -3.480415367628694e+01, 3.921495847751410e+01, 2.040147869485716e+01, 5.494450520080919e-01, 8.132000948612129e-01, -8.465198674202561e-01, -1.973100353645122e+00, -1.374597230875483e+00, 5.410445084705262e-01, 4.316329338951930e-01, -5.089818658265893e-02, 1.878157275007795e-01, 7.899372922562901e-02, -4.714290903082963e-02, 1.675597039181866e-02, -9.669999575942598e-03, 6.289408392501324e-02, 1.101551046496814e-03, -5.773991799811538e-03, -9.378897445529392e-02, -1.196149659089041e-01, -8.391918947635975e-02, 3.813001341678690e-02, 1.741404770113627e-02, 2.408808595141437e-02, 4.029528141194576e-02, -4.893960102953371e-03, 3.650660658184747e-03, -1.036621118767281e-02, 4.947199736814204e-03, 2.611753240761534e-03, 7.609840984240626e-02, 2.925982264092830e-03, 2.750865432546361e-03, -5.245436123505549e-02, -5.844528002107000e-02, 2.167047655180320e-02, 5.811624918293455e-02, 4.079699828646632e-02, 4.108320204377278e-02, 4.550639648205314e-03, 1.932343428435978e-02, 9.333495439344940e-03, 2.392878251437871e+00, -7.726310931697613e+01, 1.674310745152859e+01, 6.072771377619615e+01, -7.299817133182402e-01, 5.243301268071642e+01, -2.272197389727468e+01, 6.940328642478119e+00, -1.969128627983980e+01, -2.162213013572734e+01, 1.164508978886863e+01, 1.565202069070956e+01, 3.860390943705819e-01, -5.829824596831738e+01, -5.928365056296350e-01, -1.234355707060406e-01, 8.923565308187228e-01, 1.312927274624678e+00, 1.094581836088698e+00, -5.477322404113193e-01, -2.518003203426951e-01, 1.558139993823428e-02, 1.221706134505178e-02, 2.639342918390346e-01, 2.089821284316742e-01, 2.373759692269753e-01, -1.682348965761702e-01, 4.752918247554491e-02, 1.018378964926621e-01, -1.023720911925005e-02, 9.612895064824645e-03, 1.018215605984540e-01, 6.430733936504478e-02, -2.623380083788751e-02, -3.037938028056445e-02, -9.370154099466829e-03, -1.648198092214778e-02, -3.417043321097046e-03, -7.158527433656524e-03, -7.147200640137115e-03, 2.834434968521358e-05, 2.147791222473861e-03, 8.236534307062494e-03, -2.091263788007984e-02, -3.838194805165396e-02, 2.069931079205100e-02, 4.630555952548906e-02, -1.606252414528482e-02, -3.477460422743407e-02, -1.519573792551426e-02, -1.225937912345245e-02, -2.644220033455635e-03, -1.926539618527944e-02, -1.795528238474253e-02, 6.964441951076260e-03, 5.737110885064612e+00, 1.757225732499635e+01, -6.594168501450315e+01, 1.257153751832773e+02, -3.398881951953692e+01, 4.081031533190425e+01, 2.615814590039954e+01, 1.610036934448737e+01, -3.577215472979556e+01, -7.905042293846695e+00, -1.511379098017665e+01, 8.304963959526525e+00, -9.064195714980766e+00, -2.515629510888721e+01, -2.325360443270528e-01, -1.115931559355945e+00, -9.366600315880835e-01, -1.176088202371673e+00, -5.437171111253680e-01, 3.378422767151550e-01, -1.673464764433220e-01, -3.573866951076914e-01, -5.439409530014280e-01, -5.042632621017221e-01, -2.847334838696417e-01, -1.655275025191267e-01, 3.505586343415609e-02, 2.659969221671514e-02, 3.496995871123741e-03, 2.361615266292341e-02, 7.525662224938941e-02, 9.545867459724218e-02, 6.903739463738436e-02, -4.354869155254094e-02, -2.182481665467194e-02, -1.334690890428170e-02, -3.922045883507734e-03, 6.498844110369831e-03, -5.182893801993257e-04, 1.199984256588224e-03, 8.096646589613767e-04, -4.340740580227194e-03, -1.830358273746777e-02, -8.414812527564683e-04, -1.838878324020579e-02, 4.323468042566964e-02, 2.434233151537701e-02, -2.945738530789344e-02, -1.751546926350872e-02, -2.354418035829876e-02, -7.364477587199375e-03, -4.236713631388310e-03, -6.828457129056770e-03, -8.425212531884971e-03, 1.016945973331284e-02, 7.086207917033947e-04, -5.179586831073665e+00, 2.320227322757056e+01, 5.121698037066374e+01, -4.213136535497880e+01, -3.336705973319756e+01, 8.345599643500067e+00, 2.158282236908273e+00, 1.953130703314768e+01, -2.442880646726857e+01, 1.629883472815849e+01, -9.127492393298391e+00, 3.051360639000312e+01, -2.403867589389553e+01, -1.219715709003801e+01, -4.684221435572166e-01, -1.836385851291496e+00, 8.013116485166725e+00, 6.476208890767745e+00, -6.188697720308045e-01, 4.011832139339456e+00, 2.009561979224823e-01, 1.699502464665504e+00, 7.613085200618623e-01, 1.376559176431866e+00, 1.905544413923076e-01, 6.564939638938915e-01, -1.084814517737414e+00, -9.588355986182191e-01, -9.632983556592778e-02, -4.328402090298632e-02, 3.544087566448653e+00, 1.233259398703567e+00, -2.775198575593943e-01, 3.219745232798170e-01, 2.936974598731137e-01, 1.002422802385533e-01, -2.889792122225805e-02, 1.053256546910095e-02, 1.147884360315539e-01, 2.100192613710861e-02, 4.005493354504361e-02, -1.276737110102226e-02, -5.198106638490736e-02, -1.460771515109389e-03, 3.730872443866838e-01, -1.129078581746746e+00, -1.038653472327622e+00, 4.838569966542283e-02, 7.606159512268001e-02, -1.260631781672145e-01, -9.493467135337424e-02, -9.514729484831788e-02, -7.143238863295681e-02, 1.666335273505526e-01, -9.464620195455783e-02, -7.398942843336165e-02, -5.733377961377884e-02, 1.420222027253454e+00, -1.414381675356302e+01, 8.877142421827450e+00, -7.188668427129620e+01, -4.444444711876723e+00, 1.114068650709330e+01, 4.448267003790021e+00, 3.387821036920071e+01, -1.447896327930956e+01, 1.820476841035585e+01, -8.312477687965476e+00, 2.331398016454457e+01, -2.989178292092325e+01, -1.394822314354341e+01, 3.381505864770284e-01, 9.184646111175799e-01, 2.265431484691519e-01, 2.768431291824686e+00, -7.745980320523526e-01, -6.335582774783443e-01, -5.783677635391260e-01, 2.114794192395153e-01, -5.604776995193173e-01, 8.330149778172543e-01, 4.025590027021449e-01, 1.171804485441770e-01, 3.824445792461213e-01, 6.555256963941923e-01, 2.364517880239027e-02, -1.238609697878802e-02, -6.228034314731395e-01, -5.204771713049337e-04, 1.613789359343476e-01, -3.809146561798076e-02, -2.094406849397695e-01, -9.440893956398105e-02, 7.467743778441470e-04, -4.776862484579746e-02, -1.641519325963854e-02, -1.005472543563040e-02, -2.606231415378347e-02, -2.181075197664599e-02, -7.441718514892016e-03, -2.567382487584315e-02, -1.676376572255424e-01, 7.451813349880932e-01, 1.726925779170467e-01, 1.386503896655990e-02, -1.965538971896189e-01, -1.197205259870003e-01, -6.060179260352561e-02, -2.324462118734288e-02, -5.675253910534372e-03, -5.242505542474403e-02, 3.700904900267699e-02, 3.194809393529222e-02, -2.082498043389616e-03, -2.744827711159816e-03, -1.144985646604098e+02, -1.320176971693011e+03, -2.044706581276235e+01, 4.583342398278443e+02, -1.160549105231464e+03, -2.181456115771277e+03, -1.976694362262337e+02, -1.815466694588154e+03, -8.678335981111899e+02, 1.059145292367629e+03, 4.012117969903491e+02, 1.050463942316997e+03, 7.167002886056271e+01, -1.130586800405651e+03, -1.247208302875898e+01, -3.522193791902022e+00, 1.827037160996343e+01, 1.736391901284954e+01, 2.109666291835642e+01, -7.709313269153882e+00, -1.045693357083708e+01, -5.239442003737344e+00, 3.082402764934529e-01, -2.753862642394016e+00, 8.670051518972737e-01, -1.719879252871084e-02, -1.077179564282593e+00, 2.007153720251758e+00, -4.539630889755269e+00, 2.017071603316948e+00, 2.538693619297518e+00, 1.049831826025392e+00, 2.032859351168666e+00, -2.071077584606702e+00, -1.181490235234212e+00, -1.157939663897705e+00, -6.470644802990019e-01, -2.834117732228261e-01, -6.775244105250637e-01, -2.272758257559740e-01, 1.044153567025412e-01, -1.060327168740711e-01, -2.512616951844188e+00, 6.184534946544319e-01, -1.717345618748018e-01, 5.310314902463323e-01, -1.369899343799769e+00, -9.964508523426164e-03, -6.442879306750565e-01, -1.820844976758876e-01, 1.113671341252142e-02, -1.402081175871783e-02, -1.532558302039417e-01, -1.236623215937025e-01, 1.674472571813427e-01, 1.837162981505528e-01, -5.890973675682619e-02, 2.356715829104994e-01, 8.039503507775424e-02, -5.752387804408198e+01, -2.011367383602238e+02, 1.723487978979874e+03, -1.560829214083750e+03, 9.946060826201094e+01, -1.437763688444302e+03, 5.366812644644406e+02, 7.104583078430547e+02, -1.050857206405663e+03, 3.485595306996847e+02, -1.036190652781780e+02, -2.293349967634198e+02, -6.607102446162903e+02, -1.370890413964914e+02, 9.707467476392448e+00, -6.785749552892130e+00, 5.321088039810967e+00, 1.881000320495432e+01, 2.183682254955677e+00, -7.508236517211448e+00, -1.167866164234370e+01, -5.069444964896719e+00, 3.701165349843706e+00, 4.963665844502801e+00, 5.891237611024906e+00, 5.041386479414678e+00, -8.999576551754136e-01, -9.383858844880394e-01, -6.455528137863366e-01, 2.871417030989946e-01, -1.466264194843456e+00, -1.255319537731566e+00, -1.102755520435468e-01, -1.981390963303851e-01, 3.291695127488873e-01, 3.765834579781016e-03, 8.799397660038786e-03, -1.729585261234587e-01, -8.048046237036498e-02, -4.936193773212285e-02, -2.515768307291876e-02, -1.572885133774572e-02, 5.383615746770549e+00, -6.508018343112135e-01, -2.004803702243132e+00, -6.901831249858610e-01, -1.584829159902047e+00, 1.824913676409843e+00, 9.040884342324781e-01, 6.928545220628674e-01, 4.979260322311578e-01, 7.068590193959083e-02, 8.533657434071430e-02, 1.412429085550989e-01, -4.179866272814547e-02, 1.000821899853019e-02, 7.686555981462984e-01, 2.906343234457566e-01, -6.363742966648244e-01, -4.092072244570901e-01, -8.283660640122520e+00, 9.832135508503194e+02, -3.159727597413950e+01, 2.044887186911575e+02, -1.073540019466752e+03, -2.056789053272273e+02, -5.960797652870352e+02, 2.332280737482753e+02, -2.609117019267964e+01, 3.834346641130472e+02, 7.121470322117518e+01, -1.529777115289847e+02, 1.386774451410246e+01, 3.016365168868022e+02, 1.092985382314083e+01, -5.343154016207388e+00, 3.574948163031200e+00, 8.354061191429505e+00, 1.567627088012863e+01, -9.837233362307320e+00, -3.079665707725836e+00, -4.043336262015347e-01, 3.783248423528682e+00, 4.084295323088228e+00, 7.694133152164540e+00, 6.319720310666682e+00, -3.117775955479263e+00, -2.081784552487095e+00, -1.273963096757778e+00, -9.823093271835119e-01, -2.916011399246772e+00, -2.850555767009430e+00, -1.060042726545006e+00, 1.141866206504913e+00, -1.522812187030489e-01, -1.231250024528574e-01, -6.493640647457136e-01, -6.587779437049746e-01, -4.001863948157246e-01, -2.950156377354724e-01, 1.543002880295563e-01, 8.825351925122688e-02, 4.677019922162455e-01, -1.047264615950335e-01, -5.701622115106451e-01, 1.078755714466721e+00, -4.962311408105428e-01, 1.003308662681252e+00, 6.259093391416044e-01, 6.585502905284908e-01, 6.189942532432560e-01, 3.246995897758759e-01, 1.181068448445095e-01, 7.750955908793956e-02, 5.018931979449778e-02, 1.447041674299629e-02, -5.135539610618312e-01, -3.147403370410207e-02, 1.167304947177823e+00, -2.876206027779738e-01, 1.390889551926853e+00, -6.485909118444472e+01, -1.900312026992782e+03, -6.375480975995119e+02, -1.399658582188896e+02, 1.552552673924033e+03, 2.048950669733329e+02, 1.551526037681807e+02, 1.178405010058775e+02, 2.743263894753223e+02, -6.392891873868227e+02, 2.202957766755712e+02, -7.152765527795533e+01, 1.358903523628279e+02, -2.138676269449632e+02, -1.983795738263317e+01, 1.379659337752049e+01, 1.572632646026968e+00, 3.745149990903763e+00, -3.372329926171211e+00, -2.707455503885195e+00, -5.544998440807651e+00, -2.572813714550282e+00, -4.677691885816643e+00, -1.097468865337027e-01, -3.974167491688484e+00, -1.986744641690664e+00, 9.980657247813962e-01, 1.119287792603336e+00, 4.037040193693588e-01, 1.416466959552150e+00, 3.603353376189828e+00, 2.415654143990274e+00, 1.408522000625528e+00, -4.180646934045663e-01, -4.309357269774070e-01, -3.123888029092696e-01, -1.133186267768341e-01, 8.924223135752249e-02, 2.295453953707813e-01, 1.222713569834334e-01, -4.566709443436857e-02, -3.701589389751781e-02, -3.253300422323657e-01, 2.341929000081078e-01, 2.070797317141436e+00, 9.145644952624120e-01, 1.264967541256100e+00, -6.344599631466425e-01, -8.183356526382678e-01, -6.696193121264726e-01, -5.914500942321852e-01, -2.657033942152319e-01, -2.538786777561234e-01, -2.678444958611388e-03, -1.167813745801978e-01, -7.416868515112428e-03, 6.728851670949864e-01, 4.925563036749366e-01, 1.902632197607216e+00, 1.383187669248749e+00, -1.678802039825670e+00, -3.504351244259780e-01, -5.489398791707375e+01, 8.156797177355267e+02, -1.767401261223755e+03, 7.124746415433780e+02, -1.082768316834812e+02, 4.142645283692539e+02, -2.439392508098924e+02, 2.888529461110612e+02, -2.443684371239837e+01, 8.816392704334250e+01, 3.754663372976390e+02, -2.022500402339471e+02, 4.621099035297526e+02, 1.287063249071386e+02, -1.519304170184917e+01, 8.235498692626253e+00, 1.172185679140522e+01, 5.112360616385176e+00, 6.884061124944793e+00, -5.915608174459046e+00, -4.280732536606907e+00, -3.277800807738534e+00, -5.784128433671857e-01, -1.389364059009987e+00, -9.314318908817711e-01, 1.757837223394617e+00, -2.552499645517283e+00, -9.406445271209811e-01, -5.472174580687511e-01, 4.291724676186117e-01, 3.692951754779926e-01, 1.447014247035995e+00, 3.328507806513336e-01, -6.207700873990584e-01, -7.141832250422696e-01, -3.797539806346491e-01, -4.356021750006737e-01, -9.693790884188419e-02, -2.635908118786887e-01, -2.881016892713273e-01, 2.100231265736376e-01, 7.869554983932274e-02, 5.138095450066865e-01, -1.948538779413157e-01, 9.806517265113837e-01, 5.856566025894246e-02, 7.877679653648718e-01, -2.881792068340419e-02, -4.734278890711537e-01, -1.075488165769106e-01, -5.585447199110695e-02, -8.914350902507220e-02, -4.573228124449517e-02, 2.328344004244415e-02, -3.615680607828043e-03, -4.146283123385586e-02, 6.793935958296368e-01, -6.067045177467925e-01, -3.949465570221334e-01, -6.728644303861484e-01, -8.703761945439615e-01, 4.738123968012582e-01, 4.259925976216509e-01, -1.792999679438083e+01, -6.884277274232677e+02, 1.224996655244694e+03, -1.390701090567588e+02, 1.414249419522890e+02, -1.274516491257867e+02, 3.294907395461511e+02, -3.826511649894132e+02, 1.678925982451304e+02, -2.538499075198317e+02, -8.570138724490887e+00, -1.104999782593865e+02, -3.792696364013610e+02, -7.754732823573386e+01, -2.928848979048916e+00, 4.666029583178030e+00, -8.942529441085515e+00, -4.625600490142846e+00, -8.014291958216354e+00, 6.437870500845837e+00, 8.543517694374805e-01, 9.604964487505278e-01, -4.223661227130650e+00, -2.612779175872082e+00, -4.221689602567249e+00, -2.229982680145471e+00, 1.977166622543419e+00, 7.322569359575644e-01, 1.835461456792182e+00, -1.025929171891848e-01, 5.203184273648190e-01, 1.248793669170583e-01, -4.553304729482133e-01, 3.598028034088475e-01, 5.032849024892268e-02, 2.484802148081396e-01, 3.840783539603302e-01, 1.914904423876081e-01, 1.491192757259620e-01, 6.587466625652949e-03, -2.502881755401635e-03, -2.101394133105840e-02, -7.039409512947425e-02, 5.439446989188702e-02, 1.061134864528195e+00, 7.160654080790520e-02, 7.242553380415720e-01, -1.683281440392587e-01, -2.281177237406456e-01, 1.235729296596705e-03, 2.219079081236012e-03, 8.818241851552407e-02, 4.102693612386186e-02, 3.534395106311036e-02, -1.960809675156808e-03, -4.230028611535430e-02, 4.832062210159271e-01, 2.622913076725105e-02, 7.130164352794562e-01, 1.837977829129347e+00, -3.373404692682631e-01, -1.989888204251112e-01, 2.188595364851503e-01, -1.005083140644712e-01, -2.779893529011652e+00, -1.720212975264214e+02, -1.292260338966151e+03, 1.287552967588137e+03, 1.194562597861654e+02, 3.930324260414051e+02, -1.172372042663559e+02, 4.862601195641202e+01, -9.514800188391411e+01, -1.706092288882794e+02, 2.075263928904918e+02, -2.813876762369414e+02, -2.662790845476801e+01, 2.124814691420430e+01, 1.507919101682503e+00, -1.329534446686297e+00, 9.628444179336852e-02, -3.541600121962106e+00, -2.745708353713165e+00, 1.578007888358441e+00, 1.193253670270015e+00, 4.562835795997561e-01, -3.167159521996543e-01, 2.871876185532169e-02, -1.960940314929013e+00, 1.357894667967723e-01, -4.188753734085013e-03, -2.583170866034337e-01, 1.668308523518484e+00, -4.702581609879761e-01, 1.944440373142886e-02, -1.702777238489511e-01, -8.580242872339434e-01, 1.696186589784472e-01, 5.128317106325674e-02, 1.684320701431276e-01, 2.028256556780149e-01, 9.474918400047706e-02, 1.463872022581225e-01, -2.589711282294058e-02, 1.887465235587561e-03, 9.097601454733723e-03, 3.791182834869566e-01, -2.178098063504435e-01, 4.649895812557776e-01, -4.844938230472440e-01, 4.900522702871247e-01, -2.656520119151509e-01, -2.576624829069386e-01, -4.938057782236878e-02, -2.452376300603512e-02, 4.043344744527432e-02, 6.437160341949925e-02, 5.677988288504962e-02, -1.422916220799118e-02, -2.399673872674715e-02, -3.060218119287383e-01, 6.804385457261256e-02, 1.880450783553869e+00, 1.299093813737846e+00, -5.949068366322870e-02, -1.334401072507931e+00, -4.404992843045239e-01, -1.261843536942384e-01, -1.048610926316649e-01, 2.679334042177154e+01, 8.324646648396320e+01, -5.566083616712026e+02, 1.377537762908016e+02, 2.986431545470201e+02, -8.851414876548716e+00, -2.219507873349870e+02, 2.411129487793406e+02, 1.045044021375144e+02, -1.915005987570432e+02, -1.399747655611671e+01, -1.372708951608923e+02, -4.442469853668910e+01, -5.522024810591972e+01, 1.847241583659172e+00, -4.506369990349768e+00, -1.407390555059040e+00, 3.788183133831670e-01, -3.580039814824237e+00, 7.929521228058556e-01, -6.473997198069596e-02, 5.624227119407272e-01, -1.157768625795764e+00, 1.669172114275335e+00, 7.178864685261485e-01, 8.090771086671874e-01, -1.868607627752333e-01, 1.648331281095809e-01, 1.542028521973267e-01, -1.481016883043843e-01, 7.232131691152882e-02, -2.122589498709665e-01, -1.201253286345318e-01, 1.608576035566404e-01, -1.058509800871028e-01, 2.217890273728704e-02, -4.303240286153832e-02, -1.422759209278604e-01, -5.092048433716591e-02, -4.719799483552362e-02, 2.319602423631206e-02, 8.232995944446465e-03, 2.947366679881375e-01, -7.525698156164676e-02, 4.777426849594416e-01, -2.397801115330985e-01, -6.576550415319563e-02, -3.145291178393586e-01, -1.844330225991225e-01, 2.592319460680174e-04, -1.173160156317232e-02, 2.229327158635385e-03, 6.230434317368194e-02, 3.604319914818151e-02, -1.031331215537715e-02, -1.593581524047605e-02, -2.077204251090779e-01, -2.722503534623474e-02, 3.197711816467806e-01, 1.684333177583658e+00, -7.283113467375467e-02, -7.167885806184838e-01, -2.110659637041190e-01, -3.582043039114323e-01, -2.222157371594389e-01, -7.120802519186101e-02, 8.819760832421919e+00, -3.674092738813673e+02, 2.187450033673439e+02, 1.334957556271189e+01, 4.710862766028480e+02, 2.604928023682969e+02, 2.843574297851144e+02, 2.038626533958578e+02, -2.219605045402991e+02, -8.916151183619417e+01, -9.488585484697093e+01, 2.662675962657622e+01, -1.973950194353692e+01, 4.162455300290292e+01, -3.533075503558774e+00, 3.786324073834915e-01, -5.818461811246807e+00, -1.709518871252638e-01, -4.670443899602017e+00, -7.873352356788427e-01, -2.708314464360961e+00, -2.674956074421932e+00, -1.993449384215279e+00, -4.307065983031720e-01, -1.424803826072956e-01, 3.848417590157002e-01, -3.062360442632857e-01, -2.380772900699462e-01, -4.531294160027933e-02, -2.120613566470413e-01, 2.482551629031752e-01, -2.882970141800466e-01, 1.051303801193680e-01, -3.081206248732809e-02, -7.459874984191796e-02, -9.620259814528867e-02, -1.979406539413458e-01, -2.271488168234684e-01, -1.860763258469962e-01, -1.259905557263918e-01, 6.555838742072234e-02, 3.065111866443451e-02, 1.638068256393168e-01, -2.271556220169144e-02, 1.592630603271493e-01, -1.698007353367782e-01, 1.568291307836641e-02, -2.162860472715002e-01, -7.630194696167847e-02, -3.490367125464884e-02, -1.190972974659969e-04, -3.199107804807883e-02, 4.921993503445962e-04, 2.626168541024979e-02, -2.501036623699743e-02, -2.071042854036590e-02, -4.391729374216607e-01, 7.728071842783536e-02, 4.386587306144076e-01, 1.621638632509900e-01, -4.727275026930577e-02, -6.438640111971498e-01, -3.250778941588260e-01, -1.935286737446828e-02, -2.285864470157229e-01, -5.017190288755120e-02, 3.191251224360109e-02, -2.725801279938999e+00, -2.262919229864974e+02, 4.068917843897193e+01, -3.389728281612555e+01, 2.717053119500735e+02, -9.293821583081841e+01, 7.964453190463510e+01, -8.650112652155059e+00, 4.435329354559426e+01, -5.353717236176825e+00, -1.621458169663013e+01, -5.692420770991389e+01, -2.731976484683311e+01, -3.629747890683347e+01, -1.807278944476047e+00, -1.822965529087251e-01, -3.595235712625797e+00, 4.945183494762450e-01, -2.650424741380037e+00, 5.570213644694914e-02, -1.909213118277014e+00, -1.300829580772094e+00, -1.868255823099582e+00, -2.884114400881135e-01, -2.118920280772167e-01, 2.660641358883800e-01, -1.402150059131223e-01, 1.513985663176785e-01, 2.335215935197178e-01, -1.667496373145013e-01, 2.086293172050251e-01, -5.534395284464513e-02, 1.317318925517659e-01, -1.182960769648431e-01, -8.431941180533310e-02, -8.997449541224345e-02, -1.020932521044992e-01, -1.397879551820730e-01, -5.938077490026609e-02, -7.001607964042184e-02, 2.818310370365964e-02, -5.303159016590404e-03, -5.629133280764254e-02, 4.022361049163838e-02, 2.468221017222312e-01, -1.022405210242907e-02, 1.193953193290614e-01, -2.070416567670993e-01, -9.079254263618912e-02, -3.463400030962555e-02, -3.496439986083101e-02, -1.546490473295997e-02, 4.628873987854164e-02, 3.576303364828886e-02, -2.530910839293373e-02, -2.047560682251464e-02, 2.549702888633895e-01, -1.258799128201305e-01, 4.857528930019273e-01, 3.454237253986474e-01, 4.304440567539321e-02, -3.732321454509377e-01, -3.047134991232887e-01, -1.486421881501482e-01, -6.457335787543342e-02, 3.640279277794662e-02, 1.446209435426405e-01, 3.774291522736588e-02, 1.863755706996404e+01, -1.308690306489400e+01, -1.344107681139103e+02, -4.303154294534933e+01, -1.545113975451024e+02, -7.899330565478282e+01, -2.416492933741688e+01, 9.574945291080783e+01, -4.243617298478309e+01, 1.519949172533024e+02, -1.524766975244633e+02, 6.468443195841996e+01, 2.323739814475063e+01, 6.970215504806050e+01, 1.305837555129258e+00, 7.850570432546801e-01, 3.622240233626496e+00, 9.756058282190611e-01, 2.200258174040868e+00, 1.161479941327837e-01, 1.352918140450535e+00, 1.420145777140492e+00, 2.090537710441460e+00, 7.817145487903551e-01, 1.190868370233331e+00, 6.646318852638534e-02, -1.360132417607829e-01, -1.651601293131856e-01, -3.955901996041292e-01, 2.067449329929748e-01, -5.926205197239148e-02, 9.131889027071585e-02, -2.697942981705810e-02, 4.860788240455130e-02, 7.772196408832931e-02, 7.902087140878127e-02, 8.102135784774242e-02, 1.315921687189440e-01, 6.634815759506880e-02, 7.475530566431579e-02, -2.734718352541499e-02, -2.967988778371246e-03, 1.916029210236656e-03, -7.758631716911773e-03, -1.359409876331942e-01, -5.276141867578320e-02, -5.566764702905136e-02, 1.119436471269986e-01, 4.647151178945461e-02, 2.579326479444248e-02, 9.946897513406425e-03, 1.208888684169394e-02, -2.957368662006667e-03, -2.291484189365247e-02, 4.130998011622426e-03, 1.244327891806454e-02, -5.256481569925603e-02, 2.427865311757025e-02, -2.631601691430211e-01, -2.899866076059449e-01, -1.983027327783717e-02, 2.344803673841661e-01, 3.113474453529752e-01, 1.677426594662336e-01, 4.160770276587965e-02, 2.977366292913422e-02, -2.131480430383979e-02, -4.758466895133454e-02, 9.937479018947790e-03, 1.896375988411476e+01, 1.262044753160458e+02, -5.226573592921230e+01, 7.011440889663373e+01, -1.046297246776060e+02, 4.169978167515544e+01, -4.549972919671578e+00, 1.825024696210653e+02, -2.233597317722494e+01, -7.523032312723628e+01, 1.746875754047082e+01, -1.081288973793716e+02, -8.414985788228847e+01, -1.471667262486045e+01, 1.936986016287007e-03, 1.286749642039990e+00, 3.306127482177281e+00, 1.342965358002833e+00, 1.504110879755999e+00, 4.572457483316678e-01, 1.383408513670633e+00, 1.157388670098481e+00, 1.631211368213442e+00, 7.241237478202260e-01, 4.403752688747087e-01, 2.001346122289600e-01, 2.395629754504865e-01, 3.910316828579872e-02, -1.083610781768158e-01, 5.345209897981073e-02, -1.519540136614084e-01, 1.034128374084869e-01, -2.211076039361215e-02, -1.734225578832264e-02, 1.770881151060104e-02, 6.902554384233736e-04, 6.945969089397225e-03, 3.934330715695566e-02, 2.952445098981518e-02, 1.543849328023825e-02, -1.520462191024442e-02, -7.549084276075254e-03, 1.931343641966193e-02, -1.744828826490604e-02, -9.118112905857732e-02, -4.129609684636917e-02, -5.938655723228851e-04, 4.934960857968626e-02, 3.713433371736811e-02, -2.790017480971247e-02, -4.292386280570560e-03, -9.618875799439035e-03, -8.745337827941279e-03, -2.013312460505927e-02, 2.491902836422902e-02, 3.404133044914671e-03, 7.098719352667586e-02, -3.061209570241746e-02, -4.316882549273018e-01, 1.336077141123439e-01, -8.870917992492534e-02, 2.105151125565532e-01, 9.786801430521112e-02, 5.132019110460188e-02, 7.562276124216052e-02, 1.066261916977052e-02, -2.749625041435245e-02, -4.506984988821887e-02, 8.160178325324098e-04, -4.734258276916756e-03, 9.723217595899906e-01, 2.667630021112236e+00, 1.157333417122118e+01, -8.914287790075809e+00, -1.249271929114055e+01, 4.052785279133557e+00, 7.718335449216546e-01, 4.592104840977425e+00, -8.648832518915741e+00, 5.037378488647199e+00, 1.609145686425274e+00, 9.042134380910866e+00, -6.414816239658770e+00, -5.987480994556920e+00, 1.371598640701887e-01, 2.530367982652141e-03, -9.620955955428161e-01, 2.292111914066876e+00, -6.328448464287209e-01, -8.151497316603693e-01, -3.976932084502257e-01, -9.768257212306489e-02, 3.942510061987970e-02, -3.459681153409208e-01, -1.164637584334123e-01, 1.354940740279216e-03, 3.271619669444417e-01, 1.057622911831084e-01, 5.022640733847362e-03, -8.864060025825894e-03, 1.186846952868620e-01, 1.874377716523215e-01, 1.369217528782822e-01, -4.520821013983801e-02, -9.519044115288713e-02, -1.394349750764259e-02, -1.810122297499408e-02, -1.130423316920023e-02, 6.693605996051625e-03, -4.700305571576171e-02, 4.414368059238990e-02, 4.075274782204776e-02, -9.580053474851694e-03, -2.267829801414229e-03, 8.563711298596617e-01, -7.288538380712169e-02, -2.480544505008112e-03, 3.618201463222562e-01, 2.325755930699454e-01, 1.120730190271261e-02, -2.841251131163224e-02, -2.104261494275689e-03, 6.345664611820621e-02, -3.742624878760846e-02, -3.657169516178255e-02, 4.774315824538244e-03, -2.687419297234804e-02, 1.153802106833524e-03, 2.423383801730772e+00, -3.191227479733852e+00, -5.376137979992300e-01, -6.527953717676008e-01, 1.241146989842349e-01, -2.680094630556774e-01, -4.583250104652357e-03, 2.195835680418491e-01, 3.633784334400344e-01, -8.482676107110790e-02, 2.312357195404005e-01, 1.914369833471046e-02, -2.150010239269767e-03, 2.140164710809622e-01, 1.325364308583139e+01, 6.430748079651741e+00, 2.720227477767610e+00, 4.448162402132107e+00, -6.869486017005187e-01, -4.461877909719585e+00, -1.659348740697648e+00, -6.367620105111304e+00, -1.506219714321790e+00, -3.806506809794376e+00, 1.376227835418195e-02, -7.544811251797162e-01, 2.000098148258429e-01, -1.382262813164211e-02, 3.518898307791153e-01, -6.463432509031141e-01, -1.383752606448789e+00, 1.128805095775956e-01, 5.675121524928124e-02, 1.391135417179822e-01, -9.128530395084526e-02, -3.190856492830027e-02, -1.820551911770047e-02, 3.242286328335260e-02, -9.686556023567504e-02, 6.562030061840568e-03, -1.083636544605824e-01, -2.455347227484724e-03, -1.986675892109742e-03, -4.313513685289071e-01, -2.338307166290972e-01, -6.160721682957407e-02, 2.280126299747261e-02, -1.404378064895302e-02, 2.576640190493528e-03, 1.192287910217256e-02, 3.833294675212214e-03, -1.032566066620910e-02, 1.406961850744749e-02, -1.033315831457271e-02, 3.382381987068563e-03, 1.098300594857440e-04, -3.964573499755808e-04, -1.341745327478040e-01, -5.497929069178105e-03, 2.074760299158744e-01, -9.717672994010250e-02, -4.298560358365317e-02, -2.096160368463203e-02, -1.144045211082987e-02, -5.858766784237824e-03, -7.164838062352331e-03, -1.118270029027522e-02, 1.400550653609392e-02, -4.524223714700813e-04, -1.508026011640057e-03, -4.302096106588698e-03, -5.048030771701174e-01, -5.717353493535965e-02, 3.090177375152047e-01, -3.431261066848181e-01, 3.083957175829482e-02, -5.268664236237214e-02, 4.742496565964999e-02, 2.997065908313542e-02, 5.348619950720159e-03, 3.514817528017698e-02, -4.340269416718165e-02, -1.454116760787757e-03, -1.660110868132334e-04, -1.143678121352231e-04, -6.644780045422354e+00, 3.722728406603507e+02, 2.453904813720845e+02, 2.263887125266274e+01, 1.546492493062350e+02, 2.351463118780889e+02, -1.042495578134686e+02, -1.992575640078946e+01, -3.880953461495732e+01, -2.490739336530217e+02, 8.276638880853852e+01, -8.154278845208457e+01, -3.390480265160056e+02, 9.586514453569062e+01, -6.061882502582773e+00, 7.251244252796757e+00, 3.989210661347180e+00, -4.798852825492556e+00, -2.307138025778406e+00, -1.389320347144683e+00, 2.017946412621076e+00, 1.843635705420661e+00, 1.474352918617511e+00, 3.454669290391363e-01, -7.850866548239414e-02, -5.943674714339337e-02, 1.128786271582286e+00, -2.954666886961776e-01, -2.351467887281625e+00, 6.881417835634194e-01, 7.966464962451462e-02, 6.255876781494564e-02, 5.572890147168706e-02, 3.362940755318658e-01, 1.982773272696425e-01, -1.443661430890118e-03, -1.767082658657814e-01, -2.031892316423906e-01, -1.672992215829553e-01, -1.131753620558228e-01, -1.592921877088704e-02, 5.467716657595671e-02, 5.227045382448721e-01, -1.894236190715307e-01, -2.114014426261996e-01, -3.284184824315909e-01, 3.000790638872616e-01, -2.732986012527591e-01, 1.054428648041945e-01, -1.246780225083295e-01, -1.183456410700393e-01, -1.287339831237966e-01, -8.080699819324255e-02, -5.850486558427324e-02, 2.956243186944235e-02, -2.398797527723089e-02, 8.492572274183933e-01, -7.799399120176206e-02, -9.749291820201466e-01, 7.616732355475848e-02, 4.993226247748613e-01, -1.018148115768909e+00, 2.946782118560866e-01, -5.279427475096287e-01, -4.561189541484550e-01, -2.007478215338508e-01, -1.523191646948073e-01, -2.239148063645801e-01, 9.547769617261123e-02, 1.531352345659794e-01, -4.183695809305373e-01, 9.141243260393046e-02, 1.365119134967128e-01, 1.169131563686046e+01, 4.521660639576506e+02, -3.808807644822556e+02, 2.254019451106798e+02, -8.777140446945609e+01, 7.917001760275330e+01, -2.318325752280372e+02, 3.368341495682003e+01, -5.428246190199788e+01, -3.115748599040351e+01, 1.755140387468876e+01, 2.632129360635842e+01, -5.438515741989081e+01, 4.734479984910855e+01, -4.626581691682385e+00, 6.442879974818350e+00, -1.284330040737489e+00, -5.399029268333210e+00, -2.318022191528953e-01, 2.051812729519525e+00, 4.112357444507294e+00, 2.883178507982711e+00, 1.415250988136307e+00, -4.660582021878302e-01, -2.270244358932360e+00, -1.913470921429397e+00, 1.455425103753692e+00, 2.232428063203969e-01, -7.412421376909357e-01, 3.016097718623092e-01, -1.798719815168700e-01, 2.336909664959819e-01, -1.381374165132431e-01, 2.399820665001911e-01, 1.452481194050642e-01, 2.237015683060750e-01, 2.309914619522287e-01, 2.773325982682446e-01, 2.484923398553234e-01, 1.289676205199673e-01, -8.258166976185484e-02, -2.033831970070801e-02, 4.151859577561235e-01, -3.488402724396069e-01, 3.332048139033525e-01, 1.902756150046781e-01, 2.727610810147180e-01, 7.815043394660552e-02, 3.820874469563339e-02, 5.662451107882137e-02, 3.525874209899687e-02, 1.041284368236208e-01, 8.340734984240243e-02, 7.046947628688249e-02, -4.144719735517038e-02, -2.346068781932621e-02, 1.751310044668246e-01, -4.823403341264182e-01, 1.932098280006976e-01, 3.536627797064515e-01, -2.241900551483250e-01, -1.062776067658292e-01, -2.865392147090545e-01, -2.672754745293228e-01, -2.045912592868011e-01, -2.016165878202974e-01, -8.212712393593951e-03, -7.776454690406628e-02, 9.013385291508078e-02, 1.335695392557029e-02, -2.368472473545703e-01, 1.831888768539154e-01, 1.780197646666538e-01, -4.462225564419642e-04, -6.082760872970267e+00, 5.972528860396060e+02, -3.121276204321277e+02, -7.265410772226579e+01, 2.085098537896447e+02, -9.873002172183948e+01, 2.132042750723498e+01, 4.054775713480878e+01, -6.402186824671796e+01, -6.796169582884355e+01, -4.146126593503044e+01, 2.918874565953920e+00, 1.211770913858385e+01, -1.905598432578381e+01, -3.183976149233233e+00, 8.215120525030173e+00, 2.931806112203357e+00, -9.306334975969507e-01, -3.773312348555760e+00, 2.184857384134084e+00, 1.949651280576873e+00, 7.901346429465547e-01, 1.111670573727306e+00, 6.255153624722136e-02, 2.889635443192408e-01, -6.114808260834147e-02, 1.515802374100925e-01, 1.720457367525859e-01, 6.344708665812909e-01, 2.431820516696966e-01, 1.020365948206406e-01, 3.652163746302023e-01, -2.332687244971880e-01, 1.363647256677218e-01, 3.467456854768400e-01, 3.446657841235757e-01, 2.994657716282850e-01, 2.248268241148708e-01, 1.616335334813712e-01, 9.112316451151384e-02, -6.728693058974977e-02, -3.117122084332608e-02, -9.196538505101093e-02, 2.958608251595719e-02, -2.269535782680999e-01, -3.238600688217456e-01, -1.730900483595443e-01, -4.878300155557532e-02, -1.344748899998687e-01, -2.141808872072296e-01, -1.709761023294616e-01, -1.420731148520327e-01, -3.258517508905626e-02, -3.884002875087022e-02, -1.429211891030913e-02, -2.627221538108027e-02, 9.624676097132411e-02, 2.934440547380431e-01, -5.875652432336251e-02, 5.717938347059303e-01, -1.247983765176095e-01, -8.535952503898477e-02, -1.298567026935498e-01, -2.182645596955064e-01, -1.412841970626907e-01, -1.946535529022079e-01, -2.201145763025291e-01, -2.333581540340615e-01, 1.054836826417698e-01, 6.079528412723384e-02, 1.686249943003173e-02, -9.300309626197822e-02, 3.804443104108441e-01, 2.876948847056744e-02, 2.187321011214453e-01, 1.827754125521305e+00, -3.878351407914005e+02, 2.087194634732834e+02, -6.855075013548684e+01, -6.778330606991143e+00, 1.005830529603421e+02, -2.420321321726468e+00, 3.173073774374258e+01, 3.646930181990798e+01, 2.630414898178610e+01, 1.437662912875264e+01, 5.126451628129540e+01, 5.336715978129897e+01, -4.310824355323896e+01, 3.683448414774475e+00, -4.286514513161804e+00, 2.591023852553855e-01, 2.749270042914945e+00, 3.396615429650288e+00, -1.391492444941706e+00, -1.811507351377570e-01, -7.413765478542083e-01, -2.873072612230845e-01, 5.606729503600172e-01, 6.100757324756061e-01, 2.183021872247048e-01, -2.722410046359537e-01, 8.988061704911832e-02, -1.829689679711299e-01, -2.003600911978567e-01, -1.271537196258604e-01, -4.442442100285843e-01, -1.779914642530540e-01, -2.738395300585607e-01, -1.888919192318564e-01, -1.320364668698495e-01, -1.308942681323232e-01, -1.581433831212836e-01, -1.013643231290690e-01, -4.662379257963466e-02, 2.691259182914320e-02, 1.836178662786541e-02, 4.302301941702909e-02, 2.264862092974244e-03, 3.501672144723923e-02, -1.272908390789093e-01, -2.755965528606107e-01, 2.584532216422504e-01, 3.229135948945692e-01, 2.098138194817355e-01, 1.854636821303366e-01, 1.123636514114825e-01, 3.892303233400009e-02, -5.264726138466499e-03, 1.034709851226559e-02, 2.600971502939749e-02, -1.712973480542533e-01, -2.803252309159932e-01, 3.303983700898049e-01, -6.171315604087761e-02, -3.044460980150535e-01, -4.208947318294600e-01, -1.955700389779598e-02, 1.469808850652822e-02, 2.702557171427619e-01, 1.945588892118378e-01, 1.415986500278800e-01, 1.132604454818931e-01, -3.304650491497652e-02, -1.094836807744641e-02, 7.185817308379207e-02, 4.260362133500688e-02, -4.357789990957494e-01, -5.256150585684818e-02, -1.036097412468605e-01, 1.650530544742094e-01, 2.464238934014484e+00, -8.782577078856637e+01, 2.212654066053473e+02, -2.679570321480079e+01, -1.590307968141234e+02, 5.206007880380325e+01, -1.924768445024104e+01, -2.361585471372090e+01, 2.610150809142103e+01, 6.251467581705100e+01, -9.893218792453400e+00, 2.878488960322466e+01, 1.395913408599121e+01, 2.907311773593972e+00, 1.892671065147359e+00, -3.773281803476381e+00, -2.793750935733372e-01, 1.957233242104467e+00, 3.118404336024765e+00, -1.129942128694264e+00, -9.701075985233694e-01, -4.379942442995093e-02, -7.085989363036148e-01, 9.098732357985832e-03, 2.832437596411818e-01, 4.217737268953558e-01, -2.758485790426249e-01, -2.709056774047423e-01, -2.668353879847573e-01, -3.171845003115252e-02, 1.280543570467779e-01, -5.805853300248240e-02, 1.229700789341774e-01, -2.196483049699281e-01, -1.898647937318361e-01, -1.286346665088490e-01, -1.217405212234241e-01, -5.519875958660557e-02, -7.464608120906518e-02, -4.912826732189487e-02, 2.563942855418491e-02, 1.685200735078515e-02, 8.192180616056599e-02, 1.072293593572260e-02, 3.140693545333973e-01, 1.179271411939805e-01, -1.339733669627502e-01, 1.577128778032430e-01, 1.391068956619194e-01, 1.848811785836008e-01, 6.887970209955412e-02, 4.321601396344029e-02, 1.332647840063994e-02, -4.216326152040079e-03, 3.225227413557911e-02, 1.746539366409405e-02, -3.997263195590284e-02, 1.018569284400272e-02, 1.259448056431881e-01, -2.120387864242048e-01, 1.204888259488933e-01, -5.341741784894374e-02, 4.474809003803488e-01, 3.740639481856073e-01, 3.220629804409111e-01, 3.357236372679139e-01, 1.510467665368594e-01, 1.247685060996038e-01, -7.438847914620647e-02, -4.847750482756841e-02, 2.003899257528356e-02, -1.369698069368662e-02, -4.784863415054564e-01, -1.179846908795510e-01, -1.926146016557546e-01, 1.468105677129262e-01, 3.994136997157088e-02, 1.087849034997067e+00, -1.314064833911100e+02, -7.202652966829514e+01, 2.611823504229252e+01, -2.432332654540762e+01, 4.131612798516400e+00, 5.028766621215787e+01, -9.264604552992978e+00, 3.126811798559423e+01, 4.544286975075034e+01, -2.465192478258865e+01, -1.479281215400475e-01, 2.077152990199641e+00, -2.554689197233858e+01, 6.753264216209968e-01, -2.167797847464786e+00, 1.084361336321562e+00, 2.067924278354292e+00, 2.595699316591028e+00, -1.763201648686920e+00, -1.418295978694408e+00, -6.490698172321104e-01, 5.099608438920793e-02, 2.282896162024484e-01, 8.279807289617349e-01, 6.337506613284914e-01, -2.370849499094992e-01, -3.401169298267538e-02, -1.058818724741962e-01, -4.489589009272025e-02, 1.776583301959997e-01, 6.274527250424808e-02, 2.715511139616688e-01, -2.769202826189787e-01, -7.631874513466370e-02, -1.456832380258043e-01, -1.283325230586377e-01, -5.210817841697161e-02, -4.896523820208337e-02, -1.699703414276562e-02, -6.140434427634386e-03, -2.625048973478428e-03, -3.201585917712598e-02, 2.073533591360747e-02, 8.075826088222157e-02, 1.021499678641895e-01, -1.197608587398144e-02, -1.505430376350789e-02, 6.494704895107428e-02, 3.440058930827691e-02, 3.333092898379420e-02, 2.442814000245420e-02, 1.015447816078188e-02, -9.300885408322346e-03, 4.682559502685159e-03, 1.101843789496895e-02, -3.850493002357072e-02, -7.012001153664715e-03, 9.373230042668843e-02, -2.048712123223077e-01, -1.939891221942644e-01, -1.126061054892655e-01, 4.104100417764567e-02, 1.996278800079461e-02, 1.139160641264022e-01, 1.246590124710774e-01, 7.814730017414441e-02, 6.442856014041633e-02, -2.780567720665788e-02, 9.250193500351498e-03, -1.245044365436523e-02, 6.892114118595861e-03, -2.554931457596181e-01, -1.173019094804771e-01, -1.063233400557453e-01, 9.991579306850537e-02, -8.475141554041853e-03, 2.195849908235326e-02, 5.408750288478054e-02, -1.869699956934315e+02, -2.638129296605867e+01, 7.348589357528466e+01, -1.000349032700308e+01, 3.324834635046488e+01, 2.573799350102262e+01, -1.132694737836436e+01, 2.674764507809651e+01, 3.897774788053791e+00, 1.497285624446494e+00, -1.084771962705676e+01, -4.297362579189120e+00, 8.396126691130435e+00, 1.343739865119508e+00, -1.552116644250498e+00, 1.179154887793739e+00, 5.047456892848022e-01, 2.563576579184546e+00, -1.828155880962212e+00, -1.311986135423597e+00, 2.183605088611066e-01, 2.890573098819876e-01, 7.077922324825590e-01, 9.105720588395619e-01, 6.066046072688530e-01, -1.949556633765456e-01, -7.872314043852768e-02, -6.885081861989215e-02, -1.044222811820455e-01, 2.570213458762660e-02, -6.597775516609262e-02, 1.086169300642108e-01, -1.319015935154170e-02, -5.218995311708809e-02, -1.032256467034983e-01, -1.369847829323200e-01, -7.165858939789327e-02, -8.369328155787897e-02, -3.456421384178543e-02, 6.282589093494189e-03, -3.009761545330375e-03, 9.391788880276417e-02, -2.204533731497913e-02, -2.191445925098352e-02, 1.072049160816593e-01, -7.765027774117403e-03, 3.337846197001539e-02, -4.524761008287395e-03, 7.939270567960828e-03, -3.547305747045477e-02, -2.861808158322934e-02, -2.409076425465175e-02, -2.790745784311653e-02, 1.359459169884226e-02, 8.475153867906803e-03, -2.350621858929240e-02, 3.813901227432345e-03, -9.663548159820190e-02, -1.484650686816600e-01, 1.306853925480986e-01, -1.285930615295751e-01, 2.779653777667982e-02, -8.812929555216957e-02, 5.130825167922227e-02, 1.129918085711096e-01, 6.237826122929902e-02, 5.267498883291642e-02, -1.131174379748792e-02, -7.747929305842571e-03, -4.888791622259766e-02, 1.006313875579047e-03, -1.375095268835559e-01, -5.241956958237461e-02, -6.124999857415207e-02, 2.911816548492811e-02, 3.545847144527470e-02, 2.852503859957834e-02, 2.886902119405049e-02, 5.832964802881113e+00, -5.612828097484337e+01, -2.243253488621704e+01, 4.720480250178043e+01, 3.635252596818282e+01, 7.134793211670484e+01, -4.139864442225930e+01, 1.622963758728686e+00, 6.750213665146156e+00, 1.751066381773071e+01, -2.082049569086455e+01, 1.935317032058440e+01, -1.805903849192778e+01, -1.897581846765966e+01, 4.647097413282847e-01, -1.815501979322087e+00, -9.800375985911771e-01, -5.774658089874394e-01, 1.725481768254022e-01, -1.107679944402421e+00, -4.346001845596133e-01, -1.409705201879338e-01, -2.158876408365157e-01, -2.543740381617420e-01, 3.015060081061383e-02, -1.561847682566984e-02, 1.975072043284798e-02, -4.369911173784152e-03, -1.259631564915110e-02, -3.703209207201736e-02, 6.390382479581438e-02, 3.619010147959078e-02, 5.104905532539318e-02, -1.431572447729157e-02, -3.200557976847103e-02, -5.791545756040120e-02, -3.767665977943106e-02, -1.965406930966606e-02, -1.424220162971515e-02, -1.047638935891063e-02, 3.993370617554882e-03, -5.099374066940559e-04, 3.192186338599507e-03, -1.260516322322205e-03, 7.323975976719527e-02, 1.729624289221212e-01, 2.497941376429038e-02, 6.957706238813001e-02, 1.853262175214036e-02, 3.227094100469676e-02, -9.807977253817789e-03, -5.137733132355514e-03, 1.055399803673269e-02, 6.295794441138479e-03, 3.221339464215295e-03, 2.445097725882992e-03, -3.557375346676749e-02, 2.697034500133863e-03, -3.291921623609888e-02, 6.343891434473020e-02, 1.351041252416541e-01, -2.353129243192429e-01, -5.553318155574280e-02, -5.137607517826850e-02, -5.566730294120679e-03, 8.145839089995958e-02, 5.610053979860207e-02, 4.240407154113809e-02, -2.851480195976881e-02, -6.314647646388798e-03, 3.844020757587239e-03, 3.022326469717642e-03, -6.049217309283731e-02, -7.564380358630306e-02, -2.620873952857667e-03, 3.040041609444824e-02, -3.703544889344473e-03, 3.026369078291405e-03, 1.888170606830775e-02, 6.057184168062496e-03, 1.053354257257954e+00, -1.993471254733687e+00, 5.968817311036902e+01, -4.741171548444201e+00, -4.208302556426955e+01, 1.176663273263894e+01, 1.741580206382408e+00, -3.769128927274285e+01, 4.751878539630681e+01, 1.717975573181664e+00, -4.813257086494619e+00, -4.562020850657086e+00, 3.397766246778710e+00, -2.332357789962136e+01, 4.939158487145595e-01, -1.214409017349058e+00, 2.605274347554245e-01, 6.022885839542143e-01, 8.026936292347816e-01, -5.647950985730138e-01, -1.877811707373135e-01, 2.950496908196383e-01, -1.773934475938210e-02, 1.577604605013882e-01, 2.490258692361239e-02, 2.462021199724739e-02, -1.199026643150622e-02, 7.175083943335554e-02, -6.564045713724946e-02, -1.584427611026167e-02, 8.216636923259961e-03, 3.725845373448460e-02, 4.647696530820569e-02, -5.840191305714837e-02, -6.135875734912983e-02, -4.627652855534430e-02, -3.554425931027026e-02, -2.149794664819327e-02, -1.101043336379901e-02, -1.364077292380363e-02, 8.376714592145595e-03, -2.550175436572223e-03, -4.036338893641121e-02, 5.415645886832081e-03, 8.260802481621458e-02, 8.375662021673812e-02, 6.910764103024788e-02, 1.410672162422405e-02, -7.679070738019073e-03, 1.880069027651590e-02, -1.057335193707326e-02, 1.572327127876021e-02, 4.224847949552921e-03, -6.304776601256715e-03, 1.242662340957843e-02, 6.113037086730281e-03, -3.784172726498307e-02, -1.584173501215129e-02, 1.135440032319379e-01, -3.612012766125900e-02, -2.422984599660807e-02, -4.696650788577440e-02, 6.050707074238989e-02, -1.330618499663423e-02, 5.416379168268932e-03, 1.510785511598681e-02, 3.602468703764399e-02, -1.250998933302375e-02, -7.404998140257171e-03, -2.411927416224120e-03, 1.290405107701567e-02, 7.650534675796747e-03, -3.776282828905550e-02, -4.585312809274299e-02, -2.241756019916717e-02, 3.625818126772069e-02, 1.959314943843181e-02, -2.242262114669075e-03, 2.052100476026396e-02, 1.941872624215309e-03, 1.998441244264505e-03, -9.228787109970311e-01, -1.710232903639899e+01, -2.901306864627173e+01, 2.430925318587363e+01, 5.213132610760026e+00, 3.560331659773039e+01, -2.565098366568276e+01, 2.854978201724487e+01, -3.534039087373581e+01, 3.061069329046803e+01, -4.134508186496761e+00, -9.703097119328612e+00, -2.663736074404599e+00, -1.095029913217945e+01, 1.813257576057303e-01, -7.159051575267289e-01, 2.142726240632734e-01, 1.401228494982088e-01, 3.041407557751489e-01, -3.655619269131438e-01, -1.975029812249249e-01, -1.533742205926916e-01, 1.551756228638771e-03, -2.053286850316858e-01, 1.327970089367926e-02, 6.889945162247671e-02, 3.834399486119509e-02, -2.146254961055011e-02, -9.686404281636146e-03, -1.051806633035772e-02, -2.278575089817786e-02, 2.431338128424465e-02, 1.742601705073809e-02, -3.421316104047198e-02, -2.183765448429837e-02, -1.179417672539939e-02, -1.575535449861831e-02, -2.427204556681580e-05, -1.536782527378245e-02, -7.262255681289271e-03, 3.269915318061070e-03, 5.150262714164257e-03, 6.311526474993367e-03, -1.016574637726579e-02, 2.774758476333978e-02, 1.382784700723654e-02, 3.584852000704715e-02, 1.063168552069111e-02, 1.095077334027649e-02, 1.561007056003540e-02, 3.183914359116481e-03, 1.424349672105180e-02, -4.439567400333830e-03, -2.823717470168524e-03, 1.178020770310297e-02, 7.922252349064508e-03, -5.865869998472437e-02, -5.307954065849752e-03, -1.202532149489083e-02, -6.498141497694813e-02, -3.949560891202863e-02, -1.072338578197147e-01, 3.727698427598905e-02, 2.181902651180061e-02, 1.670700755438825e-02, 9.435001086020512e-03, -5.486427917198104e-03, -6.336004846450052e-03, 1.804676346046205e-03, 1.163088785069272e-02, 1.935150797853224e-03, 8.821931229377121e-03, -8.968889995428091e-03, -1.596397131616691e-02, -7.225393075592498e-03, 3.229570666368941e-02, 1.089852854409841e-02, 2.118863608182742e-03, 1.299003793486293e-02, 2.369272837081667e-03, 1.162963746954598e-02, 2.542935407755529e-03, 8.793846179871001e-01, 3.968798719069207e+01, 5.451668573082647e+01, -2.796735452110929e+01, -1.383251769513293e+01, 4.419071194423473e+00, -3.031578308807255e+00, -2.180800932286973e+00, 5.080186816032030e+00, -8.806541384272947e+00, 3.691655777319053e-01, 1.556457160810188e+01, 3.392324732093084e+00, 1.308905472578122e+01, -1.021154389227571e-01, 2.242096100375917e-01, -6.083488641448621e-01, -2.011756168175460e-01, -4.225865028728336e-01, 3.048024158227793e-01, 2.091542303194757e-01, 2.132538805002720e-03, -6.829738899147844e-02, -4.676189251249857e-02, -1.018286878090953e-01, -1.136110333534048e-01, 4.317015118378379e-02, -2.273409389784040e-02, 4.820904621420043e-02, -7.099196986614491e-03, 2.691790981984672e-03, -3.866594012749656e-02, -1.900196042472800e-02, 1.896496163063773e-02, 1.703017675286097e-02, 6.419059087186907e-03, 5.332748571228915e-03, 2.008203309618389e-04, 1.199797756507934e-02, 9.738124063158011e-03, -6.024357467576595e-03, -5.644073498663024e-03, -1.362338218730258e-02, 7.718636951186525e-03, -2.794289062644104e-02, -4.763159390614486e-03, -4.114804552315938e-02, -1.534041865474674e-03, 5.573191195450192e-03, -8.984959457269324e-03, -4.777226646955048e-03, -7.141695722476793e-03, 2.841943947234429e-03, 6.150923036626676e-03, -6.178194681712678e-03, -7.427798886675361e-03, 3.446563725390914e-02, 2.902370058883912e-03, -2.461551629808979e-02, 4.693676665376296e-02, -5.489476464428500e-03, 1.087227898192794e-01, -3.910696252140137e-02, -2.424414860228677e-02, -4.974381885434227e-03, -1.688320242563508e-02, 9.492868114427813e-03, 1.148439437535714e-02, -6.424859985884257e-05, -8.988503764801299e-03, -5.549759389526988e-03, -4.687404166911618e-03, 3.212159351274042e-02, 5.890014891289685e-04, 2.483409640772414e-02, -1.926029555491733e-02, -1.579145473765635e-02, 2.357992308767412e-03, -5.192488607927834e-03, -2.679754992536213e-03, -9.434080740276848e-03, -8.107049865411312e-03, 3.000342358778894e-03, 1.536412799111060e+00, 2.920529735300787e+00, 3.454242252656954e+01, -4.559722520850682e+01, -2.046784881341885e+00, -3.688497660940223e+00, -7.020941123297268e+00, 7.166330216628452e+00, -9.144112197474717e-01, 1.843524893339015e+01, -7.975861941650583e+00, 1.019937400886795e+01, 1.864626244884326e+01, 5.337062068018876e+00, -1.169878242692601e-01, 1.198763646591205e-01, -2.657303656610351e-01, 1.338668620846500e-01, -5.035387916879113e-02, 1.089315834453964e-02, 9.427962414271930e-02, 4.065830759639455e-02, 6.528328959728173e-02, 8.623924308368097e-02, -8.046477776999426e-03, -3.983542420940480e-02, -1.899901137469322e-02, 1.895554444662190e-02, 2.209921131795685e-02, 3.969405573173268e-03, 1.819085750414166e-02, -1.833749779467499e-02, 9.337756287575850e-04, 1.482466046420623e-02, 4.109577352388189e-04, 3.874470657026732e-03, -3.984294796531924e-04, -1.781621690682157e-03, 6.710072794887788e-03, 7.215552908268572e-03, -4.800659156881252e-03, -1.058633842476505e-03, -1.801183584175872e-02, 5.615361573319013e-03, 2.086819380649725e-02, -7.671185599982101e-03, -1.503553957909005e-02, 2.093875432650158e-03, -6.475705462735314e-03, 6.348559771418696e-04, -5.940473108238153e-03, -4.239938313567736e-03, -2.552120329169513e-03, 2.044156488588885e-03, -7.895412085243761e-03, -1.757882874815807e-04, 2.211123841209740e-02, 1.634254635617410e-03, 8.038465336012162e-03, 2.918749904282291e-02, 1.872666011793373e-02, 2.435548059389476e-02, -2.916235406140440e-03, 1.191136804776860e-02, 5.045918021655873e-03, -8.196963188468258e-03, 1.270197146295359e-02, 1.102559634992105e-02, -5.827878735687671e-03, -7.416343100216727e-04, 2.667534712134041e-03, -3.517148073098702e-03, -7.020193790031559e-03, -3.162173757613973e-03, 1.263816318479920e-02, -2.214147787095953e-02, -4.700667965952313e-03, -2.664024765280937e-03, -5.709091436684160e-04, -1.045708022790682e-03, -3.655428470312892e-03, -5.790600871559104e-03, 6.790606986723291e-03, 6.262413419024354e-04]
