elements:      [Te]
cutoff:        7.0
pair_type:     gaussian
feature_type:  gtinv
model_type:    4
max_p:         2
max_l:         12

gtinv_order:   3
gtinv_maxl:    [12, 6]
gtinv_sym:     [0, 0]
gtinv_version: 1

electrostatic: 0
mass:          [127.6]

n_pair_params: 6
pair_params:
- [0.5, 0.0]
- [0.5, 1.25]
- [0.5, 2.5]
- [0.5, 3.75]
- [0.5, 5.0]
- [0.0, 0.0]

n_type_pairs: 1
type_pairs:
- atom_type_pair:      [0, 0]
  pair_params_indices: [0, 1, 2, 3, 4, 5]

type_full:    1
type_indices: [0]

n_coeffs: 3834
coeffs: [-1.322117339866224e+00, 1.482967403362959e+01, -8.515128782621913e+00, 7.599432871759302e+00, -1.122712637982343e+00, -8.712957194334040e+00, -5.258421696034575e+00, -1.259273931933109e+01, 6.624848743836548e+00, 7.085062425030310e+00, -2.150865349298421e+00, -1.211577607168491e+01, 1.313082484234255e+01, 3.783753940578681e-01, -4.143125996117849e+00, 5.806463350172145e+00, -1.690899929418112e+01, -1.051030578948494e+01, 1.054706574121062e+01, -1.710924594569532e+01, -1.004377699711658e+01, 5.157963174957040e+01, 4.272835247015745e+01, 2.807883075432579e+00, -1.556482227839961e+01, -4.621602739112940e+01, -1.693219702645869e+02, -7.870233696828710e+01, -3.921684707244027e+01, -4.475563629962515e+01, 2.097760668393946e+01, 3.636307628066109e+01, 3.423453356308923e+00, -1.903462033705456e+02, 9.081546692705743e+00, -2.166195179425839e+01, 5.323530343567728e+01, -9.067992729537418e+01, 6.840494080699568e+00, 1.041773175892606e+02, 1.035923309661777e+02, 1.564243588211571e+02, -8.787828111427663e+00, 7.850097716565517e+01, -4.345311999095817e-01, 1.172559166464363e+00, 9.591930794501113e-01, 6.305184744024356e+00, -5.484835623068272e+00, -1.536477470724252e+00, -3.751749187111690e+00, 5.229936442223864e-01, 9.905035050494583e-01, 1.540438648735207e+00, 4.807714436696063e-01, -1.375551088940138e+00, 1.675832850933959e+00, 9.538576420131063e-01, -7.727345091274700e-01, 1.731431361912832e+01, 8.073501844233902e-01, 5.669009872309706e+00, -3.376582682065726e+00, -1.303005486706557e+00, 6.122584219985175e-01, -7.259065683323115e+01, -3.846083452865443e+01, -3.787199393163369e+01, -5.821997046651337e+01, -4.015920858436689e+01, -1.583401209380782e+01, -6.188178145906245e+01, -4.906831062631971e+01, -3.659731774596392e+01, -3.478425674458017e+00, 3.426617221294850e+01, 2.954340590663412e+00, 3.817299605169279e-01, -4.935447335085802e+00, 1.509378033750363e+01, -2.117819620517924e+01, 6.150604174862249e+00, -8.115280299046050e+00, -2.256892846648492e+00, 6.715066555755208e+00, 2.407603845379946e+00, -3.587133211787655e+00, -5.489370327640714e-01, -1.584574880572304e-01, 4.992309331846882e-02, 2.713729065138460e+00, 1.648929482845231e+00, -1.206266915259003e+00, 2.794819261947967e-02, 8.760811442484116e-02, 1.918558074773304e-01, 1.713563766724920e-01, 3.160889723049626e-01, 2.318832316861322e-01, 7.220483151390343e-02, 3.807578076673762e-02, 6.681062456227038e-02, 3.351519793080744e-04, 4.566420702565879e-01, -1.121342143731129e+00, 6.489780685671972e-01, -2.433857648022464e-01, -2.223408760098876e-01, -7.870697260104037e-02, -1.093199264809595e+01, -3.553775705266231e+00, -1.651138755144103e+00, 9.657651102608523e-01, 7.197612906473728e-01, 1.647848483293357e+00, 3.320338030354482e+00, -1.990236501359933e+00, -3.767949915587279e-01, -1.259459848478157e+00, 5.391538501577502e-01, 2.298984403707810e-01, 2.033989230965544e-02, -2.272058466692546e+00, -2.664175800126709e-01, -1.218382932954794e+00, -4.142004815269048e-01, -9.359369504417184e-02, 5.066873086162754e-01, 4.406368917300762e-01, -1.804879525302121e-01, -4.658771137387654e-02, 3.438670653431298e-03, -6.748358074298150e-02, 1.488885366381809e-03, 1.764836957472988e-01, 1.106671983944654e+00, -1.094438349870695e+00, 2.982362065881341e-01, 4.880465114267746e-01, 1.311025635404219e-01, 3.051000321223874e-01, 7.663700244833074e-02, 1.090605051075374e-01, 2.373195843255105e-02, -9.184884482107689e-02, -1.338437023361783e-02, -2.820688367193468e-03, -4.808580193115827e-01, 5.190166393119741e-01, 7.279695242591210e-02, 4.058293426390432e-02, -4.579608576339462e-02, 1.100400899316062e-02, -3.265034590665666e-01, -1.713574746016126e+00, 4.124229882298149e-01, -1.537379623355946e-01, -2.801360694721538e-02, -2.631968164391481e-01, 7.608309974913150e-01, -5.841480555248036e-01, -9.950456714496175e-02, 2.230994147341062e-01, -5.384372032380899e-02, 1.316781172886445e-01, -1.508021563993675e-01, 1.779092064761156e-01, -2.029065604678685e-01, 2.292274657524885e-01, 1.184046023206370e-01, -1.149167029007009e-01, 3.092928651391931e-02, 1.232482098676572e-01, -5.437231130796158e-03, -1.026665800765296e-01, -2.456790017966440e-02, -4.377098045707509e-02, 5.177451657699668e-03, -1.157670390045904e+00, -2.135339570348198e+00, 1.633229060665656e-01, 2.487011256866721e-02, -1.419091517830899e-01, 2.986828109724958e-01, 3.111080425060369e-01, 1.086120829067068e-01, -1.047032070576075e-01, 1.109906404514876e-01, 8.566386745392290e-02, 7.718431033902551e-03, 1.061484749702864e-02, 4.119780439745481e-01, -1.839178426783945e+00, 5.243911897117911e-01, -1.791216262834445e-01, 1.097418510140855e-01, -1.172208888959598e-01, -1.047346294758626e-01, 1.090439321565420e+00, 1.131653389755063e-01, -4.377376685022655e-01, 3.999497008465375e-01, -7.482446206873841e-01, -2.335407165148948e+00, 4.361023313422062e-01, -7.582323059185648e-01, 1.314334605687881e+00, -2.930481492943074e-01, -8.838859988527388e-02, 5.596058227937524e-02, 7.552667457243125e-01, -9.433185684474536e-02, -3.431854128947666e-01, -2.784498814141062e-02, 1.044258815499104e-01, 1.028738413450271e-02, -5.193074620139995e-02, 2.235385640097211e-02, 9.878879265315209e-02, -9.335009733562055e-04, -3.199194995920209e-02, 6.712467165617971e-03, -3.239162093123442e-01, 3.032315041032030e-01, -2.593926225731812e-01, -2.761094198475748e-01, -1.950035278433273e-01, -1.577281652750793e-02, -1.034612577548183e-02, -2.437400869183922e-02, 2.614934680863090e-02, -5.415527971495444e-02, 6.152531928472759e-03, -5.692211793771871e-02, 1.385431857023741e-03, -2.852026311023673e-01, -1.497981203374185e-01, 5.083253136294190e-02, -2.301446923741775e-02, -4.846241885413209e-02, 2.646714584763258e-02, -2.837758803609760e-01, -6.204553688314663e-01, -8.116727076191262e-01, -5.165144682226492e-01, -8.629141220218324e-02, 6.290152794695770e-01, 7.987321783593576e-01, 6.066083917927617e-01, 6.348082509482743e-01, -6.290907001267607e-01, -3.364973773060641e-01, -2.290142026389383e-01, 1.435053518739971e-01, 4.203648321206085e-02, 1.050866591025913e-01, 1.303556602403383e-01, -6.248502116602728e-02, -1.200361574334072e-01, -1.144276669073502e-01, -1.911410520557245e-01, 3.783595524150560e-02, 6.593214192897355e-02, 1.251831075979099e-02, 1.482967398570245e+01, -4.143126379208313e+00, -1.127057064787579e+02, 5.806463976867167e+00, -1.999959572335659e+02, 9.893460925141882e+01, 1.690899950911906e+01, -9.054725735943597e+00, 7.072263661714990e+01, 6.993162947005847e+01, -1.051030491813004e+01, -6.603822699145704e+00, 1.671706290718294e+01, 3.031646500956287e+01, -3.481715172386496e+00, 1.054706550473097e+01, 3.499708923011507e+01, 5.712826323285163e+00, -1.309030823136984e+00, 1.526117320339954e+01, -1.067077978623779e+01, -1.710924634561577e+01, 1.185795495730327e+01, -4.103748211057255e+01, -6.361965202914239e+01, -2.956749543781281e+00, 1.527044751300014e-01, 5.051236154861990e+01, 1.004377619884853e+01, 9.861999210946223e+01, 1.149538615522967e+01, -1.424508365541261e+01, 5.846534667374388e+00, -2.360651356396536e+01, -8.168485050267865e+00, -7.830775544122404e+00, -6.144005203607636e+00, -2.621870160136043e+01, -4.668539538332507e+01, -3.782145160533057e+01, -2.212864022280907e+01, 1.733570035689238e+00, 3.458137347712804e+01, 1.095450904600601e+01, 1.571428597537256e+01, -2.403815377532747e+00, 1.409505426233495e+01, -1.128570844102291e+01, -2.780646352771676e+01, 5.853626760562300e+00, 1.240531901448548e+00, 1.972499994663412e+01, -1.103298584207303e+01, 1.488739391985752e+01, 5.289629926907531e+00, 1.463322847767409e+01, 8.338896123486700e+01, 1.356160402748730e+01, 1.291528763229547e+01, 1.024377810345614e+01, -2.318311755148735e+01, -1.969771391871321e+01, -2.292553366410592e+01, 1.366718359337962e+01, -1.630280102538858e+01, -2.642144132178358e+01, -1.616449908875998e+01, -4.935513896544546e+01, -4.877243539807060e+01, -7.236380569102541e+01, -4.099434273771112e+01, 1.723719874824677e+01, 5.000841628412370e+01, 1.934586378987422e+01, 2.544868941050349e+01, 3.836973134454444e+01, 1.273241527392625e+01, 3.211716759385710e+01, -1.295232108814422e+01, -1.112987445412474e+02, -8.643565554578492e+00, 5.189532503488482e+00, -3.795011550139633e+01, 1.727233963595435e+01, -9.280556049401492e+00, 3.016243867230374e+01, 5.359047278194518e+00, 7.639428540207010e+00, 2.113254405960038e+01, -3.858302448960055e+00, -1.295249709509035e+01, -7.559178956121112e+00, -3.766994303238727e+01, 3.462739918848264e+00, 7.385213390426344e+00, -8.874228805505197e+00, 1.160133718345233e+01, 8.638605310874501e+00, 2.094076623984368e+00, -1.247898576940997e+01, 9.191060173232714e+00, 2.326604988683797e+01, -2.591827679446870e+01, -5.729021218510010e+00, -1.725844200719816e+01, 7.015103949941564e+00, 2.513507063517391e-01, -2.573587433057790e+00, 1.553738268506492e+01, -2.939793764102901e+00, -1.823828435129049e+00, -6.794050078067830e+00, 3.412849202353932e+00, -6.968402794979720e+00, 1.648694732678401e-01, 5.170888279070984e+00, -8.469649720587233e+00, -2.336753574474105e+00, -1.750155548419946e+00, 1.172559168339504e+00, -2.334822121637599e+00, 8.216039733829383e+00, -6.747235627272033e+01, 1.349082017783978e+01, -6.990996313018764e+00, -2.184988319481098e+00, -1.410147733187078e+01, 5.709633621885224e+01, -4.276659508547329e+01, 7.947116079209380e+00, 3.153896776147523e+01, -1.223380516435800e+01, -3.083813237510276e+01, -6.208198703124073e-01, -7.727344399734229e-01, -1.346451229987115e+00, 6.588885998376279e+01, -1.016607540660910e+02, 2.520998775227105e+02, 2.111204175823185e+02, 1.290431263859916e+02, -4.914120188683808e+01, -1.136537912681534e+02, -9.106996420683743e+01, -5.754642724815722e+01, -7.560475956138866e+01, -9.424791654383706e+01, -5.339131999511771e+01, 1.058136999319879e+01, 4.121264896912546e+01, 1.731431334948284e+01, 1.706601539635104e+01, 1.547368414849160e+01, -3.013254161106326e+01, -4.469696299090090e+01, -1.323608708335241e+02, -1.309900536103767e+02, -8.538716322803779e+01, 7.015089312721328e+01, 4.320000038512811e+01, 6.751212252442993e+01, 5.306274360951723e+01, 4.824340028470375e+01, 7.026216824462117e+01, 2.700962988760562e+01, -2.730923695544167e+01, -5.093225505437555e+01, -8.073500104884266e-01, -2.528828742396745e+01, 4.664132601942481e+01, -5.990659489502155e+01, 2.106336354803086e+01, 1.222080606320622e+02, 5.289275063773897e+01, 5.253047229949361e+01, -7.269709695797022e-01, -1.214660125948734e+01, -3.996877398137909e+01, -1.682518509340989e+01, -1.617467367850531e+01, -2.402457391461273e+01, -1.074330093322850e+01, -2.579095921698277e+01, -5.351845426432781e+00, 9.562495160795818e+00, 5.669009968544524e+00, 2.507465592240730e+01, 5.366507027019104e+01, -7.440188249141905e+00, -2.914143562339448e+00, -7.231755106164524e+00, 5.487360799832106e+01, 9.264975735556419e+01, 4.764102360208944e+01, 3.550313139347794e+01, -4.153675919116215e+01, -4.331733114731813e+01, -2.275644820600814e+01, -3.356491456451754e+01, -2.525013920410740e+01, -4.074586630371227e+01, -7.857927164834285e+00, 3.789267434832383e+01, 3.423186766310449e+01, -3.376582657136124e+00, 4.339639853058283e+00, -1.569433463020766e+01, 1.543259142635632e+01, -1.849287720401796e+01, 5.698143408717661e+00, 8.867376575680431e-01, 6.273274158082995e+01, -8.672013284446935e+01, -3.001523355487796e+01, 1.783638673913309e+01, 1.054435432026255e+01, 3.440417208997361e+01, -1.153227059486263e+01, 1.009670656910401e+01, 1.426554536013026e+01, -8.081411558429512e+00, 2.234029954028091e+01, -9.837421314876229e+00, 4.340431106590747e+00, -1.303005165758912e+00, 9.764255381775438e+00, -5.378016723095705e+01, 1.955174711773885e+01, -7.876916011019484e+00, -6.797662535598494e+00, -6.570285475607521e+00, -8.232468845646016e+00, 9.484522059224647e+00, 2.713048039652225e+01, -5.315353395282407e-01, 1.694850649080542e+01, -1.043055621913901e+01, -2.990623678534948e+00, -2.416930520498265e+00, -9.597432063546551e+00, -5.322189660314334e+00, -1.128727713971645e+01, -8.753507237488336e+00, 1.802679734556482e+01, -7.650484211207354e+00, -6.122585360181280e-01, 1.174711407506132e+00, -3.197564525704938e+01, 3.206158847799783e+00, -5.440287527837357e+00, 9.904112112891697e+00, 2.483506677300081e+00, 4.641092192392358e+00, -5.350859428216323e+00, -6.178481797146485e+01, -2.574266571851479e+01, -3.091276346650286e+01, -2.096996457284997e+01, -5.114501916858400e+00, 2.538292498529626e+01, 1.443440367601129e+01, 1.120464218872426e+01, 1.606491415276373e+01, 1.019076125328377e+01, 1.318119367823360e+01, -1.531709385529161e-01, -3.669379269176293e+00, -2.073590053965976e+00, -7.700948073949751e+00, -2.334831478957626e+00, 1.067151976707523e+01, -6.246022230746615e+00, -4.521204088442333e+00, 1.687912650813702e+00, 4.570632976663580e+00, 9.086870067132351e-01, 2.147593671665930e+00, 1.256479912544937e+01, 9.052734513024190e+01, 4.130468446960086e+01, 3.625224249377751e+01, -4.116378340398978e+01, -1.646412833385075e+01, -3.241149803424697e+01, -2.071203213497017e+01, -2.662004557334840e+01, -3.006376467016582e+01, -3.673759354890578e+00, 2.599709847536705e+01, 2.774846299801263e+01, -1.580682234095031e+00, 4.152914210900500e+00, 2.247522741421289e+00, 1.689401441878884e+01, -4.040974057594939e+00, 4.477465097887330e+00, -6.138954326392978e+00, 2.213720492427305e-01, -8.144274160893091e-01, -4.002795845032757e+00, -4.276314908619894e+00, 3.807379815129038e+01, -2.426401709549174e+01, -1.214413045837292e+01, 1.451940887747146e+01, 1.623460517450361e-01, 3.251257430042962e-01, -1.533194658048895e+01, 1.664486903677000e+01, -5.530313090687070e+00, -9.938451493224900e+00, 8.684576028661693e+00, 6.844943400785994e+00, 9.908556373206695e+00, -1.747851864125477e+00, -1.004696404837879e+00, -4.328606276963694e+01, 1.627402986843428e+01, -3.926519032026999e+00, 2.663047400477946e+00, -3.482406451927595e-01, 4.547494204725546e+00, -2.520012300086372e-01, 1.167548142252518e+00, -2.023360406941429e+00, -3.237604741867413e+00, -5.486502033224388e+00, -4.242620877250672e+01, -4.722984230452040e+01, -1.818691749304752e+01, 1.329233293399185e+01, 4.001624045005921e+01, 9.163524432353203e+00, -2.582543740801940e+00, 4.195423739082092e+01, 1.583079950187800e+01, -4.808462813302880e+00, 5.083647415033065e-01, -2.459468453016328e+01, -3.972260738171809e-01, 1.793611334142581e+00, -1.743606213469822e+01, 3.924539907369730e+00, -4.710618608669039e+00, 2.655602111964797e+00, -1.529635365280178e+00, 1.973582744080163e+00, -7.259220594073406e-01, 4.870790635062934e-01, 2.488972106226167e+00, -4.488301989543058e+00, 4.814992637661471e+00, -2.354200160560074e+01, 2.854176230743709e+00, 2.666332458110348e+01, -8.796026903346508e+00, -4.216175435026038e+00, -1.110610223112228e+01, -7.475065050019981e+00, 8.085048078819803e-01, -1.569993207790381e+00, 9.073199667493720e+00, -1.322728463104253e+01, 4.508531736584521e+00, -2.876672470390079e+00, 1.548724615416791e+00, -1.975503628308965e+00, 1.729732004686149e-01, 1.701481692251061e+00, 6.494099752478022e+00, 9.731587760558691e-01, -2.435039503355077e-01, -5.776642219320479e+00, -1.497169006614617e+00, 2.869466826480411e+00, -1.099272730361665e+00, -1.462524352620259e+00, 1.548442802299421e+00, 1.790533247649796e+00, -5.487630955783146e+01, -3.846886865976585e+01, -3.475861476470683e+01, -2.611839934372327e+01, 3.224273199438878e+01, 3.119356909377275e+01, 2.093730595409777e+01, 4.144541083511949e+00, 2.575938617793370e+01, 2.906357965118250e+01, 6.990725912283377e+00, -1.288502197652120e+01, -1.790819529098192e+01, 1.317205557374794e+00, 1.902436712979557e+00, 4.335776646748611e+00, -2.866272581089396e+00, 2.123127695492415e+00, 7.988355180485585e-01, -6.770342908552047e-01, -3.139724574102483e+00, 9.770178350674349e-01, -1.377297539391748e+00, -2.864667444673094e+00, 2.010392272102693e-01, 1.851213326155524e-01, 2.270235325464034e+00, 4.593588753720482e+00, 1.071573689097252e+01, -7.063499359254688e+00, 1.679325254855198e+01, 9.266220364711010e+00, -9.624111394193580e+00, -4.834909220502181e+00, -1.098007430568442e-01, -8.386473102921190e+00, -5.959957280215419e-01, -2.378722854784187e+00, -1.100350436742976e+01, 8.476867207239904e-01, 4.700404426614279e+00, 3.675144285237440e-01, -2.498552894127817e-02, 6.293967594083529e+00, 5.578309815709320e+00, 3.015417388044102e+00, -1.630120622783167e+00, -1.582692596805502e+00, -1.698164832125832e-02, -1.053599900999932e+00, -1.435752566129369e+00, -1.241204599233165e+00, -5.908891246671433e-01, 1.051240110903241e+00, 8.226269981852656e-01, 4.992309335048435e-02, 9.641743430689986e-01, 3.299977132245885e+01, -3.572010341460480e+00, 1.028994874683021e+01, 1.930904304417238e+01, -1.745170108124378e+01, -1.219090483243616e+01, 9.271553443630149e+00, -3.189608690218530e+01, 8.740605853768020e+00, 2.964080542767574e+00, -2.721569036367378e+01, 4.756272810798562e-01, -8.929257783789966e-01, 3.229285610651350e-02, 4.073842531269074e-02, 1.041077769692569e+01, -9.530218470933194e+00, 5.838754898505714e+00, 3.605847387297834e-02, -3.533157352014135e-01, 8.247642903002574e-01, -1.775582344581826e+00, 4.042894045625396e-01, -1.110856322685519e+00, -1.165862109953123e-01, 6.581995762299793e-01, -2.177393947241865e-01, 3.351522839858292e-04, 1.539166218048047e-03, -4.691918827781929e+00, 1.765438566205474e+02, 6.641035495119286e+02, -7.946209913150349e+02, 2.498513830763281e+02, -3.249207338139920e+02, 2.372345244755202e+02, 9.828370502193145e+01, -1.224778160659015e+02, -2.103115618867653e+02, 2.608318627895663e+01, 1.826970464273345e+02, 7.400696527167588e+01, -2.767452716839106e+01, 5.314951107257609e-01, 1.100054214169147e+01, -9.988460014781385e+00, -8.263894871038794e+01, -6.105755517561959e+00, -2.666195067789091e+01, 2.163044511451067e+00, 4.840345946196102e+00, 1.550852995213751e+01, 7.668384392731425e+00, 1.549888222404598e+01, 2.500113744640946e+00, -1.457315214669675e+01, -3.684698696601908e-01, 4.566422286881520e-01, -6.124656253239202e-02, 1.020142011393601e+01, -1.808947377712305e+00, 9.591302686879380e+02, -8.881690700577069e+02, -7.718502826013858e+01, -5.934300358012914e+01, -1.153461860798964e+02, 4.435568806757851e+01, 1.811022408876972e+02, -1.047460624990060e+02, 3.608569668879576e+01, 3.050447878680691e+01, 8.622733632713042e+01, 1.014679283929572e+02, -1.135574978404932e+02, 3.934479582771477e-01, 1.516417841618973e+01, -5.881607484310069e+01, -1.922637438029522e+01, 3.517748807821641e+01, 1.265214910830355e+00, -2.674978876689602e+00, 2.319669746648425e+01, -2.817448819188570e+00, -1.149782081753927e+01, -1.334919033346933e+01, 6.174262402007447e+00, -9.109001005741229e+00, -2.604200832270658e+00, 1.121342159206696e+00, -1.461409445342643e+00, 2.124516006353603e+01, 2.664146460219277e+00, 4.679653189579583e+00, -4.821950640595143e+02, -2.156790930596331e+02, 1.455783593214060e+02, -9.035294249549310e+01, 2.287533147499066e+02, -6.613022638249575e+01, 6.159685466896099e+01, 1.013864718570194e+02, 5.446647984965076e+01, 3.109009468695251e+01, 3.522783527113602e+01, -7.125597042475020e+01, -5.323427761440216e+01, 1.151786106142071e+00, -9.919406490706419e-01, -1.228880220442639e+01, 2.411819278486687e+00, 3.047894346381577e+00, 2.289954253888561e-01, -2.765472302420547e+00, 1.733431207288948e+00, -7.578050435905130e-01, 1.891100793170285e-01, 1.715116360115221e+00, 7.104880022777040e-01, 1.400073741237574e+00, 3.910090052458904e-01, 6.489780689137415e-01, 6.373781202403669e-01, 1.444006201432669e+01, 1.981346551451558e+00, 1.525701218776168e+00, -3.375788240972420e+00, -1.145663273169349e+02, 3.791024718040408e+02, 1.993021182815672e+01, 6.445413113911613e+01, -1.332788268178361e+02, -4.775217136331061e+01, -3.318268131367348e+01, -4.205481942493661e+01, -3.140901115587121e+01, -1.012030461243247e+02, -2.816421573459405e+01, 5.753053062539215e+01, 2.861867286579359e+00, -7.965091713172671e-01, 4.174363296743678e+00, -7.985304254325784e+00, -1.680563894737661e+01, 3.762320327276502e+00, 1.842773373909549e+00, -8.704395589274804e-01, -3.493454666152905e+00, -7.159125155889112e-03, 2.011533599714512e+00, 8.318801992426442e-02, -2.822358524448517e+00, 1.966395423434708e+00, -4.103972412254958e-01, -2.433857799715553e-01, 8.976473212486014e-03, 3.359486066540433e-01, -2.056404830073483e+00, 2.989593422499071e-01, 3.587951041130197e-01, -1.310526042440597e+00, 3.909516959468124e+02, -1.162598361154657e+02, 1.034568050801548e+02, 1.212549259852205e+02, 4.340465187737198e+01, -1.095504104713206e+02, -8.981741084645908e+01, 7.462701548458721e+00, -1.007920233703783e+02, -2.870139357918321e+01, -1.228081515156513e+01, 1.659008835116573e+01, 4.754661087601261e+01, -9.734008154655038e-01, 4.559105540349629e+00, -1.892935803331412e+01, -1.824132851227774e+01, 3.373139838801487e+00, -4.054549312287461e+00, -4.400773885807002e+00, 2.311661024524164e+00, 3.514569715630880e+00, -6.647523947066036e-01, -2.158405022820526e+00, -1.330631601562012e+00, 1.872108637063100e-01, -3.133421926125041e+00, -2.223408643225354e-01, -2.265026432561361e-01, 5.388395344046077e+00, 3.217593742910319e+00, 1.536666287339331e+00, -4.588492287490629e-02, 2.975142309194117e-01, 4.824665230262581e+00, -5.586431653537309e+01, 1.556278007223785e+02, -2.082767520088839e+02, 5.258701098577246e+01, 4.745773319404901e+01, 2.002458211518124e+01, 1.421311319560209e+01, -3.124231798676613e+00, 1.159580135280844e+01, 2.684348619757900e+01, 7.805437154798042e-01, -1.264882397456027e+01, -1.982214056619054e+01, 5.150095734334655e-01, 1.502440672923967e+00, -4.955354741833323e+00, -1.140696633534732e+01, 8.590914314130684e+00, 9.301522061005069e-01, -2.305885349190170e+00, -8.074576123025260e-01, -5.050202583041858e-01, -1.353877671813502e+00, 8.571283412815063e-01, -2.873352769357926e+00, 7.825650982782154e-01, 6.532667931581260e-01, 7.870697669044012e-02, 1.242108883949524e-01, 4.853807169350207e+00, 6.544135926707545e-01, 2.834569541281030e-01, -1.216633631354610e-01, 2.227207802981771e-01, -7.641140871042412e-02, 1.005743653023348e+00, 1.664166796360673e+02, -1.454627281373896e+02, -1.255255697166955e+02, -2.329393546293612e+01, -1.488705947429619e+01, 2.057842735469735e+01, 4.034473547997986e+01, 5.529919945673949e+01, -1.128399389961737e+01, 1.052648442801086e+01, 2.586032117888809e+01, -1.869756626021377e+01, 8.166789630200530e+00, -7.718415531915913e-02, 4.724389803926701e+00, -5.875781357123524e+00, -1.128803202373102e+01, 1.331131114815527e+00, -1.365391668966208e+00, 1.010548669324076e+00, 4.357096398007495e-03, -1.440057131943922e-01, -8.296027252557318e-01, -1.683536464692436e+00, -2.317898200690151e+00, 8.985241957537229e-01, 1.073304106171276e+00, -1.196352580732509e-01, -5.372234866739208e-02, 2.509728583969556e+00, 3.951408341636433e+00, -3.362055218086935e-01, 1.781263458384405e-01, -1.811834322846986e-01, 4.742441378888010e-02, -1.321758938221093e-01, -4.281388898928323e-01, -9.904115731552943e+01, 2.750044286951551e+01, -8.178460788287529e+01, -2.639034383882069e+01, 2.821375005119955e+01, 6.472074041161751e+01, 2.462044762968597e+01, 1.251469644408195e+01, 5.400341432079966e+01, -2.064257416798367e+01, 3.851219233920988e+01, -2.131833571568131e+01, -3.111792464139612e+01, -7.004039633082064e-02, 7.210354303275247e-01, -1.180914454357593e+01, 1.040652898723754e+01, -2.394343572871139e+00, 1.933242607388331e+00, -3.080683370059379e+00, -7.717107524957963e-01, -1.633624080363617e+00, -8.631411644202971e-02, -6.999808041424037e-01, -2.321370652966453e-01, 4.413169506261120e-01, 6.335075815670379e-01, -3.225941939991851e-02, 3.841977341760164e-03, 2.021643944203432e+00, 8.470248301985772e-01, -5.091381397285266e-01, 1.018221560190695e-01, 6.866585935084280e-01, -2.663838255004393e-01, -1.821001375610248e-01, -7.452090204914379e-02, -1.310385098892878e+00, 1.450503798443744e+02, 1.048841795206435e+01, -1.564632620905684e+02, 5.190336562567635e+01, 2.169484038406601e+01, 2.681515802037344e+01, -4.663971606378318e+01, 6.756225011573896e+01, -5.283069658053618e+01, 2.248559155673419e+01, 1.082211694345897e+01, -8.757526000642912e+00, 3.203243961230690e+00, -4.660476333040099e-01, 1.799526075522548e+00, -1.152102043433448e+01, 6.031206861510597e+00, -5.614812882980032e+00, -1.773673457739051e+00, 2.042933624648933e+00, -1.029097677490968e+00, -1.482346915876472e-01, -8.135983276133023e-01, -1.794209351524026e-03, -8.092924956923474e-01, 5.693559632372858e-01, -9.622295782387312e-01, -2.502510009555322e-01, -1.160756436736247e-01, 1.812319012154493e-01, 6.102074238271533e-01, -8.146915521278424e-01, 1.993116763292481e-01, 1.309627759012347e-01, -2.017056957235076e-01, -2.220149554348558e-01, 5.024508753984515e-03, -1.062440619903326e-01, -2.352427536505715e+00, 7.248341691713743e+01, -4.928472827897511e+01, 3.403823838928624e+01, -1.994611363031692e+01, -2.509877623342026e+01, 1.268792782498471e+01, -1.013034441401339e+01, -2.507829868997361e+01, 1.626243129457674e+01, 2.356170201730994e+00, -2.310106338366965e+01, 1.067575701878256e+01, 7.465323326108121e+00, -3.786786887295643e-01, -7.776968188264156e-02, -1.146701906130956e+01, 7.844137253004093e-01, -1.876328328629490e+00, 7.399486725683309e-01, -8.873920947781081e-01, -2.803811246274679e-01, 6.818867599864312e-01, 4.712274656714945e-01, -1.414681391995668e+00, 3.856630688090268e-01, -1.064044109023164e+00, 4.717602049532897e-01, -1.015949939518286e-01, -1.927869384107540e-02, 3.290049581774546e-01, -3.175871545732085e-01, -3.321369299906387e-01, 1.990082901411052e-01, -3.323097363496144e-03, -1.161357470455327e-01, -2.529675981767434e-02, 2.913347958275125e-02, 2.206319011976574e-01, 1.605678910671109e-01, 2.150132951606617e+00, -5.132989249814182e+01, -1.071770117906326e+02, -5.026795560177121e+00, -1.399025321187895e+01, 3.215949586732750e+01, 7.014701217542650e+01, -3.297440651792265e+01, 2.925350241576307e+01, 3.763148083176198e+01, 3.522737130090147e+01, -8.011404831870083e-01, -1.228689222557544e+01, -3.641571587217257e+01, 3.302542439721997e-01, -1.298150794412811e-01, 5.300491000079401e+00, 3.005600301977336e+00, 1.322753727126958e+00, 8.531151976459237e-01, -2.114607994030961e+00, 9.129344627735740e-02, -1.967652740124637e+00, 1.382173748488096e+00, -1.067739767323220e+00, 1.340982603746563e+00, 3.095790142499356e-01, 1.412511264129062e+00, 9.917507169493900e-02, 3.284408866589386e-02, 7.597079165269034e-01, 1.880541669652213e-02, -3.338965971732848e-01, -2.325473826786610e-01, 3.427381213994952e-01, 2.628262669982528e-01, 3.395262672078303e-01, -1.317582343745788e-01, 1.251161763811067e-02, -5.735000800099172e-02, 3.329144497840009e-02, 5.857343603468611e-02, -9.723118162590394e+01, 2.198544888844616e+01, -8.812966148432764e+01, 4.200213156318782e+01, 8.996816803525162e+00, 4.405651069248239e+01, 5.011530642597386e+01, -3.908832313229764e+01, 2.073694114408353e+01, 1.661801896257894e+01, 1.837707401013762e+01, 6.063828010122778e+00, -1.951531697940365e+01, 2.399874262658314e-02, -1.886451265323850e-01, 2.766124295909301e+00, 5.636713834648165e+00, -2.628588265401929e-01, 9.504045754059098e-01, 2.134728399220299e+00, -3.866469413653048e-01, -1.981480464928063e+00, -8.238439705610379e-01, -5.777730408415743e-01, 8.409160565212700e-01, -3.778698085352672e-01, -1.745143779259800e-01, 3.419184462460027e-02, -1.222261185275127e-02, -2.310601234392365e-01, -8.565745400800460e-02, -4.299496684011654e-01, 3.113719014703114e-02, 3.110977555440582e-02, 1.277528624368595e-02, 6.446798802604913e-02, 2.272584476743156e-05, 1.489801343936755e-01, -7.444708861335485e-02, -5.124758246028810e-02, 2.609387454296202e-03, 2.035123132495154e+00, 8.289882619775097e+00, -4.204303295741298e+00, 1.410058250470526e+01, 1.609127018393392e+01, -7.224341377500193e+00, -5.964554779903788e+00, -2.372447695028687e+00, -7.226359514882975e+00, -3.226694465969003e+00, -2.207173249347752e+00, -1.135526149927058e+01, 3.026246483588962e+00, 5.838663353409324e+00, 1.118408338243745e-01, -5.333460381776784e-01, 2.363450909932259e+00, 7.709920513114417e+00, 2.194380044283166e+00, 4.757089009317497e-01, -1.650521054058458e+00, -1.840991808740353e-01, -3.316224922380151e-01, -5.810486974179079e-01, -3.145260959051487e-01, -6.860464553690954e-01, 7.205503389268714e-01, 1.818594697491667e-01, 6.561159428344973e-03, -1.388333488839095e-02, 1.759533080607901e+00, 1.032864988653875e+00, 5.929291346828697e-01, 1.339749187299652e-02, -3.540684275438823e-02, -2.116268158002326e-02, -6.974655214552845e-02, 7.916165906543616e-03, -7.959824898070846e-02, -2.070008166778653e-02, 2.099849400504264e-02, 1.745892918375140e-02, 1.488885380425072e-03, -1.045848570548701e+00, 2.050549502947304e+01, -6.734302410722558e+00, -1.058220598636247e+01, 8.442997671101587e+00, -5.132971471609059e+00, 5.587917023312468e+00, -1.488073026066649e+00, -6.087364159961087e+00, 6.698834399245977e+00, 5.003478537706955e+00, -1.267961068591488e+01, -3.146664350841744e+00, 1.278663752276401e+00, -4.594471773045321e-02, -3.236666852264487e-01, 1.457741222470657e+00, -1.675499243164110e+00, 1.105300794564079e+00, 8.396881655267451e-01, 5.458924591109381e-01, 4.785446157019496e-01, 3.663810157399141e-01, 5.285645644281277e-01, 1.350990974532628e-01, 3.485899673433721e-02, -3.554231245059953e-01, -4.067024478732907e-01, -6.723429079830846e-03, -1.040227960443156e-02, -3.005628390908934e-01, -7.257959435875481e-01, 8.721907233240461e-01, 2.723714662707183e-02, -3.060584069041190e-02, 3.627927720285466e-02, -5.111259141628097e-02, -3.764116582068493e-04, -5.395757404279498e-02, 9.873348883281423e-03, 1.006957020059704e-02, -1.335517239490810e-03, -2.820687472984812e-03, -4.334725660928866e-03, -1.577796181185253e+01, 1.723140466687893e+03, -3.725227591662410e+02, -3.478173677074569e+02, 7.766027669241195e+02, 1.404631630422836e+02, -1.470657815785994e+00, -3.352440668476516e+02, 6.756496150230606e+01, -3.534638076950811e+02, -3.602787359563606e+01, -2.484201563001363e+02, -1.157284107250953e+02, 1.709025005360980e+00, -6.144423363029401e+00, 7.118368572419846e+00, 3.044656980055148e+01, 1.222768292345466e+01, -6.217713553901405e+00, 2.165399054036111e+01, -9.199850289897225e-01, -4.849016170454143e+00, -2.004075926583196e+01, 1.265232585358766e+01, 1.479380043768511e+01, 1.855137267026731e+00, -3.644258264279469e+00, -1.050247872031776e+00, -1.273487771824301e+00, 4.839154891389932e+00, -1.302016654659222e+00, -5.099277188407823e+00, -1.392203863451074e-01, 4.932737868624313e-01, 2.786601934023019e+00, 3.182634391292899e+00, 3.050774613422615e+00, 6.929192636548004e-01, 9.328698651782918e-01, 1.242785155666932e+00, -1.754849544397691e-01, 2.852739608414399e-01, -4.808580164017811e-01, 2.453633245238380e-02, 5.842756189915129e+00, -4.468240768483721e+00, -8.838567537348027e+01, -4.832423321896184e+02, 8.949590923213583e+02, -7.536882159012251e+00, 1.831150429366445e+02, -1.479389942326240e+02, -8.773878630738636e+01, -9.418002017051538e+01, 5.428912163042805e-01, -9.725999127887648e+01, 9.356046604355143e+01, 1.038599798623861e+02, 6.738837993166547e+01, -7.292231124973738e-01, -6.426144937512253e+00, -1.554560003634629e+01, 2.593698134695552e+01, -1.423678439003475e+01, -6.166198293592733e+00, 1.032810704612234e+01, 6.677916705995904e+00, -1.838998610969353e-01, -1.577313820578549e-01, 8.280940247958666e+00, -2.754833920196307e+00, 1.296960473475950e+00, -5.698543117281849e+00, 2.862911651599128e-02, 1.633223525087336e-01, -1.039133238550074e+00, -5.601682371396569e+00, 1.121156798952977e+00, 3.773665956132987e+00, 3.452969655645644e-01, 8.903667290751943e-01, 1.593610473004820e-01, 4.042929064326818e-01, 8.552236012443090e-02, -1.535690669530644e-01, 1.822175613168673e-03, 4.314521068089693e-01, -5.190166304395126e-01, 1.026845661803222e+00, 7.154594225617625e+00, 4.286367390913616e+00, -1.321284067206437e+01, -2.719508218959060e+02, -2.253086042126324e+01, 2.035445581172638e+02, 1.708290471233892e+02, -1.785955207440665e+01, -1.073992593983302e+02, 1.999734320542150e+00, -3.935447512825690e+01, -2.942956377622913e+01, -7.898340539305690e+01, -1.154522321607953e+02, 2.485644894749986e+01, 3.311734383685536e+01, -1.016169987230407e+00, 1.076795198812614e+01, 2.647212072086290e+01, -2.541165246031067e+01, -5.704937885428259e+00, 5.877115594058687e+00, -5.802865247733699e-01, 9.964718706408393e+00, 1.642357143726898e+00, 1.142862668897515e+00, 5.504477090034818e+00, 2.469592680071456e+00, -5.310360702419140e-01, 1.505790572503599e+00, 7.630628689936397e-02, 9.337458564609751e-01, -1.114448843650243e-01, -1.945298650780741e+00, 1.775901116020241e-02, -7.466267027542065e-02, 1.935087143793012e+00, 6.413878944011016e-02, 6.564690145042218e-01, 2.782372116501831e-01, 5.024953686726608e-01, 1.133623665584708e-01, -1.715394445861888e-01, -1.332971824495395e-01, 7.279696670778990e-02, 2.136486364082638e-01, 5.167072335880357e+00, 3.454643735523162e+00, 1.111162322168361e+00, 1.623084747888855e+01, -9.707482289224123e+02, 2.672693910756474e+02, -9.388177450992619e+01, -7.677576718241589e+01, -4.945899173126308e+01, 1.443216992750421e+02, 4.336149992588074e+01, 3.167091425307521e+01, 1.152479529748525e+02, 1.515169680262536e+01, -1.421899111547702e+01, -1.072143061475844e+02, -3.495697326095133e+01, 1.202612696531825e+00, 4.194780710742980e+00, 1.452134073215276e+01, -1.583379431259994e+00, 6.463125419235212e+00, -3.895187896364254e-01, -4.283037402529927e+00, -4.026282248093369e-01, -6.572464218662095e+00, -7.583744031831152e-01, -2.794096854155607e+00, -3.538846619128800e+00, 6.820478549567622e-01, -3.806010966194498e-02, -6.792397068143355e-02, 4.394331365451078e-01, -4.200415909965738e-01, 1.210643087270026e+00, -5.330907475956987e-01, -7.623684911351605e-02, -1.997583916149520e-02, -3.502112065233179e-01, 4.766355997212889e-01, -5.550278758411775e-01, -1.979824367067771e-01, 1.491934563525452e-01, 3.353379932162033e-01, 2.181616556027339e-01, 4.058292087527829e-02, 8.353630734241900e-02, 8.823924066269423e-02, -3.278549040000011e+00, -6.941287204109491e-01, 2.160771668665887e-01, -1.900203966450934e+00, 3.809436342728899e+02, -8.423685171937503e+01, 1.312201872368541e+02, -1.060863667536617e+02, 9.628144851892233e-01, -9.490345689391590e+01, 8.453258225085763e+00, 4.151198483704185e-01, -1.028266506144468e+02, 8.677342093273728e+01, 2.769782997228189e+01, 5.951988952075435e+01, 4.860304388286908e+01, -7.749772007916352e-01, 8.922693166424974e+00, 1.900278725005526e+00, -4.492645940448497e+00, 2.580466255434724e+00, 4.359452517683330e-01, 1.377167736859286e+00, 2.141039460656137e-01, -1.513255627708849e+00, -5.072457604932034e-02, -2.049359449499935e+00, -7.790532833531573e-01, -8.580578978654445e-01, 2.814438315139089e+00, -1.461699359637519e-01, 5.032676938439022e-01, -2.626403223559568e+00, 1.191177049676522e+00, -2.247135990107721e-01, 6.373821829039387e-01, -5.398295097852244e-01, 4.113300774577516e-01, -2.786779795040967e-01, -3.190937223393819e-01, -6.908311549319099e-02, -2.380125827525744e-01, 2.214105807368509e-01, -1.972553197206307e-01, -4.579608859485550e-02, -6.699109151155022e-02, 4.476996321221261e-01, -5.077790307124940e-02, -4.993967664644628e-01, 5.992738839307880e-01, 4.880306924610969e-01, 2.633817064945229e+00, -1.862246181335595e+02, 1.346454414982175e+02, -7.381602285543935e+00, 8.081059480365960e+01, 1.244420847884751e+02, -7.951023948484119e+01, -2.374108387159573e+01, 2.332524065630295e+01, -3.117655689821009e+01, -3.771919389292629e+01, 1.313769652245332e+01, 8.990808276138004e-02, -1.055173429813331e+01, 2.412418044331446e-01, -7.280811054978619e-01, -5.888642153686714e-01, -7.585261958500374e+00, 6.147862108035967e+00, 1.635475530730785e+00, -1.839942054028386e+00, 3.929764728736359e-01, -3.484957151179112e+00, 3.835638946182193e-01, -1.820911426309883e+00, -2.939783456570078e-01, -4.455545571201290e-01, -2.968922607219106e-01, 2.197877782608443e-02, 2.350399581800784e-03, -1.298961381682759e+00, 1.591145227666167e+00, 8.801731705705731e-01, -4.043231613023899e-01, -4.033882549551755e-02, 5.800324057944615e-03, -1.139980924829010e-01, -1.989094847878025e-02, -8.275844722346021e-02, -1.352778894096481e-01, 1.685157437753440e-01, -1.346567350222181e-02, -1.100400895988809e-02, 4.169539343848679e-03, 1.527299799339208e+00, 4.916322191243118e-01, -2.172799046118620e-01, 4.947969047305778e-02, 4.009568936050346e-01, 7.851402080623432e-02, 1.253048788800859e+00, 4.219488545510285e+02, -1.634106794150186e+02, -6.727621962399529e+01, 3.362730073084484e+01, -9.727639708132989e+01, -5.250462382258843e+01, 1.911233545674437e+01, -1.097366428795361e+01, -7.021648380764969e+01, -1.144622198205150e+00, 1.264602057814060e+00, 2.569243891824323e+01, 6.378604247862184e+00, -4.250548543499083e-02, 2.051664779191315e+00, -1.415797854120696e+00, -1.541936510553317e+01, 1.354996373235392e+00, -2.156736539602836e+00, -4.278925420201669e+00, -1.177635201280095e+00, -1.450235554202190e+00, 8.654613246911280e-01, -4.348768779472004e-01, -1.479171646520486e+00, 7.393666483141468e-01, 5.258699887917350e-01, 1.467766465285048e-03, -4.453930553002453e-02, -2.565369217656883e-01, 1.139872414186016e+00, 1.034794639962285e+00, 1.997856960808227e-02, -1.168013972678741e-01, 2.989573594026091e-02, 6.632702760467486e-02, 1.901742379386695e-01, 1.157836667290219e-01, 1.691067612545744e-01, 3.266691094267435e-02, -2.999595434407935e-02, -1.397174681946247e-02, -3.947666356235410e-02, 1.869696386095032e+00, 9.115783667413214e-01, -2.403508688246044e-01, 2.014453443020683e-01, 3.217728720603063e-02, -6.655620887511724e-03, 4.145749219111768e-02, 4.773906537391785e+00, 6.572519600218274e+01, -3.844304310604799e+01, 6.065978542719054e+01, 2.367464659253116e+01, -8.042646297504144e+00, 3.448308771158450e+01, -5.560557399480481e+01, -3.004272595083685e+01, 1.473426308302080e+01, -4.900484663522614e+01, 6.479507247104996e+00, 4.588358612897955e-01, -2.040327233585699e+01, 9.933530619451134e-02, 1.089795196980483e+00, -1.168391990450939e+00, -2.045346955929037e+01, 6.108826136238434e+00, -1.643131513620546e+00, -1.702499433424221e+00, -1.333475340928734e-01, -2.695395925119136e+00, -1.932660940363838e+00, -2.307717654978986e+00, -1.157447268759622e+00, 1.019340228720467e+00, 9.445986982654924e-01, -7.414534865765164e-03, -8.733080317469123e-03, -6.238098633587069e-01, 1.504649880160208e+00, -1.443000238474544e-01, 3.719608655337064e-02, -4.813167106027925e-01, 4.732718944815681e-03, 9.180923504602598e-02, -3.758538733884982e-02, 1.370461413756131e-01, 1.883585793017621e-02, 2.180092775564165e-02, -3.152142248249191e-02, -6.046731176851690e-03, -7.883808424051312e-04, 1.394604870461259e+00, 5.214203727930767e-01, 9.902945661769552e-02, 6.245065955519390e-02, 2.917146782351169e-01, 4.030777159783908e-02, 3.867269600892569e-02, 3.705814420790120e-02, 1.088270666101508e+00, 4.943255372978706e+01, 1.281011316184645e+02, -1.009275628694163e+02, 5.564347342025012e-01, -2.858893798322219e+00, -2.542028456152018e+01, 3.015114952520679e+01, -1.903353970272313e+01, -2.326939525183809e+01, 2.784162792318727e+01, 2.903100828100117e+01, 2.543710997715012e+01, 1.088108410597919e+01, -5.817806380642231e-02, 2.041409954769175e+00, -9.499540884647814e-01, -6.016438430733248e+00, 2.203674226869465e+00, -2.947891620802910e+00, -1.463432301108222e+00, -4.838210959803370e-01, -2.051917785287976e+00, 6.160157466276370e-01, -4.442632350797063e-02, -1.278742991000235e+00, 1.082676014795706e+00, 6.778112751999739e-01, -1.154113104592026e-02, 1.011663167887036e-02, 2.182622571327284e-02, 4.729321047492448e-01, -3.661112527389423e-01, -8.085657360750556e-03, -2.009663680525381e-01, 4.701163410442485e-02, -1.181023926723434e-01, -2.516285258566677e-02, 1.643380338527168e-02, -7.839391831565364e-02, 5.442110084150478e-03, -1.077923598847620e-01, -7.084988167515936e-02, -4.417740419942461e-02, 1.382682392425593e+00, 3.569301584122303e-02, 8.627645585166573e-02, 5.966333019893818e-02, 1.795689368053037e-01, -2.021806080724046e-03, -1.750521409720483e-02, -4.917430873424463e-02, -1.827396733853726e-02, 3.936402605237975e-01, -3.838014259009606e+01, 4.627736678690177e+01, -4.674543051601632e+01, -4.329736988886752e+01, -5.860021820411356e+00, -3.099554797719143e+01, 2.840114715144123e+01, 2.743668075592536e+01, 1.236396938688501e+01, -8.297009921060228e+00, 1.570905102783521e+01, 2.717185421834792e+01, -1.951918810422181e+01, 5.063534857133495e-03, -1.759585758381842e-01, -5.489985168576266e+00, 1.327761156786930e+00, 1.008014184082022e+00, -8.900492164894541e-01, 7.205448638580982e-01, 8.444671758407507e-01, -2.862445574728444e+00, 3.834315202759249e-01, -8.785153932385622e-01, -6.986259693817766e-01, 2.184537466944712e+00, 1.117798854169857e+00, -3.944335515382892e-03, 3.800952057757445e-02, -1.771655087359131e-02, -7.338298717357400e-02, -8.526508109592894e-01, 5.809483047101415e-02, -1.895974327294176e-02, 2.320534213487975e-02, 8.065595577668627e-02, -7.391458770438668e-02, -1.674870556534648e-01, -4.746318851560550e-02, -3.978527383291487e-02, 2.480642595778462e-02, 1.040517051474622e-03, -7.907982992680477e-03, 5.865499206319645e-01, 5.197605791951910e-01, 5.739880426887373e-01, -3.729556583040245e-02, -1.733251076127047e-03, 5.911395383798340e-02, 6.223829372770987e-02, 1.037759236636911e-02, 3.940361640267013e-02, 2.147846279002770e-02, -4.366676914657500e-01, 4.294957562053171e+01, 2.339034416154337e+01, 9.981938464087570e+00, 8.203694280094142e+00, 1.515795005739968e+01, -1.864387604380607e+01, -2.374923165847050e+01, 3.374707519640597e+01, 3.404611881984311e+00, -2.934749358965327e+01, -1.794770536366781e+01, -2.728470507599954e+01, 1.419865262913132e+01, 7.871169647796530e-02, 1.544930782606325e+00, 5.439498292829978e+00, -6.484824991192100e+00, -5.395382360173671e-01, 1.223790003084643e+00, -1.088327014025122e+00, 1.205098383878213e+00, 1.142094832314058e+00, 8.439418166693125e-01, 1.497372748065289e-01, -8.391137149678788e-01, -5.440434783154395e-01, 4.378344561548941e-01, -7.099555451289701e-03, 6.185746984578041e-03, -5.238096414312264e-01, 8.040801349003696e-01, 4.118121897568975e-01, -1.765530690140575e-01, 1.242663786835770e-01, -1.712962122748468e-01, -7.689621440623254e-02, 1.158848286652865e-02, 1.515814897766752e-01, 2.982759233462916e-02, -1.328702751413886e-02, -2.275538024765893e-02, -1.886987109270402e-02, -1.175182886038895e-02, -3.726583458889875e-01, -6.608103430106389e-01, -1.422747026601091e-01, -2.496659049098887e-01, -1.890407731987992e-01, 4.341714771640629e-02, -8.483669643692052e-02, -8.298768380210318e-02, -2.296182119413637e-02, -2.030227052363866e-02, -6.063224709617376e-03, 4.936836931951382e-01, -1.237122237340953e+02, 9.735641552928778e+00, -5.665760673316615e+01, 6.054540640061636e+01, 2.113999204300545e+01, 6.999965759616565e+00, -2.715241873212247e+01, 2.737808590143500e+01, 5.182604951376030e+01, -1.459708642741734e+01, -1.733410922160986e+01, -8.718483709428915e+00, -8.570538930457515e+00, -1.422055859910128e-02, 1.689703336924948e-01, 4.828382393971213e+00, 2.241788494395417e+00, -7.877282088115152e-01, 1.641229025016263e-01, -5.326172608168633e-01, -3.042659215245834e-01, 1.181399316093732e+00, 2.953413182930782e-04, -7.019494884427453e-01, 5.974067579840125e-01, 2.635898184079991e-01, -1.850964955905010e-01, -9.005538284511698e-03, 1.122378362840418e-02, -3.017624978768804e-01, 1.078199551627886e-01, 3.189088794387843e-01, 3.515658252619587e-03, 5.347098459637344e-03, 5.130187368999152e-02, 6.781374843044506e-02, -5.303334596293325e-02, 7.626554489548873e-02, -2.875928357401173e-02, -3.592938908440633e-03, -1.331670047042836e-02, 1.206280016740230e-03, -1.415577398228492e-03, 1.824789166401820e-01, -5.992302404612693e-01, -1.125371500759990e-01, -9.998536062675240e-02, 6.190990031950585e-02, -6.515645835247615e-03, -3.313680059841646e-02, 4.245227028891877e-03, 2.341765850078169e-02, -1.250984013200855e-02, -3.762192025477490e-02, -6.857365825816044e-03, -2.651653214237131e+00, -1.205532721746112e+01, -2.560186430507936e+01, 7.693593170071106e-01, 6.193820750540465e+00, 3.197860975008852e+00, 1.210297162979605e-01, 6.633560132964386e+00, -1.789755105926520e+00, 5.693797392155598e+00, -7.725007501496722e-01, 2.155173059236547e+00, -1.559267721225751e+00, 6.618974338057885e+00, -2.215392797699549e-01, -2.235650468776932e+00, 5.039827732381068e-01, 5.382770666037621e+00, 1.576612443114014e-01, 2.734611986149642e+00, -3.680851219696080e-01, 2.956583369791048e-01, 2.360306843404839e-01, 1.137837983116855e+00, 3.442184729443284e-01, 1.377338030196018e+00, -1.525197685091300e-01, -3.703482689452186e-01, -2.518474940228632e-02, -5.076997303539095e-02, 2.972419412785144e+00, 3.709473859746999e-01, 1.848978269273639e-02, 2.048629131730723e-01, 2.464184760896637e-01, -1.359361819281769e-01, -1.012313352426016e-01, 1.122672338796249e-01, 1.086506046320194e-01, 2.324211065277205e-01, -5.237194084901999e-02, -6.739306432348724e-02, 1.787371025640293e-03, -5.970891854836062e-05, 2.183682017897992e+00, -7.205629056722432e-01, -1.728732326229156e-01, 6.057048891511659e-02, 1.006428901836756e-01, -3.505808551971059e-02, -5.750823263576549e-02, -2.278058066048336e-02, -4.387526865591502e-02, 1.566304440717801e-03, -3.421433952407230e-03, -2.247963714577911e-02, 5.177451540576891e-03, -1.039265431745346e+00, 1.164510659275092e+01, -1.181910047689206e+01, 1.122292402515133e+01, -5.438768984209456e+00, -1.323297467784767e+01, -4.927808142009697e+00, 2.074941186639201e+00, -1.022550318921317e+01, 4.467651911584801e+00, 7.206796193485987e-01, -6.941467996921270e+00, -4.503087192051964e+00, 1.949966662589437e+01, -1.533552200969963e-02, -1.071281265382439e+00, 1.098528456319733e+00, 4.298154985782060e+00, -6.881427005448337e-01, 1.533981835555366e+00, -5.109464653647121e-01, -6.709794905538374e-01, 3.610584765830229e-01, 1.021939889733197e+00, 1.584382339323924e-01, 4.094889108720048e-01, -1.150015380498522e+00, 4.020860375347767e-01, 7.783921047005316e-03, -2.409077926318449e-02, -2.129684830304276e+00, 6.807491535104113e-02, 1.142132492030202e-01, 7.103141005764719e-03, -1.414101674347100e-01, -1.464164508936104e-01, -2.603710630420521e-02, -1.281135073406410e-02, 7.476976899725338e-02, 4.437690757187416e-02, -1.072921971530419e-01, 1.457126474901585e-02, 3.922102163012354e-03, -8.717232791555023e-03, -8.541810724101098e-01, -6.833102593901647e-01, 3.265745788400118e-01, -1.739083475498849e-01, 6.423246872119839e-02, -2.534581507364039e-03, -1.675551180048054e-02, -6.125467109283805e-02, -4.642128675667389e-02, 6.741580954371968e-03, 2.033579363535356e-02, -1.507155152242788e-02, 1.061484513877474e-02, -9.234249701268481e-03, 1.076418270753775e+01, -7.883859041721151e+02, 7.581659408447365e+02, -4.845699173191414e+02, 5.597078765357934e+02, 1.013205177701619e+03, 4.936351851573103e+02, -4.484072413393222e+02, 4.670988809724806e+01, 1.081831636039760e+03, -5.475293022190843e+02, -3.537575708591943e+02, -8.655672039608999e+02, 6.096498285203992e+02, -7.423346602727762e+00, -1.638980132567256e+01, 4.166018015697449e+01, 7.951287487789037e+01, 2.580969196987296e+01, -1.185105821082193e+01, -3.523112407393465e-01, 3.824674680276143e+01, 1.600205181600432e+01, -5.987996543375139e+00, 1.470856511070558e+01, -4.520808225321655e+00, 1.937893919520046e+01, -1.920670276609447e+01, -3.469867885156166e+00, 5.188588396337702e+00, -4.644337337039982e+00, 1.641505146405434e+00, -3.049517256544425e+00, 2.444812251063920e-01, 1.888967780219697e+00, 4.617954122079759e-01, 2.507823440185449e+00, 9.420599288081845e-01, -2.075504091200191e+00, -1.078079783217924e+00, 4.051750474714096e-01, 2.081660055423428e+00, 1.326236937062140e+00, -8.993585449838706e-01, 2.624291285221950e+00, -9.876850997182633e-01, 2.636232905969178e+00, 3.520240936158940e-01, 8.888083240176807e-01, 1.253211621614169e+00, 7.234741774564888e-01, 1.233037996662171e+00, 1.663218160497652e+00, 8.354487657568199e-01, -6.097767279623759e-01, -8.375784208149630e-01, 4.119776842263836e-01, -1.759020633186328e+00, -5.250010100761219e+00, 4.028308414827735e+01, -1.143392235080452e+03, 2.921599261960444e+02, -2.989182543689007e+01, -6.962132908223408e+02, 2.828660378908421e+02, 2.318847101876252e+02, 1.110123281218289e+02, 1.552061279432163e+02, 6.044613620126946e+01, 4.920031408143288e+02, 7.279469699119546e+02, 5.333670040736182e+02, -4.915164017390402e+02, 5.893585455230355e+00, 1.861663864111714e+00, 3.450784040420405e+01, 1.147634355062511e+02, 4.861166607309862e+01, -9.408845409721575e+00, 1.848728508136286e+01, 1.125462335989912e+01, 5.422089172963147e+00, -4.160643892046937e+00, 3.868458125697033e+00, 7.371735690761105e+00, 4.920325081279281e-01, 1.326420789642292e+00, -3.394071869171641e-01, 1.513247962009500e+00, -1.485680716369244e+01, -3.775037854157410e+00, -5.424950162747551e+00, 4.978527076608468e-01, -2.195980589792990e-01, -1.954252627189785e-01, 7.427313637526672e-01, 3.077384382799674e-01, 3.333655047989810e-03, 3.945026461252792e-01, -7.295995145239395e-01, -4.515250978542524e-01, 1.192663276740661e+00, -1.195044447009160e+00, 1.964631687872055e+00, -3.471598540955400e-01, 2.716689596528785e-01, 5.512923616944380e-01, 1.213497225469275e+00, 1.849756239175283e+00, 1.270954869015782e+00, 4.310714146981979e-01, 8.017704201397693e-01, 7.391263611246909e-02, 1.661262437111254e-01, -1.851850443850340e-01, 1.839178416698187e+00, -9.471533628610549e-01, 5.675321690047529e+00, 8.586962214279355e+00, -1.180826650341589e+01, -3.004548034494598e+01, -9.733645862797518e+02, -2.889466261811026e+02, 7.030986107577911e+02, 6.382468129495919e+02, 1.499863090899254e+02, -4.761255509215169e+01, 6.310321767647620e+01, 8.850707116812190e+01, 5.896559614106851e+01, 1.460754521853602e+02, 3.632618031713363e+01, -8.461183399842825e+01, -2.763239735025361e-01, -9.548317441903704e+00, 5.392616565405934e+01, 4.251072242698513e+01, -1.201716740193956e+01, 5.806705580466960e+00, -4.082647237622650e-01, -1.294991433111327e-01, -6.525238139054689e+00, 1.351693099458092e+01, -1.267121250275806e+00, -2.433201241398898e+00, 1.068242066882195e+01, -2.910879520355945e+00, 1.119125441627571e+00, 2.626812153369470e+00, -9.760450386953831e+00, -5.056092840127556e-01, -1.980362440227010e+00, -1.028742766886115e+00, 3.342369883873085e-01, 5.826140677544617e-01, 5.583335254884944e-01, -1.421017177556931e+00, 1.574129497778316e-01, -4.612781518084023e-01, -4.716542908105310e-01, 4.546727182361353e-01, 2.621489885220989e-02, -5.372551548837312e-01, 1.050473069036377e+00, 1.267889487152525e+00, -1.365995885424218e+00, 4.128694424528259e-01, 2.121561311088642e+00, 1.556552454374345e+00, 4.170984228966780e-01, 3.245070968584571e-01, -5.889415774157361e-01, -2.034540621982070e-01, 2.129803910714975e-01, -6.508116743411568e-02, 5.243911620703011e-01, 1.430111550531748e-01, -3.886485005171777e+00, 4.270347992578737e+00, 5.626958371202186e-01, 1.157619716379657e+00, 7.131995129336426e+02, 1.988223120347685e+02, -2.050543540572804e+02, 2.626386735466570e+02, -1.906939531596528e+01, -1.826321376975445e+01, -1.708788895654469e+02, 1.900252817866468e+02, -2.645448267864178e+02, -6.343335950229248e+01, -6.274381872838910e+01, 6.193585475765375e+01, 1.329020148714460e+02, 1.276920153100003e+00, -1.347149041837969e+01, -2.615125777990203e+01, -1.023134048687099e+01, 6.009943436485533e+00, 3.405905380473891e+00, 1.274225924461586e+01, 1.233355576350703e+01, -4.499648900118640e+00, 5.765629836868925e+00, -6.613689806199281e-01, 2.657002520763427e+00, 3.883295396732974e+00, 4.167110163730772e+00, -6.461320844490939e-02, -4.657388653075966e-01, 6.668051831859822e+00, -6.236504979806470e-01, -6.373649290889281e-01, 4.142288197377988e-01, 6.911857375786777e-01, -2.536639662528279e-01, 1.903790438913561e-01, 3.334844129213168e-02, -1.330961569353480e+00, -1.221255254365407e+00, 2.445611235332110e-01, 3.794885274426441e-01, -2.225543644583705e-01, 1.436230740560897e-01, -2.565547324368693e+00, -1.681683004684980e-01, -1.541432371842192e+00, 2.328043168768681e-01, -3.728412491725572e-01, 1.381827108290569e-01, -9.009554150508894e-02, -9.115823058491214e-02, -2.084341920518632e-01, -1.125916450113033e+00, 8.628891875960708e-01, 3.750441370887900e-01, -1.791215640966304e-01, 3.576553365422642e-01, 1.532492801914522e+00, -1.447605611677325e+00, -2.679647220213154e+00, -7.127730734573486e-01, -1.127229730494473e+01, 7.150640383330375e+02, -3.198674983584527e+01, -2.303317291405913e+02, 3.051903927050388e+01, 1.555217394071483e+02, -9.302791095042998e+01, -1.324509997563016e+02, 1.424793565835476e+02, 4.483774789759160e+01, -1.931609279114471e+01, 8.906947873895099e+01, 3.135367278297316e+01, -6.219248322315796e+01, -1.899331086867956e+00, -5.873659715540136e+00, 4.643175800648911e+01, 1.204133769017269e+01, -6.261567332219138e-01, 1.021732130503092e+00, 1.104918269208467e+01, 5.276736627576581e+00, 2.314862855601693e+00, 1.472829555479422e+00, -5.519119504327838e+00, 5.576620988198535e+00, 6.100696960694393e+00, 2.273227031263313e+00, -9.522953367948781e-01, 3.400234856121558e-01, 2.890655165532328e+00, 1.487066864221312e+00, 1.596111116684288e+00, 3.015910396254274e-01, -1.052581501019098e-01, -5.157683080140695e-01, -1.705830960180767e-01, 8.678634523970055e-01, 3.384501876892132e-01, -7.678807310304919e-01, 1.046979620114062e-01, 4.364157821167030e-01, -7.844019398476083e-01, 1.174297157781530e-01, -1.596399313517207e+00, -8.331485191642578e-01, 1.266899769980826e+00, 6.996653306174518e-01, -2.354539069625053e-01, -2.680800065386718e-01, -8.375303876764426e-01, -7.009130521907810e-01, -6.506457698531698e-01, -4.561229027714400e-01, 4.626642950516455e-01, -6.727385770831243e-02, 1.097417316447395e-01, -4.469378479361538e-01, 3.679623054185354e+00, 7.519851743649028e-01, 1.461641045483086e-01, -1.984683662877171e+00, -4.147966928721626e-01, -2.571524353980824e+00, 3.893284520564462e+02, -6.719072548305437e+02, 3.313172414628026e+02, 3.929428667678656e+01, 2.281930621688941e+02, -8.546523231965060e+01, 4.561680214937572e+01, -3.712965958705089e+01, -3.633482886127969e+01, 5.206197639823211e+01, 1.538182603392087e+01, 9.756519970420030e+00, 1.138974407784683e+02, -1.579746749598929e-01, -3.150354678606903e+00, 1.724109042968648e+01, 1.548647774109045e+01, -5.265979580727786e+00, 1.085660759453603e+01, -1.751401101400754e+00, -1.317496144389929e+00, -2.194694740956483e+00, 4.895389457157573e+00, -2.229671176877715e+00, 1.536426814162363e+00, -2.106139897386754e+00, 1.825197367877381e+00, 9.861598645332556e-03, -9.987811846699042e-02, 2.211614431246949e+00, -7.455432782426299e-01, 4.025169752681361e-01, 4.616469637100369e-01, 1.528958798977298e+00, 3.897428106215741e-01, 5.671668034895322e-01, -7.945796768411646e-02, -1.652252038062737e-01, -5.392535585955780e-01, 2.021393035294456e-01, 7.721130573815066e-02, 4.343487399139147e-02, 1.467131041339430e-01, -3.841974721608442e-01, 6.953684920404127e-01, 1.157563361438173e+00, -2.652601781881764e-01, 7.432026103273299e-03, 7.473676228137931e-02, -9.048624708267580e-02, 1.616222311602892e-01, 1.769772517140385e-01, 5.897696586835692e-02, -5.760209340050641e-02, -9.495143144039515e-02, 1.172208937036972e-01, 1.555023048978986e-01, -6.973964206250381e-01, -1.517465938271580e+00, -1.082229058878601e-01, -9.754042032664352e-01, -2.339527957296192e-01, -2.452662257675679e-01, 1.783526128003368e+00, -1.049964388449393e+03, 1.635742056151747e+02, 1.188982207545222e+02, -3.100836702845693e+02, -4.036775219308659e+01, 7.829562188197868e+01, 4.214441859914799e+01, 1.486876358620127e+02, 1.261694515246851e+01, 4.810614178334797e+01, 1.067786986855762e+02, -6.465826487543201e+01, -4.067106355485109e+01, -1.792094395710849e-01, -1.838959657481151e+01, 1.321494658470305e+01, 2.694236161345394e+01, 4.447297654208811e+00, -1.004787968638696e+01, 3.068738071720428e+00, -2.000104170265361e+00, 2.624176191172995e+00, -6.927769162893888e+00, -3.098658678776276e+00, 1.587997673422504e+00, 2.699782231336407e-01, -1.301698118161696e+00, -5.237726963935328e-02, -3.689987927326578e-01, 1.104390822286291e-03, 4.743246175474691e-01, 6.296789150975810e-01, 1.210562330806712e+00, -3.858379768795819e-01, 3.828614879670822e-01, -4.394160246517110e-01, 5.572876046088195e-01, -1.204205138763773e-01, -7.349068578058050e-02, -1.883681351216283e-01, -5.077480892697057e-02, 1.229871336848009e-01, -6.464449664444082e-02, 9.211841480557040e-01, 3.496201411991084e-02, 1.025445954962100e-01, 6.070842059393706e-02, 2.012386832706660e-01, -3.830717210352700e-01, -1.416141263414449e-01, -1.605785353221321e-01, -8.459880475518897e-02, 2.665782126943171e-02, -7.670251011165151e-03, 5.120452048751667e-02, 1.554684263108896e-01, 1.714337739061949e-01, 2.236534134469885e+00, 1.863820327784228e+00, 1.113633675314952e+00, -1.272914698819875e+00, -1.190948426980895e-01, 2.888288308533006e-01, -8.307789913602145e-02, -9.584709812372889e+00, -5.567086874056160e+02, -2.299619511912150e+02, 6.532785584478528e+02, -1.812967304732055e+02, 2.942454523443801e+02, -2.204715741730779e+02, 1.584619058930622e+01, 1.781599038538009e+01, 7.327022224452168e+01, 1.814199509066130e+01, -1.637893904724401e+01, 2.707446812100477e+01, -1.289618439673116e+02, -4.335923284158396e-01, -8.018361754486106e+00, 2.549235053573902e+01, 2.807855231682102e+01, 2.257893018413912e+00, 3.522196223917967e+00, 2.793302569986640e-02, 3.190877088525471e+00, 1.034922093530382e-01, 2.213188433255739e+00, 4.947659455604427e-01, 1.446864308326361e+00, -1.161929363412023e+00, 1.725298770070864e+00, 2.919562929645758e-02, -1.177328993529800e-01, -5.332548045649382e-01, -1.286975814655124e+00, 1.643596301602474e+00, 2.326438550428356e-01, 6.012577045682672e-01, 1.935356921019774e-01, 4.445249277649143e-01, 4.327456956005873e-02, -5.583416053012838e-02, 1.528939886816083e-01, -1.003231205370864e-01, -1.334703133114088e-01, 8.195897006496551e-02, 9.534862593178153e-02, 4.134504084289669e-01, 2.959838322450801e-01, -3.981434835101560e-02, 2.947631531275417e-01, -1.702790991770550e-01, -1.879849963427818e-01, -3.584120757761010e-02, 1.572262532699824e-02, -7.508292775225542e-02, -2.394029283174315e-02, -2.371571049368627e-02, 4.519038095481652e-03, -1.461665883356239e-02, 3.885673935220233e-02, 1.119155143685058e+00, 2.454392670566475e+00, 1.242015602315451e+00, -7.179983698721536e-01, -6.426013423734785e-01, -4.000526773639397e-01, 1.641891765799900e-01, -2.705519626121404e-01, -3.333443328661508e+00, -1.004283229850730e+03, 4.810648520627250e+02, 1.465758721862626e+02, -2.893530970060156e+01, 1.130290205575936e+02, -7.219314049761877e+01, 1.915358755147361e+01, 4.170413715027901e+01, -8.207966579296460e+01, 9.869062309178015e+01, -8.268613972862481e+00, 3.780793789133948e+01, -3.349933825869884e+01, -1.472981284107456e-01, -1.007966115327797e+01, 1.741770591292807e+01, 2.250784838343686e+01, 4.823818403750423e+00, 2.522847930600881e-01, -5.525442764678662e-01, -6.342938452614653e-01, 2.801624882745760e+00, -9.598014014471516e-01, 2.484248406184213e-01, 2.859534497121381e+00, 4.169435149019775e-01, 8.173107708933043e-01, 1.270747525573421e-01, 1.882478246216727e-01, 5.744623328822576e-01, 1.229453710857484e+00, 1.027653468589331e+00, 1.655661661470250e-01, 2.631945070440196e-01, 4.491263293905184e-01, -8.961737115908470e-02, 3.550610904655731e-01, -1.077900466336730e-01, 4.019093701963224e-02, -1.710493919601504e-01, -3.801748866443501e-02, -9.100572024726049e-02, 8.908799443054012e-02, 1.585592847323195e+00, 3.217746391378542e-01, 3.660062786429779e-01, -2.282182566420521e-01, -2.243429658826507e-01, -2.286920158836978e-01, -1.386068362598272e-01, -1.020071158741591e-01, 1.193927037031741e-01, 1.112904501116674e-02, -4.899552261370652e-02, 5.115905627600145e-02, -2.586092271934786e-01, -8.969605513551196e-02, -3.152354951446136e-01, 2.155284350418066e+00, 1.795879598675811e+00, -9.925918213985973e-01, -1.061253799699701e+00, -3.624449499172202e-01, -2.426489721183727e-01, -2.682713783627425e-01, -2.613365393330636e-01, -3.261738311322788e+00, -5.378212043380063e+02, -1.797746890107068e+01, 3.412129104932847e+02, -5.465476836735017e+01, 1.170850790876456e+02, -1.206405193947858e+02, -3.335428707494662e+01, 9.553217596021101e+01, -1.087910390228068e+01, -3.619668685617714e+01, -8.892606432074722e+00, -2.839500249780158e+00, 1.223173068980547e+01, -2.889692395541268e-01, -4.236710416791863e+00, 7.841166575066133e+00, 7.036863962090205e+00, 6.954293906888141e+00, -5.432777471761081e-02, -4.161779245697466e-01, 7.738035923907005e-01, 3.337931781441137e+00, 1.547426207026883e+00, -2.061937757837815e+00, -4.862716704826149e-01, -1.724360963999656e+00, -1.389146829612738e-01, -5.220641597600514e-02, -2.077194181513421e-02, -6.070335622285488e-02, 3.517162632456797e-01, 1.095402616202231e-01, -1.377569016453477e-01, 2.435259374543602e-01, 1.004519761706636e-01, -1.819658892079364e-02, -5.546764469387706e-02, 9.124120660698667e-02, 9.986636249278712e-02, 1.974102562126320e-01, -1.317909894528936e-02, -4.057963381983964e-02, 8.007771818281165e-03, 2.553815676011320e-01, -1.640540564657651e-01, -1.335074186877927e-01, -4.470914265050592e-02, -1.788948178266982e-01, -1.756756007897014e-01, -2.078816814824735e-01, -1.167491843757490e-01, 2.211891898157712e-02, 1.207007457842659e-01, -2.537003301057590e-01, -2.887414726163002e-02, 8.711787664706881e-02, 6.660425496873386e-02, 1.017856826251345e+00, 3.117155896869855e+00, 5.460725317319822e-01, 6.832166621289570e-03, -5.272473947595120e-01, -1.241490185072951e-01, 2.563380357042514e-01, 7.650843058311077e-02, -3.099652340041659e-01, -7.706937016089864e-02, -3.810866882024516e+00, 7.736893229990499e+02, -3.143751137370152e+02, -6.197545772910453e+01, -7.621849363061533e+01, -1.750851944784636e+01, -1.240050409312560e+02, 9.160416497214960e+01, -3.699192598065689e+01, -1.014836828275275e+01, 7.505499006411316e+01, -9.158106905740742e+01, -1.432456856613115e+01, -1.132032291541226e+01, -1.466527617058171e-01, 9.670962418066860e-01, -9.002096277187968e+00, -3.563561176549323e+00, -3.858448481741870e+00, -1.605386616233895e-01, 5.282547718616764e+00, 3.780703707452002e-01, -2.294509201978337e-01, 9.851159747531751e-01, -9.880537056896558e-01, 9.149358236569244e-01, 2.355585907408561e+00, 1.791569035193473e+00, 6.455223028245784e-02, 1.718935066510890e-01, 1.528730088446822e+00, 1.648901979765164e-01, -6.016153466369664e-01, 2.562827653859533e-01, -7.573077923575332e-02, -7.568754102330319e-02, -1.284854148509190e-01, 2.032261618032682e-01, 2.782910474004822e-01, 8.234889312621503e-02, 1.522239617968968e-02, 4.259362465693487e-02, 7.422964235059634e-02, 4.561236857660188e-02, -9.181870590789410e-01, 5.861188826931752e-03, 3.924070521881324e-02, 4.496074168957739e-01, 2.037419862639397e-01, 2.185500887290212e-01, 3.398847115718006e-01, 2.481521687169303e-02, -7.596409494222299e-02, -7.972751314431538e-02, 5.886833190407165e-02, -2.966117103496095e-02, -7.844947824662066e-02, 7.018483755794544e-02, 1.039519786580716e+00, -1.137318649085216e+00, -6.731244290377312e-01, -2.756870738701454e-01, 5.941018466584687e-01, -8.943215334058800e-02, -4.158075746905572e-01, 2.471619721876609e-01, 1.914865373906549e-01, 1.649901732248894e-01, 6.845348542572616e-02, -1.541529869741706e+00, 4.963364912197583e+02, -1.526869341383380e+02, -2.416157608177186e+02, 1.210858432795963e+02, -8.445812046183563e+01, -9.368005629062665e+01, 5.901356628045240e-01, 6.297354831904013e+01, -5.309694469752546e+01, -3.420200564921411e+01, -1.528634426776516e+01, 5.967211930093577e+00, 4.856686069431432e+01, -2.323915653206381e-01, 1.361280624328297e+00, -8.946511600748675e+00, -1.941542337091590e+00, -5.382982771199711e+00, -4.949561419771815e-01, 7.129953642612711e-01, -5.995657877161721e-01, 1.781334465028168e+00, 9.556828378355182e-01, 2.009167367764982e+00, -1.441200785139114e-01, 3.269875986122117e-01, 5.827733452313225e-02, -6.677198146778394e-02, 9.559796013356453e-02, 9.040740303476651e-01, 3.833449958252385e-01, -1.817578180167741e-01, 1.460469619743170e-01, -1.131989885876636e-02, -9.308752044541602e-02, -1.741082341455409e-01, 1.177460671612288e-04, -6.568701862950890e-02, 1.718991194456896e-01, -2.270709366936112e-01, -4.726175361038071e-02, -6.152146820000355e-03, 2.658230464905383e-03, -4.644708793164105e-01, -5.499972555414533e-02, 2.920790860837948e-01, 3.572470946876007e-01, -5.140988494290597e-02, 2.882398979732507e-02, 1.036962701446293e-01, -1.033680305589656e-02, -1.121389715225471e-01, -1.807995575891061e-01, 1.842013145422867e-01, -1.485495419339528e-02, 1.993551468506772e-02, 5.865687645252437e-02, 1.477851755010102e+00, -4.245112325809434e-01, -2.138288997130792e-01, 4.117892646273788e-01, 8.390190099012776e-01, 3.408506144990746e-01, -2.403649751585350e-01, 3.554481154054986e-02, -1.809868957763854e-01, 6.875464875367448e-03, 3.485545586332611e-02, 1.501947744308369e-01, 1.433920259670518e+00, 7.697426926073363e+00, 2.524286955845009e+00, 9.897665980919859e+00, 9.649675352884039e+00, -7.130139909625229e+00, -5.306248333125741e+00, -2.438052960132171e+00, -5.983939714278901e+00, -2.935093103392108e+00, -3.762946683283872e+00, -5.375625404253368e+00, 3.372832856246028e+00, 4.790632291804961e+00, 9.361450754814124e-02, -2.870108778715517e-01, 2.368492113403286e+00, 3.057550055205107e+00, 1.159052985486907e+00, -1.561173055124551e-01, -8.044202447651208e-01, -1.592671260725656e-01, -4.341049889006292e-01, -3.925964725918103e-01, -4.095519493990291e-01, -1.446769042326434e-01, 4.586473624075237e-01, 2.325279178475766e-01, 1.333008880047708e-02, -2.948388973967877e-03, 4.430202131072103e-01, 2.618124409968448e-01, 1.211608189305928e-01, -4.423194478959073e-02, 7.255743287775411e-03, -2.416147537197937e-02, -6.317570978653399e-02, -2.265375490341323e-03, -2.829982152205946e-02, 6.487484509499163e-03, 1.033630013882032e-02, 6.116523770514641e-03, 5.962061651099338e-03, -6.838914519352022e-04, 6.295184814152772e-02, -8.427149011991292e-02, -9.643943119205528e-02, -5.318362547974107e-02, -1.506254662584397e-02, -1.325603750374134e-02, -1.138095931846381e-02, -1.205976894672440e-02, -1.651966660344961e-02, -2.316165857263708e-02, -1.793248126625233e-02, -6.148962648459222e-03, 2.615849626038737e-03, 4.750061946512992e-03, 1.707962618768547e+00, 2.694602694589169e-01, 1.895959681636442e-01, 1.390351243742715e-01, -5.827932357131488e-01, -1.156791870663678e-02, 1.238525599504898e-01, -6.653406926954294e-03, -1.869131938474004e-02, -4.122770373780966e-02, -9.832073750630631e-03, -9.698641042922264e-03, 6.712467146139248e-03, -7.763407315791870e-02, 5.820842877175222e+00, 1.249113904219896e+00, -1.523864665685604e+00, 2.190664276189135e+00, -5.986069033126285e+00, 4.007938683182403e-01, 5.371443117131759e-01, -3.812313110579228e+00, 1.268478242074539e-01, 1.294078171451436e+00, -3.632607105424230e+00, 8.418387909743794e-01, 2.026978680314523e+00, 3.743239285744168e-03, -8.979022877064406e-02, 9.273863138984165e-01, -1.273289853467436e+00, 3.404659560697088e-01, -2.016355341332930e-02, 3.073480914585003e-01, 7.982203427032480e-02, -2.449941481632863e-02, 7.643064827868618e-02, 8.424259222648088e-02, 9.274040469695979e-02, 2.477620633671744e-02, -3.770866680247102e-02, 1.359041198115913e-03, -2.318463843421058e-03, -5.187741878174894e-01, -1.710938356090960e-01, 5.631614712008479e-03, -1.845466930038168e-02, -1.529273669445739e-02, -3.067242799210804e-03, -4.884183718417179e-03, -6.516821692664289e-03, 1.238310266907272e-02, 1.288570676079628e-02, 5.459999188112060e-03, 7.632022089112912e-03, 7.872495961609477e-04, -2.306518524558663e-03, 4.890349432315931e-01, 3.997497131196632e-02, -3.889102448455078e-02, 2.629089374895793e-02, 7.835108640350857e-02, -1.132272114596659e-02, -4.355192575419766e-03, -3.568726128105241e-03, -1.907929234681022e-03, -2.803962002300675e-03, -5.802825560558448e-03, 2.642666110590759e-03, 1.391172122261447e-03, -2.578692312950757e-03, 5.197958287021271e-01, 1.045212008615819e-01, -4.190003989397375e-01, 5.909863551186407e-02, 3.280979549855003e-01, -4.660596262063704e-02, 5.424006310584108e-03, 6.544307414591881e-03, 1.805740526812665e-02, 2.880293868650229e-03, 4.655545457451719e-02, 5.537964189332514e-03, 1.385432447855920e-03, -5.394661641014655e-04, -8.695888205152562e+00, 7.943586717716813e+02, -7.051448921280252e+02, 1.197124532919755e+02, 3.498961466579540e+02, -1.245521334871636e+02, 1.419567668697335e+02, -1.378110095465233e+00, -8.695658341064281e+01, -2.056606877117740e+02, 5.567766062116234e+01, -6.553788687517456e+01, 2.344502949943950e+01, 5.817764070906545e+00, -2.421851654895004e+00, 1.699326129172908e+01, 5.773513526775467e+00, -1.425387647290947e+01, -3.508425490234369e+00, 4.067839189443644e-01, -1.192883678709318e+00, 8.183892470457536e+00, 9.026492359150604e+00, -1.264274176699413e-01, -6.011816238341425e+00, 3.253991424609269e+00, 6.454725648585284e-02, -1.526950342972828e+00, -3.849448144251391e-01, -2.700502331411027e+00, -3.403453573765513e+00, -1.210664439192177e+00, -9.510488719421388e-01, -1.174403671358918e+00, -2.244656445561184e+00, -3.380165567708197e+00, -2.356300200421797e+00, -1.275513932667692e+00, -3.993889967254489e-01, -4.083908235734764e-01, 1.620773590112428e-01, -1.091677786734720e-02, -8.806995927121013e-02, 9.178606028043494e-02, -2.719989479805981e+00, -7.120650661639752e-02, -1.154775276345812e-01, -1.530373306848914e+00, -1.438344327502315e+00, -1.147696164365148e+00, -1.162925311411751e+00, -6.760734893474778e-01, -7.518532474508437e-01, -2.022083875328701e-01, 1.121503910861775e-01, -2.061133805938308e-01, 8.633485053078732e-01, 1.468211970682005e-01, 1.144301799636027e+00, 8.999364488154633e-02, 1.235584323053461e+00, -1.338582199503330e+00, -4.974985199930905e-01, -7.918731918267986e-02, -5.440440283245188e-01, -3.512382617542179e-01, -7.292389804760319e-01, 3.390731759182155e-02, 2.174349747947034e-01, -1.783233526177056e-02, -2.852026403647146e-01, -4.328322792403471e-01, 3.854688153508404e-01, -1.103981264028526e+01, 4.134085709569055e+02, -1.438497886076818e+02, 2.224826222128153e+02, 5.861674146051537e+01, 5.615965601444242e+01, -1.385352816580407e+02, -5.978304571742407e+01, -5.834068929389110e+01, -3.010723317572716e+01, -5.868700118357089e+01, 7.689659394430283e+00, 5.826546061885841e+01, 2.202610305802202e+01, -1.018111163570186e+00, 1.695710307319765e+01, 1.918047213163186e+01, -2.825032827542350e+01, -2.434912626160187e+00, 4.892718376779542e+00, -6.055326091342820e+00, -6.379811563545914e+00, 4.478661193599268e+00, 3.734360087450846e+00, 3.626073424695738e+00, 3.931603980451403e+00, -4.326915207999440e+00, -1.446327864104943e+00, 2.327763202527668e+00, 8.588292752122063e-03, 5.216012656359183e-02, 1.774303340893018e+00, -4.621949331963297e-01, -9.618493616634379e-01, 1.008992729313734e+00, 6.085986659221475e-01, 1.172200619505676e-01, 5.412763190903226e-01, 5.182824407160305e-01, 4.133485251438261e-01, -3.633310729674437e-02, 2.017311075820140e-02, 1.036844550276614e-02, -3.488605110358679e-01, -1.221534325263238e+00, -1.961802210263280e+00, -5.128688866459070e-01, 9.446607858179363e-01, -3.360707180521432e-01, -3.048827711981752e-01, -1.583923137872973e-01, -2.449276582851464e-01, -2.432901835071472e-01, -3.327244124333395e-01, 2.067247133826789e-01, 1.858920735280223e-01, 9.319719435618504e-02, 2.000140569210369e-01, -6.030355333382854e-01, -2.674594744913341e+00, -1.317569134409833e+00, -9.791985505708387e-01, -3.626834324073737e-01, -3.661618189988719e-01, -5.712852286738328e-01, 1.191682450358318e-01, -6.634608229958912e-02, -1.071877911346240e-01, 3.032296448802747e-01, 1.767732983424237e-01, 1.497981081362460e-01, -1.972238470980023e-01, -6.524576099352755e-02, 7.136630363960823e-01, -5.127766140687124e+00, 2.382016856431839e+02, 1.882227621929842e+02, -2.736004463622825e+01, 1.029911614672457e+02, -8.404283824930633e+01, -6.830454869935146e+01, -3.904847757373479e+01, -5.265463954761007e+01, -3.786111829774245e+01, -6.829195454644254e+01, -2.825032633202407e+01, 7.631371851294188e+01, -2.884472750439742e-01, -5.580381235945671e-01, 1.342365215153933e+01, -9.002134108188026e+00, -1.430877698604084e+01, -6.290330396623692e+00, -4.939264421736349e+00, 2.165154714889742e+00, 2.421280090567765e-01, 1.864289606529705e+00, 2.433073793635856e+00, 9.550877105291862e-01, 1.372840156937377e+00, -1.673015686501152e+00, -3.462789130710565e-01, 1.073626153251495e-01, -3.358314725810086e-01, 7.985573819464728e-03, 1.121400972650337e+00, -5.811036002229424e-01, 1.853500026194058e-01, -6.285840690006337e-01, -1.515242256009053e-01, -3.383519783260123e-02, -2.134613408240951e-02, 3.010650530934704e-01, 3.280573861574274e-01, -8.475285912634574e-02, 2.411253497351136e-02, 1.116713716481203e-01, -4.446117680311808e-01, -2.919257868024245e-01, -1.983772560710318e-01, 5.149991202628101e-01, -9.751075894842971e-01, -8.337133093453352e-01, -3.562941799940989e-01, -4.039468042614009e-01, -2.652424388261325e-01, -1.637696596943543e-01, -1.809916360216607e-01, 1.146283439031100e-01, 4.545142579309860e-02, 1.097066093241991e-01, 1.131412932524035e-01, -1.350607212658278e-02, -6.713699543998162e-01, 6.295429142973223e-01, -4.861174628163220e-01, -1.097025380958209e+00, -6.828184671825285e-01, -3.860798765290979e-01, -3.110552579418486e-01, -9.644038462080851e-02, -2.855137631008716e-02, 6.037333900716842e-02, -3.094179999819439e-02, 5.083253090111921e-02, -1.123192799789523e-01, -4.716370642587197e-01, 3.314618890521217e-01, -4.553120694314124e-02, 6.038185071072601e+00, -5.494174181820133e+02, -1.190185171737529e+01, 1.090117870557754e+01, -6.384288643036015e+01, 3.212957434433204e+01, 3.198578775523551e+01, 2.668569409058547e+01, 8.779869180725703e+01, 2.698600869160337e+01, 8.248216574667948e+00, 2.703599615394279e+01, -4.315100616899156e+01, -2.304324803504847e+01, 3.660637285903010e-01, -1.081080294995679e+01, -7.834028464627805e+00, 1.719890916802375e+01, 1.865761737451219e+00, -4.675507888128991e+00, -8.316197635041256e-01, -1.758550211825212e+00, 9.200181457961386e-01, 1.098669010566353e-01, -6.702217372439851e-01, -1.964594677156761e-01, 1.503156545326552e+00, 9.787668887809370e-01, -3.949265106679244e-01, -1.035757496482395e-01, 7.736786044781822e-01, -5.360063406580199e-01, 1.149941283575753e+00, -7.802492293884708e-02, -1.785315202579269e-01, 4.042631756825839e-01, -2.300517253708489e-01, 5.319395328958034e-02, 1.623646167191551e-01, -6.736407526304149e-02, -4.953033904057155e-02, -1.091104503297934e-01, -1.143179769177295e-01, 6.050049794608096e-02, -1.026140685577851e+00, -5.405937559996359e-01, -8.699002297799612e-01, 3.926425257347297e-01, -1.428748943887556e-02, 5.805428702302207e-02, -1.429440640955584e-01, 2.849699785588081e-02, 8.245457888130278e-02, 1.626307187466585e-01, -4.127234120726775e-02, -8.191257394069472e-02, 4.123139503219158e-02, -1.414369389490759e-01, -8.143817608220186e-02, -1.181586917259672e-01, 6.018563792338183e-01, 9.999661047781625e-01, 1.902098410608798e-01, 3.583343933258696e-01, 6.206728926388191e-02, -3.695108050777033e-01, -1.264222942032520e-01, -6.382114749848533e-02, -8.354628927053970e-02, -1.253600084174327e-01, -2.301446587692249e-02, 9.205801014058440e-02, 1.135082692341200e+00, 2.659565538394342e-01, 7.268900175515683e-01, -2.794243485302927e-01, -3.426564782540610e+00, -2.887030707449022e+01, -6.021779651099526e+01, -2.041291883602630e+01, -8.512666977405921e+01, 1.497271811145708e+01, 3.750807454188381e+01, 3.168399410698363e+01, 8.372899707937489e+00, 1.347475008000583e+01, 5.692290444112954e+01, 2.539234780348758e+01, -1.409745128599791e+01, 3.788106197703382e+00, -2.860966369861624e-01, -5.310688998247182e+00, 2.097814684729655e+00, 1.554602291294403e+01, 2.006223350624058e+00, 3.145438830648413e+00, -5.441951836847050e-01, 8.779511571053030e-01, -1.654389186310119e-01, 6.533222236499090e-01, -2.079523929766373e-01, -1.188133583042581e+00, 2.851045899787681e-01, -1.720189835921554e-01, 1.329802345570040e-01, -5.056462278650741e-03, 1.690265719685604e+00, -5.994869888860125e-01, 1.993851096656289e+00, -1.203347237885716e+00, -3.493960774430556e-01, -4.270629766260800e-02, 3.062737515065501e-01, 3.249266022530245e-01, 2.722897184249631e-01, 2.165042125455308e-01, -1.574677180123625e-01, 2.400543757108911e-02, -5.266078602083591e-02, 1.164294438454801e-01, -1.141372627440279e+00, -7.183163114522965e-01, -7.168271736629369e-01, 4.588804193045250e-02, -3.398488417136268e-01, -2.149153441207169e-01, -1.453388358055743e-02, 3.077636214375189e-03, 4.636503013962449e-02, 1.172139227147739e-01, -3.314243738266210e-02, -8.462032862072269e-02, 8.841270460179382e-02, -1.476768591681278e-01, -9.320533603748465e-01, -4.907574124023715e-01, -6.220453368920836e-01, 8.248866538451952e-01, 1.860826759858381e-01, -1.528544182410999e-01, -6.289984880806324e-02, 2.565841089174804e-02, 2.088806880321422e-02, -9.430737022189017e-02, -6.010354739930621e-02, 1.725061001133221e-02, -4.846242122592875e-02, 5.866513231130990e-03, 1.256934802143739e+00, 4.198764274032260e-01, 4.122242844015047e-01, -2.153878620372685e-01, 1.371814565072512e-01, -8.106601907812912e-02, -1.200249775144897e+02, -1.669783761070578e+01, 3.404632706554551e+01, -5.117658680943555e+01, 2.750693692382892e+01, 1.530989680659421e+01, -3.976830018191055e+01, 4.884423568768590e+01, 1.331371563712128e+01, 1.988387170453636e+01, -1.019925934191627e+01, -4.229779266604924e+00, -1.578095406494388e+01, 8.170250214878755e-02, -3.119559769626986e+00, -3.513598920535097e+00, 9.757958786422606e+00, -3.801575947838541e-01, -3.043203867210340e+00, -5.644958161210212e-01, 7.216182046070612e-01, 1.077908048238109e+00, -3.561587367021215e-01, 9.005363828865888e-02, -1.619374478441253e-01, 8.092528627377051e-03, 3.318680803356364e-01, 2.914683193139795e-02, -2.582345047603023e-02, 1.240448264568619e+00, -1.100778036878001e+00, 8.240346086593754e-01, 1.002485322489675e-01, -1.091134950730179e-01, 6.714105982600799e-02, -9.600033958574720e-02, 7.598373591918393e-02, -9.198905859781640e-03, 4.178182303947214e-02, -1.861850547694086e-02, -1.378892882478830e-02, 7.256818760564789e-03, 6.060206664885410e-02, -1.407610111956615e+00, -9.436216580521717e-01, -3.042693052125557e-01, 2.338631752769842e-01, -1.611017402342035e-01, -1.081858373557968e-02, 3.391446308093198e-02, 3.429165439576909e-02, 3.074921581689422e-02, -5.396891801550145e-03, -9.243058799486611e-03, 2.433278204051006e-02, -8.904045442170749e-02, 2.511785684905495e-02, -7.848569517091446e-01, -9.872209870996710e-01, -4.008943292409222e-01, 5.975383354713106e-01, 2.818984655326442e-01, 5.018615267704381e-02, 3.895325181748566e-02, 4.102058309899898e-02, 5.194437196408978e-02, 1.150645797587598e-01, -6.451739767227287e-02, -4.492546332024903e-02, -2.646714662333130e-02, 2.585093399859169e-03, 9.901052216663320e-01, 6.559714785148728e-01, 7.431998068550495e-02, -4.069546374274458e-01, 5.425104924993493e-02, -1.970403383268931e-02, -9.547897090798179e-01, -8.574998626029045e+00, -1.001709396137324e+02, -4.299032640901995e+00, -2.186600947343192e+00, -3.650022328210931e+01, 1.684190361636136e+01, 4.618663798033666e+01, -3.917402982341120e+00, -1.004844604741006e+01, 5.909213584798191e+00, 1.435975788219824e+01, -2.757018802517844e-01, -8.022464311664368e+00, 8.892076327499623e-02, -2.875906433748981e+00, 1.616042804353259e+00, 1.224879687628026e+01, 1.913890168529059e+00, 2.033190227936185e+00, 7.230834594566505e-01, 1.880500568881685e+00, -1.818957704800671e-01, -3.132512708496275e-02, -3.940241950759634e-01, 5.597331806037777e-02, -7.765133624884833e-01, -4.709488672335066e-01, 6.209701542109285e-02, 1.664133254027913e-01, 8.610766725950113e-01, -1.481521385919771e+00, 3.092936125283564e-01, -1.645575979656492e-01, 6.389691471898253e-02, 3.274426525077868e-03, 8.816854657481045e-02, 6.768010542743567e-03, 1.839412312913748e-02, -1.109840384812022e-01, 8.581807692718177e-02, 5.531082764798044e-02, 4.496619299300699e-03, 6.813992942951377e-02, -1.006374450699050e+00, -6.152908175188315e-01, -1.535215089966593e-02, -4.891240383034727e-02, 7.165472214080662e-02, 6.224460284549252e-02, -5.130006314098910e-02, 3.177040271252753e-02, 8.430816303694046e-02, 4.488830810156798e-02, 3.033773248430814e-03, -6.649678225527045e-03, -1.162696147043685e-01, -5.278833748115198e-02, -1.134098398124147e+00, -9.226547591193131e-01, -1.574117757321403e-02, 3.551688828275703e-01, 7.868542097849052e-02, -1.937730796819559e-01, 1.689885707586998e-02, -1.223980752605210e-01, 1.054619796600830e-01, 3.913111216323251e-02, -3.159604290193741e-02, -4.439192734328861e-02, -2.176113409987037e-02, 3.087672601278331e-03, 6.147110299061080e-01, 5.574705197793280e-01, 1.170565743802152e-01, -8.275368797952967e-02, 4.824153288652447e-03, 2.245173750407516e-02, 3.855221913564485e-02, -3.145598733778372e-01, 9.979747726299035e+00, -2.494373441595486e+01, 2.712270106628427e+01, -3.264746449788509e+01, -7.492980822990013e+00, -6.335724131524040e-01, 1.165141510604685e+01, -7.365607338078138e-01, 5.945427578932570e+00, -1.294169088587347e+01, 1.181362388904895e+01, -1.976502054048937e+00, -1.236106895625837e+01, -5.628295252017089e-02, -6.424120719202826e-01, -2.620421724906161e+00, 3.415702065408035e+00, -1.367634165410248e+00, -2.339982413459443e-01, 5.126905106136991e-02, 1.718101627613622e-01, 6.099860566865990e-02, 1.509173895146669e-02, 2.859501097561264e-01, -2.928204373841816e-01, -8.593063132346380e-02, 2.529743689684408e-01, -1.585801929866990e-02, -1.974735466535412e-02, 6.839560381921684e-01, -5.380393131857379e-01, 2.729409468338176e-01, -9.044654889608345e-04, 3.844816924101531e-02, 4.254474158727237e-02, -1.898522012978379e-02, 3.512082306490877e-02, -2.333158421306688e-02, -2.002509446222171e-02, 4.942668411859272e-02, -2.733064639578656e-04, -9.222368181829037e-04, 1.793956372293216e-02, -5.589775115793612e-01, -5.416016824172167e-01, -4.500385433945765e-02, 5.111230837961841e-02, -2.109279949392755e-02, -3.688059434080027e-03, -7.662989093022776e-02, 1.372552394543697e-02, 4.120849753402813e-02, 1.336395232240724e-02, 2.255340267773015e-02, 7.988608765806135e-03, -4.030666779149120e-02, -4.346773766596558e-02, -7.562999997199676e-01, -6.315158126236160e-01, -1.184439671851205e-01, 3.076436154257531e-01, 1.402295830683549e-01, -7.117683639086896e-02, 2.472544396655808e-02, -6.025572354914858e-02, 4.689856276963183e-02, 4.920326265560614e-02, -2.536116416063542e-02, -1.087677472643665e-02, -1.655293677657470e-02, -1.673204190130805e-03, 3.809376443219812e-01, 4.031671265099808e-01, 1.875645278014154e-01, -1.550617364311612e-01, -7.239552412087402e-02, -2.854979118064960e-02, 2.444590502112392e-02, -3.774359126116712e-03, -1.373920370331321e+00, 2.249875718110322e+01, 5.771544184627860e+00, -4.267727102671115e+01, 2.768030248254660e+01, 9.613246718080019e+00, 7.234588992473190e+00, 2.210131583623828e+00, -7.533584729671801e+00, -1.316397584703036e+01, 1.982781504935536e+01, -3.458744285389904e+00, -3.289937858432663e+00, -1.304379411682202e+01, -1.672872498711356e-01, -5.342937208822077e-01, -1.893980002817090e+00, 2.946657325056206e+00, -9.806232289149638e-02, 3.628166678750648e-01, -1.088216074468025e+00, -3.335879591006117e-01, -4.074200879791751e-01, 3.871272621943803e-01, 4.642819601730457e-02, 5.899060814229602e-02, -2.650325377816957e-01, -1.785964052184790e-01, 1.539030321467137e-02, -1.425824633757279e-02, 1.681407664258178e-01, -6.496386112917167e-01, 1.184180748293464e-01, 8.862023417237122e-02, 8.947035141486535e-02, -5.719657437388107e-02, 6.943294941166724e-02, -7.404207963279601e-02, -4.491974708190380e-02, 4.680524181353383e-02, -1.000972591566141e-02, 4.071852894612286e-02, -3.074044353583489e-02, -1.498423814004644e-04, -7.731843996664856e-01, -2.433685361368121e-01, -5.801924247263370e-02, 1.086143758890568e-01, 5.058609084853682e-02, 4.228764835669176e-02, 7.661982568113302e-03, 4.369990728709590e-02, 8.687928453104159e-03, -2.858426581154998e-02, 1.574573611283066e-02, -3.796807748390739e-02, -1.417788720250385e-03, 9.319325773914623e-03, -3.499144746978136e-01, -6.677407915061231e-01, -1.287777377869778e-01, 3.482566883616007e-01, 3.055342427659994e-01, 7.873528588033479e-02, 1.338690314849018e-01, 2.277591541062733e-02, 9.615508447995259e-03, 3.866698485951737e-02, -9.456147287915448e-03, 7.256957846685787e-02, 4.566496945973003e-03, 1.023601855174253e-02, 4.164165295172626e-01, 2.899488407059573e-01, 5.903895498943851e-02, -1.891470025390911e-01, -9.853399184897434e-02, -1.170400932893901e-02, -4.380156348501668e-02, -3.056482320603351e-02, -1.507729137031958e-03, 1.194698089207344e-01, 1.400579326417229e+01, -3.322584914799307e+01, 1.601949733299924e+01, -8.732353258359947e+00, 8.574959010196391e+00, -1.731549629200989e+01, 1.186856116654180e+01, 1.251515629674075e+01, -6.401344358159499e+00, -5.106708358142351e+00, 1.803280024887613e+00, 4.440596199234925e-01, -5.554153541773752e+00, 6.128998040682671e-03, -4.752754550931279e-01, 1.667797675392624e+00, 4.464137201635442e-01, 5.855275515865569e-01, -1.017775693832878e-02, 7.698327106543050e-01, 1.692033650477318e-02, 7.220395185445160e-02, -7.876103859686832e-01, 2.006476497659303e-01, 2.008418855334156e-01, -1.948899211924548e-01, -2.029245703002024e-01, -2.836443635059636e-02, -1.333771518376178e-03, -5.503497875103994e-03, -2.773765882653786e-01, 1.340492568953700e-01, 1.984395552869511e-03, -1.640889532094636e-01, -8.406289320388573e-02, -7.132327181626885e-02, 9.989235437273313e-04, 1.774358249001508e-02, -4.201756202706695e-02, -1.456895564979766e-02, 2.305166161260691e-03, -1.816063269994948e-02, -1.707976520694650e-02, -2.599220012769595e-01, -1.671123566430301e-01, -1.133048736415328e-01, 3.844463043760048e-02, 9.701234924901515e-02, 1.870154649336265e-02, -7.715676958299962e-03, 3.313273819573037e-02, 6.678951960202383e-03, -2.981605957617440e-02, 5.502394225334220e-02, 1.497733612716675e-03, 4.422371572211273e-03, 1.068269221219209e-02, -2.572840073770015e-01, -4.887873607683099e-01, -1.225772620554243e-01, 4.522428719177292e-01, 3.247578577434425e-01, 1.079692736318895e-01, 8.946254590717562e-03, -9.859832701201288e-02, -6.921616141852285e-03, -1.268883957930889e-02, 2.840427702028572e-03, 3.612321260358617e-02, -2.614675214779942e-02, -6.016147640003779e-03, -7.673799929733278e-03, 2.337932574276097e-01, 4.864409703975510e-02, -1.293623063246353e-01, -7.620368297315362e-02, -3.146602950471818e-02, -3.207007767829983e-02, -1.861963360703439e-02, -1.217656804059073e-02, 3.972192667275616e-03, 3.373934989002746e-02, 4.333909702303957e+01, 1.983262694472105e+01, 1.783254789573029e+01, -2.746280456398393e+01, -7.278257665139189e+00, 5.811792657187320e-01, -1.683057659312133e+01, 7.038640729342033e+00, 1.812124815420268e+00, 1.284306677287806e+00, -1.303227309587650e+01, -1.102381271793569e+01, 1.075406520694947e+01, 5.116568375269370e-02, 5.789050353000820e-01, -4.432694175185409e-01, 9.583181296212973e-01, -2.947173342682192e-01, 6.369341640895355e-01, 7.413794365227726e-01, 2.753882140384369e-01, 4.318957279007227e-01, -3.479817091142853e-01, 2.229203038801181e-01, -1.376351075535763e-01, 3.039839164238920e-01, -1.754322298781410e-01, 1.154367278933483e-02, -5.316378285863119e-02, 1.095885797330226e-01, -1.990533290517744e-02, 1.253859095728095e-01, -4.666254659221521e-02, -3.644810798454015e-02, -4.804784928899704e-04, 1.195874182774204e-02, 2.525431047683796e-02, -3.747610855374448e-02, 1.425375151437665e-02, -1.163525719352530e-02, -1.430842678096718e-02, 2.254586180348023e-02, 2.816225116242575e-03, 3.685656612314567e-01, 2.896840560698190e-01, 9.268170573958591e-02, -1.859420436043770e-02, -3.452095528621740e-02, -4.968043586778718e-02, -3.588594223152382e-02, 1.223755164193138e-02, 1.306210431543197e-03, 2.311400746339226e-04, 1.371782130499202e-02, 3.607837423008250e-02, -4.040784231470705e-02, 2.640964058002049e-03, 8.369983488384587e-02, 1.169711500343455e-01, 3.044088559867550e-01, -2.987303816991662e-01, -2.761231537477709e-01, -1.103366313923808e-01, -6.207370934918003e-03, -4.247421967155823e-02, -5.396328440968599e-02, 1.615662985875377e-02, -8.962990442909016e-03, -7.444303721203677e-03, -1.354410600999156e-02, -5.946052205421088e-03, -1.527019565430475e-01, -2.287947605249809e-01, -9.769362254984318e-02, 7.086050604926880e-02, 5.844050211440862e-02, 4.302592750366262e-02, 1.880381293126134e-02, -1.815946934687770e-03, 1.121499597608610e-02, -4.455308478804499e-03, -8.940801885419248e-03, 5.232796565773455e-01, -3.591929669760109e+01, 4.727521276499919e+01, -8.685301831847571e+00, 1.441937298973522e+01, 1.148978531856929e+01, -2.858025467391021e+01, 1.480558489691582e+01, 4.516596632368904e+00, -2.215249497334177e+00, -2.003864576971973e+01, 1.320805729691891e+01, 6.661483885300131e+00, 2.593557143569742e+00, 1.484022588851137e-02, 3.515326258128214e-01, -9.704582374736761e-01, -1.496251306897239e+00, -1.630200797201410e-01, 1.252327446377521e-01, -3.069506077651297e-01, 1.257989238817239e-01, -8.647097278727328e-02, 2.068621125085900e-01, 2.432132500910138e-01, -6.527998030706953e-01, -1.638206409181025e-01, -6.887899002180727e-02, -9.118582177909154e-04, 2.323372594172651e-03, 8.359012685014823e-02, 7.936489111107164e-02, 9.820408072879350e-02, -4.162511827529304e-02, 5.680368007150939e-02, 2.313195155579971e-02, 8.383334194813405e-04, 1.810690355528971e-02, -3.675942670184707e-02, 9.385182331294246e-04, 5.549449365817739e-02, 1.195882854602547e-02, 1.493556588066786e-02, 4.570121127327429e-03, 3.098488253711573e-02, 2.594314166972072e-01, 9.856701902684382e-02, -9.268069244760814e-02, -6.454294342383568e-02, -6.802834647889832e-03, 7.068355178022125e-04, -5.971551718218115e-03, 2.035977566084157e-02, 1.849608379466957e-02, -3.492102574914555e-03, 1.218174870230776e-02, -1.942148740983950e-02, -1.562523644153488e-02, 6.081793455900315e-02, 2.462479375706555e-01, 2.270720833408707e-01, -2.871937608682939e-01, -1.987825482568646e-01, -1.147577075173544e-01, -4.079384807593003e-02, -9.495864998667477e-03, -5.418707756297667e-02, -3.312119604301284e-02, 1.343141138197231e-02, -8.557546136823892e-03, -2.402337963974870e-03, 2.589848876252230e-03, 1.018399614518079e-01, -1.390674939775444e-01, -8.446275261595916e-02, 1.070757558695001e-01, 5.769233313699384e-02, 1.697152184192350e-02, 1.492430168609619e-02, 3.606182003929363e-03, 1.227678609303244e-02, 4.789838050645109e-03, -1.800975011426372e-02, -3.184414169673158e-03]
