elements:      [As]
cutoff:        6.0
pair_type:     gaussian
feature_type:  gtinv
model_type:    4
max_p:         2
max_l:         12

gtinv_order:   4
gtinv_maxl:    [12, 6, 2]
gtinv_sym:     [0, 0, 0]
gtinv_version: 1

electrostatic: 0
mass:          [74.92]

n_pair_params: 6
pair_params:
- [0.5, 0.0]
- [0.5, 1.0]
- [0.5, 2.0]
- [0.5, 3.0]
- [0.5, 4.0]
- [0.0, 0.0]

n_type_pairs: 1
type_pairs:
- atom_type_pair:      [0, 0]
  pair_params_indices: [0, 1, 2, 3, 4, 5]

type_full:    1
type_indices: [0]

n_coeffs: 3912
coeffs: [1.323068941779792e-02, -2.607174508454041e+00, -1.238033633670595e+02, 4.279501914039944e+01, 1.962784892803509e+01, 3.840726058923619e+01, 2.777297198907963e+01, -1.370068114070646e+01, 6.118500248203035e+00, -1.262771532964527e+01, 9.598679623310302e+00, 1.947479581961159e+00, 4.684017693428006e+00, 1.140946380407891e+01, -1.455490690736294e+02, -4.127090756205212e+01, -5.011388079583781e+01, -1.034353807005996e+02, 3.226926512830691e+00, -5.679089086124822e+01, -7.455347968595899e+00, -1.505443013661924e+03, 5.746133641379240e+02, -9.237852382830375e+02, 1.651776910827200e+03, -1.867552323205447e+02, -1.455273853610001e+03, -3.074478711863846e+01, 1.084255240461199e+02, 5.073145802533949e+02, -4.805399879911097e+02, -6.312646108615667e+02, -4.868519082982413e+02, 7.066803137780844e+00, -2.660433516298278e+02, -7.606133294409483e+02, -1.847040481645837e+01, -3.825471983715780e+02, -5.617143956847439e+01, 1.332872705078917e+01, 3.398520874752541e+02, -6.806097215307660e+02, -1.425924591656863e+02, -2.532309213185472e+02, 3.628629602847290e+01, 4.901434382980360e+02, 1.918418614866960e+02, -1.594277673350397e+03, -1.788643413864590e+03, -4.368344048545258e+02, -3.554820878448313e+04, 6.800432969366864e+02, 2.315645736997636e+03, -7.854352980164285e+01, -8.695931930744830e+01, 1.667688749118002e+02, -5.951943476097657e+01, -1.698633251123380e-01, 1.766683419934241e+00, -8.843320042728628e+00, 1.423696155990505e+01, -6.555572704295738e-01, 3.485872667625868e+00, 3.453827799612535e+00, -1.113710557794160e+00, -2.096491543869170e+00, -2.601254960374545e+00, -3.457501020263691e+00, -2.254904204950296e+00, -1.387200179067062e+00, -5.180543778697473e-01, -4.562016380597009e+00, 7.247894651750028e+00, -1.677677568845558e+01, 5.408820962713960e+00, 1.006517182592057e+00, 3.707810980927380e+00, 7.200347595585190e-01, 4.493064668067682e+01, -2.322254059738206e+02, 5.641495265814617e+01, -2.492894439948477e+01, -3.015358986966166e-01, 1.440140424953666e+02, 1.539149600859225e+01, 2.714420968771246e+01, 1.070288594046961e+01, 2.432237559786392e+01, 1.469991632862820e+01, 1.893944392522470e-02, -1.628899585107391e+00, -8.623656175512025e+00, 7.327862032703854e+00, 9.335289565074497e+00, 6.585763269606836e+00, 1.288989260290372e+01, 3.533546690859015e+00, -6.029390887406558e+00, 3.834482879424034e+00, 3.265685084833033e+00, 1.009632060106128e+00, -2.411693183126861e-01, -6.435084268286635e+00, 4.789277110015810e+01, -3.855086216307621e+02, -2.795979557919093e+02, -4.089692773522562e+00, -3.328042725975986e+02, -2.180877491281100e+02, -1.058098051340868e+02, -2.843544200784935e+00, -3.148207501840571e+00, 6.037576258599246e+00, -2.154802883463272e+00, -3.300815856093696e-01, 2.715647918385310e-01, 1.002008938381635e+01, -7.171871410290306e+00, 2.144101530981694e-01, 6.967139473435919e-03, 9.069345468614138e-01, -1.430294027218100e-01, -7.460047280760270e-01, -9.459957381629404e-02, -7.333483746894434e-02, -2.939576278733807e-01, 4.129764543714921e-01, 1.036565502256065e-01, 5.487102809346315e-02, 8.876455457495422e-02, -1.766704645802315e+00, 1.249571127760527e+00, -1.585572825460861e-01, -6.067729160201163e-01, 5.240460576097328e-01, -2.520234650567464e+00, -1.711652918878534e+01, -1.829744236199021e+01, -1.095191635660942e+00, -1.070716619533924e+00, -1.620781699542090e+01, 1.235766530637548e+00, 5.244815681992261e+00, 1.195174729410273e+00, -3.130932853103419e-01, -8.426534272821854e-01, -4.079866986036173e-01, 7.106089990023796e-02, 5.504208924889339e+00, 2.139574595976783e-01, 5.515088038611419e-01, 1.250024276771816e-01, -8.783093933403187e-01, -3.007708560620977e-01, -6.292853776103283e-02, -9.468104718158406e-02, 4.049861870276891e-02, -6.582065801150248e-03, 3.266153756791570e-01, -2.809273282133895e+00, 4.338252305252249e+00, -1.656150005346831e+01, 1.226493117269769e+01, 3.074414794913337e+00, 2.501859923714506e+02, -2.023351800706826e+00, -7.785430951360049e+00, -4.367608296188987e+00, -4.835596685638467e+00, 9.273608885414381e+00, -3.309727909409788e+00, -4.660412990817243e-01, -7.510396552778806e-02, -4.586061861634630e+00, -4.506711672691620e+00, -1.547829226621588e+00, 1.684703682724054e+00, 1.302044479505204e-01, 4.343598383218576e-02, 3.845920732459006e-01, 2.118894094565845e-01, 4.783625234881002e-01, 3.608754447919735e-01, -1.681181485283823e-01, -4.438577606657480e-02, -4.184525833550096e-02, -9.234927485527574e-01, 1.654221276115496e+00, -3.621032940822264e-02, -4.193294421925650e-01, 1.960417597853834e-02, 4.153863665800127e-02, 7.976665943122926e-01, 3.396572582050711e+00, 4.328739939394803e-01, 3.197570538927454e-01, 1.340690555465675e-01, 3.833828029486240e-01, -1.554446029317474e+00, -9.841616560631640e-01, -7.190594775818428e-02, 1.234511354196440e+00, 1.927954005079217e-01, 1.249864170557840e-01, -8.025481583781843e-02, -1.709424218190541e-01, -7.652831017654370e-03, -2.966661746676569e-01, -6.577383039010395e-03, 1.736393990694612e-01, 1.245676816714500e-01, 6.947829688336894e-02, -2.920595789750192e-02, -6.992229464116586e-03, -3.555806814956798e-03, 8.000662503959380e-03, 3.945441414035715e-01, -4.844635118381174e-01, 8.907487913070200e-01, -2.169396977857462e-01, 1.845283367179448e+00, 1.501636600411945e+02, 8.344506783415040e-01, -4.110811226096881e+00, -1.846686726511193e-01, -2.044584260454594e-01, 3.921278486511969e-01, -1.399399987959714e-01, -3.459437841728891e-01, -5.750740897590124e-02, 1.879959140667040e+00, 1.937181580771948e+00, 1.432760394927298e+00, -6.040062363166320e-01, -7.605635807735167e-01, -2.197390616898103e-01, -1.002615368313966e-01, -1.050930795982385e-02, -7.645822866348034e-02, -1.019579766134678e-01, 3.420303116630832e-02, 1.993162896174959e-02, 3.790294931307432e-02, -3.809522191824847e+00, -1.664897529211272e+00, -9.505962477565357e-01, 7.367131440667211e-01, 5.548384628323231e-01, -3.471118571963124e-01, -1.958638874139093e+00, -6.209058664064306e+00, -3.112112871744098e+00, -1.062258083952729e+00, -5.349980585322386e-01, 5.154559489228515e-01, 1.048607319215027e+00, 1.104305569633558e+00, 1.865584503452059e+00, 3.813772516042069e-01, -5.789894440588994e-01, -3.344196168772823e-01, 6.057663143978360e-02, -6.565008860344719e-02, 3.210034816662952e-01, 1.617104026621261e-01, -2.538868199409799e-02, -6.828283414084786e-02, -7.061272493005873e-02, -1.371749628154573e-01, -8.019156112083228e-02, 6.811000470217034e-02, 6.535273952621252e-03, 5.403632429931451e-02, 2.525164088420937e-01, -4.514041344925495e-01, -1.185746731983490e+00, 4.031417908816939e-01, -6.533782164512600e-01, -5.317015688575527e+01, -1.117988029761347e+00, -4.267151673758166e+00, -7.885284116177969e-01, -8.730293445532598e-01, 1.674266228449717e+00, -5.975411366950160e-01, -1.996879633992208e-01, -2.754857502575078e-02, 2.222676752397841e+00, 7.281347750411951e-01, 3.956051128970207e-03, -8.070631053742231e-01, -1.952021672135714e-01, -6.971871964963459e-01, -7.250106558465448e-01, -2.876769375033212e-01, -1.543746465779678e-01, -2.130190481033609e-02, -4.204296207048584e-02, -3.504128898035191e-02, -4.788525235640743e-03, -7.934006147569614e-01, -1.070384577631815e-01, 6.420974424108893e-01, -1.594317450363843e-01, -4.505170415517454e-02, 1.092004845490568e-01, 3.702530539066147e+00, 7.600412180905110e-01, 9.168378061172801e-01, 1.935595196706658e-01, 2.056766426298785e-01, -1.367497994677498e+00, 1.393650795521361e-01, -4.213691227771024e-02, -4.515354528064840e-01, -4.535715587331505e-01, 6.318805401992456e-02, 9.316328334434644e-02, 3.210184321458855e-02, 2.221032870911139e-01, -6.114871711892972e-02, 2.828282739067857e-01, 2.368609580499439e-02, -4.892955267995283e-02, -2.275804004107689e-02, 2.607534991516807e-02, 3.911729591653259e-02, -3.359068462883198e-02, 1.482236043514823e-03, 6.914291057292506e-03, 6.213949599137285e-01, -2.214605617709977e-01, -1.619616009607240e+00, 7.170900751313016e-01, -5.083458745724155e-01, -4.136763298284087e+01, -3.241732275659275e-01, 2.267741042181916e+00, 1.585997494163849e-01, 1.755960356853448e-01, -3.367523329285639e-01, 1.201856517648788e-01, -2.607174805180786e+00, -1.455489863628722e+02, 3.628631789558301e+01, -4.127084373328138e+01, 4.901434822001142e+02, 5.805856753297040e+02, 5.011389565390437e+01, -1.918418469679602e+02, 3.545312334506773e+02, -5.063251589541748e+01, -1.034353631566838e+02, -4.150107375552162e+02, -1.702275349780871e+02, -1.645852064100862e+02, -1.542743302871513e+02, 3.226919017505062e+00, -4.780364228429189e+00, -2.424428753265244e+02, -4.769604891484880e+01, 2.809958689177775e+01, 1.964344763914434e+02, -5.679088746820511e+01, -1.686810082906011e+02, -3.961273372123018e+02, -1.418437211703264e+02, -9.039348190818858e+01, 1.882310377865685e+02, 1.412161058750433e+02, 7.455329021006482e+00, 4.768450202686667e+00, -2.064331363780530e+02, -4.607786926898639e+00, 1.720999876271320e+02, 3.408552107182685e+01, 1.339258781756480e+02, 3.656103762679760e+01, 6.653865125113019e+01, -7.111180461968151e+01, -5.174356339910004e+01, 3.483299717678889e+01, 5.120885645328626e+01, -5.888961202002704e+00, 7.322144417487620e+01, -2.581627904181708e+01, 7.499490855007173e+01, 2.977622018499124e+01, -8.393325454871027e+01, 5.412906926837763e+00, 1.187428892549040e+02, 8.056657914384894e+01, -4.694808638556345e+00, -1.666791032000184e+01, 6.881265782876096e+01, -1.011718019477889e+02, -1.193356412271139e+02, -5.007128693071714e+01, 4.847865255393020e+01, -3.518256259648760e+02, -2.727400885822335e+02, -3.127077794367906e+01, 1.817317085999845e+02, 2.434627493289822e+02, 5.237316303196881e+00, 7.491616834544331e+01, 1.275534962256063e+02, 1.527852097134270e+02, -3.315178805866752e+01, -8.129535777495143e+01, 3.339362505104264e+02, -1.186207670707747e-01, 1.532470307282228e+02, -3.168817802295107e+00, 4.890115379939110e+01, -4.933612305331156e+01, -1.087213401027131e+01, -9.703630939878119e+01, 4.006075584697599e+01, 6.844852849229191e+00, 6.341079841045826e+00, -1.169683542218412e+02, 8.342050682408614e+02, -1.605827992009862e+02, 1.194552654650392e+02, -2.154178272930400e+02, -1.044771593290296e+02, -4.445051372561613e+01, -1.309350956268573e+02, -4.628434475457247e+01, -2.000594807666997e+02, -2.602521391921016e+01, -4.998305248365267e+01, -1.258159569711068e-01, 3.891979121422538e+02, -1.638073069415943e+01, -9.504188508910052e+01, -5.857269544931734e+01, -7.761360090575018e+01, -8.878449543681532e+01, -8.020606539703634e+01, 1.914146315835762e+02, -1.179348260410246e+02, -7.650064299530879e+01, 6.499556853853575e+01, 1.370106952512374e+01, 6.852484966892675e+01, 2.944029004149506e+00, -8.508781466705960e+01, -1.211095683515121e+02, 4.299387616737121e+01, -6.584503949537908e+01, 2.549225017163503e+01, 6.443756098013689e+00, 8.158670162158261e+00, 5.036515176105146e+01, 3.790505793502919e+00, 5.813937734430228e+00, -1.518400629150391e+01, -2.181741794806355e+01, -7.006014991376933e-02, 1.766683396150746e+00, -2.678468961415038e+01, -6.434838835794726e+01, -2.043745686560046e+01, -3.777678684423118e+01, -2.552882189083588e+02, 5.283472044566221e+01, -3.482022208549674e+00, 5.269380429235499e+01, 9.168312109798315e+01, 4.329755928652648e+01, 2.465139975051963e+01, -1.132843734349375e+01, -9.608170367510138e+01, 1.090504952222819e+02, -4.562022326444444e+00, -2.411679212663544e-01, -2.753996687562378e+01, 2.904323272940940e+02, 5.726282175722840e+02, -4.358731386216193e+00, -8.088223102507321e+01, -1.420302719830549e+02, -2.390668915354833e+02, -2.074266417311605e+02, -5.216315585648992e+01, 1.241115590872709e+02, -2.508486446376806e+02, 2.328885597673555e-01, 4.190697765792696e+02, 8.731280299291329e+01, 7.247882772857523e+00, -6.435068162334193e+00, 5.435484622271628e+00, 3.935663930886898e+01, -3.509785970094437e+02, 3.587743896982567e+02, 3.469362763607140e+00, 6.140442944001750e+01, 3.549769237527688e+01, -1.264033544861548e+02, 5.464904943488167e+01, -5.499252448451248e+01, 4.370523617383188e+01, -1.546905428180397e+02, -9.445604856840171e+01, -5.163760136823922e+01, -1.899155455188967e+02, 1.677677293253098e+01, -4.789277251765127e+01, 3.305499076926780e+01, -1.833066767616609e+00, 1.059777940456754e-01, -1.264440253045951e+02, -1.498508735783885e+02, -2.030429718083809e+02, -4.197316539327157e+01, 2.384757790049666e+01, -6.565021692555304e+00, 1.053488484212934e+02, 6.488169426402183e+01, 6.714114490416233e+01, -6.099256274045366e+01, 3.542481792225248e+01, -3.835377916976197e+00, -1.003827412965231e+00, 5.408832478552330e+00, -5.107960589934059e+00, -3.803864896203309e+01, -1.244529594597301e+01, 1.161002469868063e+01, -4.980215548902933e+00, 1.509315378691391e+02, -1.278229064021491e+01, -1.070375873390684e+02, -1.173165448429993e+00, 7.710594596689366e+01, 1.660220518984815e+02, -6.082998783489320e+00, -3.510743453025067e+01, -4.941981464524558e+01, 1.289913809238468e+02, 4.340583175806871e+01, -1.107800980612371e+02, 2.901914604243306e+01, 1.006514902094647e+00, 6.633158638460285e+00, 4.734374470620929e+01, -4.484733200700597e+00, -3.909231245194770e+01, 6.175730834009630e-01, 1.901269296971116e+01, 5.861750585473049e+01, -7.322965146683256e+01, -5.370400650080417e+01, -2.400614082795279e+01, -1.175190206411935e+01, 1.036341160792332e+01, 3.007950899077768e+01, -1.092273562018856e+01, -6.278800407175314e+01, 4.184344024509217e+01, 5.818885249732119e+01, -2.948704276550325e+01, 9.559970189838241e+00, 3.707813507635693e+00, 4.259148187203333e+01, 5.856396286898249e+01, -3.849809892883607e+01, 3.095687531090438e+01, -8.485546966445465e+00, 1.058216533540834e+00, 9.030090641505412e+00, 2.195226150528627e+02, -6.055169534397053e+01, 3.848479759445865e+01, 1.786570158964989e+02, -3.936135798598157e+01, 3.130838041682182e+01, -2.366500930809163e+01, -1.480510623801804e+01, -6.347702594950712e+01, -1.881627153700169e+01, -2.014387886351134e+01, 3.698908715081764e+01, 7.198425141519421e+00, -7.200327302153132e-01, 2.595280315272408e+01, 1.150263920712033e+01, -9.642584397957977e+00, 2.511142797079564e+01, -1.913473799861296e+01, -1.234072483127947e+00, -7.882025465568242e+00, 1.489705494707325e+01, 3.911875065063295e+01, -8.223883649063929e+01, -1.676063221492337e+01, 5.201486890228475e-01, -6.276047872692570e+01, 3.238221365690725e+01, 7.671765268066558e+01, 1.754267910719585e+01, -5.595119579495013e+01, 3.952500199950530e+01, 6.804051068991279e+01, -3.083455324426925e+01, 6.652890883279916e+01, 1.530364489520889e+00, 2.322132241316325e+01, 2.337376855068116e+01, -8.561521339029738e+00, -2.366021484605006e+01, -2.535459343449981e+00, -3.115437980764704e+01, 1.086736038826963e+00, -9.637973079510683e+00, -1.244354462334019e+01, -5.572517149993434e+01, 1.064329341566357e+02, 1.206502386750116e+02, 4.151240470115301e+01, -3.970224394422991e+01, 3.672189737895224e+01, -4.472672086166012e+01, -7.630641256345977e+01, -8.739063610383276e+01, 8.068491774668706e+01, -2.240085192761801e+01, -5.956508930781736e+00, -3.367785931697149e+01, -8.162045711949956e+00, 5.602516916844218e+00, 7.238222852609214e+00, 2.412833417859123e+01, -2.013580448484271e+00, -8.454753304931874e+00, -6.904730738505832e+00, -1.355528332556255e+01, -5.729060465681475e+00, -6.081684339820396e-01, 1.397682400284878e+01, 1.811096112420655e+01, -1.268211683146744e+02, -1.066459328453190e+02, 7.754054857572679e+01, 9.139039594150523e+01, 1.256743301933803e+02, -4.629812070911611e+01, -4.490818683660596e+01, 6.539168371400142e+01, 8.316088109629949e+01, 7.276516493062525e+01, -9.530560334339778e+00, 9.665571944145809e+00, 2.320159859856131e+00, 1.084375310200991e+01, 1.275417031916514e+01, 1.414837963681594e+01, 2.822787552509505e+00, -8.952784430942373e+00, -6.984505672699608e+00, -1.693036551605842e+01, -1.601703768823437e+01, -4.230899114337705e+00, -3.529345996367130e-01, -1.179793104429201e+00, -5.748386196385955e+00, 6.134617158741777e+01, 2.361330990521227e+01, -5.065386258169205e+01, 1.169979268379609e+01, 1.034975804272589e+02, 1.412977694689686e+01, -6.916304918305116e-01, 7.840471609113173e+00, 5.632852082640202e+01, 4.958423110270508e+01, -1.484468413582862e+01, -1.209601346352111e+01, -1.021370169575499e+00, 1.413193878313422e+01, -1.873010917097661e+01, 1.599104221416075e+00, 6.756672031381662e+00, -2.240169385060736e+00, 4.117511284731625e-01, -1.840000746340813e+00, -6.126600346192944e+00, 7.619474855238429e+00, -8.493937369098122e+00, -7.051632569953912e+00, -5.897788298028688e+00, -6.798589404339113e+00, 2.385641433443191e+02, -1.289015848339069e+02, 9.393773765775761e+00, -3.103638932443175e+01, -3.428990268374987e-01, 2.076690419137868e+01, -7.723270085066651e+00, 1.758110632178004e+01, -4.180693228774416e+01, 2.031974340396931e+01, -4.538059217883647e+01, -4.130905259439695e+01, -1.450953716095307e+00, 7.622959999733419e+00, -3.130254198434324e+01, 3.428672177515489e+01, -7.723024731708566e+00, -4.078267491939305e+00, -3.923147765476951e+00, 1.605072445191240e+00, 3.893092515261110e+00, -3.396007504254766e-01, 8.885556876974189e+00, 2.906360207965162e+00, 2.392694276630771e+00, 6.471488738684337e+00, -4.500710396217645e+01, 6.345817119379623e+01, -5.387177265360691e+01, -3.870860695893835e+01, 1.315126559153397e+01, -6.779004619795933e+01, -1.021920717983665e+01, 5.934799607839188e+01, 1.501749873080680e+01, -4.731847572778497e+01, -5.278928951543217e+00, 1.557981578053168e+00, 8.425694702027190e+00, 1.023817383351993e+00, 3.219740578433425e+00, 1.376504108846337e+00, 1.653137432130427e+01, 9.571045503505632e+00, 3.227106044529221e+00, 6.493323053295335e+00, 3.110969802932923e+00, -5.043916146245716e+00, 3.416261027031902e+00, 5.343183721526522e-01, 4.849520979988506e+00, 6.568547848600860e+00, -2.727921186105282e+00, 2.967139697369527e+00, -4.911555249860851e+01, -1.383821433202097e+02, 1.100479269416620e+01, -3.475743804949551e+01, 2.946386414923816e+01, 1.571633082408900e+01, 1.045748046881494e+01, 2.333452272547629e+01, 2.206232868718933e+00, 1.528741449736136e+01, 4.290236815208465e-01, -1.980852806613252e+01, -7.212667617164431e+00, 8.701908716227539e-01, -7.956565107854759e-01, 1.130761292609701e+01, 3.669486441381287e+00, 3.399276680283098e+00, 7.657468848803550e-02, -2.849305244712003e+00, -1.281593126580344e+00, -1.551788465081976e+00, -3.682351828883071e+00, -1.446602095502576e+00, -6.362512362651714e-01, 1.051973090106116e+00, -3.205706452727597e-01, 2.715648010353066e-01, -1.162083870784595e+00, 8.247169651353861e+00, -1.882356815868632e+02, 1.435190615843681e+02, -1.312439700739543e+02, 2.358189611794911e+01, 2.276705385040061e+00, -1.048285462246607e+01, 4.512638407594731e+01, 1.667401675543898e+01, 5.929683657410203e+00, -1.718726237903234e+01, -2.988312493210299e+01, -8.844147339510224e+00, 1.067514422238883e-02, 2.490252102009342e+00, 1.128953265124987e+01, -1.159731943239300e+01, 3.749056215295789e+00, -5.716989237590184e-02, 4.276923914010961e+00, 3.138978803153106e-01, 1.596781381534851e-01, 2.011885213429322e-01, -5.993033620617731e-01, 7.008135201268062e-01, -4.885271799592971e-01, -1.547710669764764e-01, 5.487107496373486e-02, 3.266153223550426e-01, -1.373665691351158e+01, 3.941312324574824e+02, 1.182839565560794e+03, -1.431665030104390e+03, -5.796559859383148e+01, -1.183040613878297e+02, 1.763921829376724e+02, 3.353884225576613e+02, -2.209699773645078e+02, 1.312090807469722e+02, 1.888996913341174e+02, -2.171977272857426e+02, 7.854661054846679e+01, 1.931887458911007e+02, 4.999054724392083e+00, -1.233214992037252e+01, -7.500359046992293e+00, 2.080013637813277e+02, 3.257732743183450e+01, 8.652463126802536e+01, 1.269888064213914e+01, 2.271593810367195e+01, 3.257313939338636e+00, -1.994339748337406e+01, -1.524812208397009e+01, 9.250009816650813e+00, -2.813020258204102e-01, -8.582887982683838e+00, 8.876392827159842e-02, -2.809272586510612e+00, -4.086104434749696e+00, 2.926675317783089e+01, -1.291433109250833e+02, -1.624602836962405e+02, -3.207344902959434e+01, 7.373895014332966e+01, 8.596460913644978e+01, 1.406050301236508e+02, 8.795523839081210e+01, -6.311343871769624e+01, -7.961280181959184e+00, -1.301388842339414e+02, 1.272045481139333e+00, -2.001816603877135e+02, -1.556433071372991e+02, 7.165350886979891e+00, 5.426917135084695e+01, -1.055062202350938e+02, 3.352692627731133e+01, -4.466428848840373e+01, -1.048329844178997e+01, -1.417859059268283e+01, -2.163518992434864e+01, -1.814504845435792e+01, -1.189891007048590e+01, -1.197419526078780e+01, -1.370779922970876e+01, 1.633848177138390e+01, 1.245353748086634e+01, 1.766703350806341e+00, -4.338252149057101e+00, -2.850180704214305e+00, -2.815548909994523e+00, 3.844014697097972e+00, -2.894550335256142e+02, -1.091186066073871e+02, 7.046565583998303e+01, 1.534714411474482e+02, 8.856477610813732e+01, 1.886091382322497e+01, -2.539129660856033e+01, 7.621618893062336e+01, 3.717634027529853e+01, -5.032604042000833e+01, -7.028243057017905e+01, 1.474160114049184e+02, -1.100711619400233e+01, 2.350957353330072e+00, -1.984566366614558e+01, 2.704349055882320e+01, 6.764298240993440e+01, -1.074022368348241e+00, 1.211720255626789e+01, 1.661040631066005e+00, -2.598059814045067e+00, -1.957566884338703e+00, -1.921597783189735e+00, 3.093056784059038e+00, 1.612324625196190e+00, -3.657559138530147e+00, 1.166669889346112e+00, 1.249570682991798e+00, -2.937143017576380e+00, -9.349424116927056e+00, -1.793334665730432e+01, -3.146838198117400e-01, -7.377183459851544e+00, 3.636207380184657e+02, 2.631885922793496e+02, -2.977868834444890e+02, 6.467224604947241e+01, -8.067013469890450e+01, -5.828921698719102e+01, 1.131505958765447e+02, -9.199777655384604e+01, -1.433891827436449e+02, 8.010095146991281e+01, -4.482642441577632e+00, 5.257511772196741e+01, 3.417895699120636e-02, -2.740801748676573e-01, 7.341759758297640e+00, -7.758592442980640e+01, -2.050674141555009e+00, -2.262271079797101e+01, -2.547017920899524e+00, -1.545646348051456e+00, -1.707141697332968e-01, 7.326666270369850e+00, 1.403355431890805e+00, -4.967996881364455e+00, -1.638457210432442e+00, -9.593514663692513e-01, -1.514031567116155e+00, -1.585571795269399e-01, 3.398453432145420e-01, -5.281481873891421e+00, 1.435185921556115e+01, -2.689462352587079e+00, 1.259927963304262e+00, 2.872305874509253e+00, 3.188193139259151e+02, -3.677289822041923e+02, 4.066210893840940e+01, -7.901915078110635e+01, -1.127197813623435e+02, -3.989943727806498e+01, -1.822294514360804e+01, 3.493996885195016e+01, -6.512570521731313e+01, 4.048488362861374e+00, -4.787818917502122e-01, -2.378997884277666e+01, 1.239101662238523e+01, -1.454701661129717e-01, 1.678732132634524e+01, -1.800854828775685e+01, -4.454008142563176e-01, -1.302489927600076e+01, 7.286361176427995e+00, 4.764758165703399e+00, 7.158878190098561e+00, 1.217138776137202e+00, 2.113187841762576e+00, 2.386008546042585e+00, -2.198608262771769e-02, -1.760214718017987e-01, -2.481150889734491e+00, -6.067730281482961e-01, -7.304918374279836e-01, -4.333422902630432e+00, 8.177184314213221e+00, -5.629614263063034e+00, 1.046880720728427e+00, 3.196501418613731e-01, -2.353784024562569e+00, 1.425858599677024e+02, -1.197587881696953e+02, -5.194363082498433e+01, 4.190557739711083e+01, 2.202786303699190e+01, 4.972234993299328e+01, 1.913980295142406e+01, 7.489416805518135e+01, -8.517767164588531e+01, 3.423967172126939e+01, -1.995424461165656e+01, -3.372142100294104e+01, 1.068202873151181e+01, -9.249474888663051e-01, 6.327179779711767e+00, 1.140441454790065e+00, -7.308574984558869e+00, -2.677410258671977e+01, -3.361944040334570e+00, -2.470519295978434e+00, 2.894285543029813e+00, -1.322303503873370e+00, -2.874150143730267e+00, 2.551788332441723e-01, 1.968113347382920e+00, 3.938997564612640e-01, -7.418196180251843e-01, -5.240459328208904e-01, 6.557087885236673e-02, -1.150931573683958e+01, 5.813377635446365e+00, -6.722701155510097e-01, 2.144821445532098e+00, -3.502882456422608e-02, -2.519926460140237e-01, -2.191254613638673e+00, 1.610049543584457e+02, -6.797477532267780e+01, 1.140910552031907e+01, 9.999188482580630e+01, -1.042736957138401e+02, 6.392497608844643e+01, -8.459495699773527e+00, -1.402328432482611e+01, -3.955889070698124e+01, 2.051667229754871e+01, 3.420915998673928e+01, -6.820365359754104e-01, 5.920459013791853e+00, -1.917577513606948e+00, 7.125436489131625e+00, -2.473793167064201e+01, 3.717462492257230e+00, -1.773235880124110e+01, -1.704154829766773e+00, 7.462524198115457e-01, -2.040590758973555e+00, 5.205270651628013e-01, 2.951758640095698e+00, 1.387814296524365e+00, -2.078690921554819e+00, -9.102961821029401e-02, 3.152778463888570e-01, -6.920532440543523e-01, -2.586813472305960e-01, 2.206636375151922e+00, 3.856852263910203e+00, -7.660354643874986e-02, 6.832269235800934e-01, 2.256784898117575e+00, 5.883963810685641e-01, 9.644054707872728e-01, -6.287056592156106e+00, 8.459137940135200e+01, 1.759222730304045e+02, -1.192587178688024e+02, 3.877158154076388e+01, -6.256995926970355e+01, 8.331583061381140e+01, 9.816477332868471e+00, -5.465392612248254e+01, -2.184972228636105e+01, 3.725698665641459e+00, -5.918632583554811e+00, 4.720656921612615e+00, -1.771386382655074e+00, -9.556684086383199e-01, 2.439997268430827e+00, -1.999624819625688e+01, -3.006539250707615e+00, -3.165750584453075e+00, 4.914324118824462e-01, -1.984701168357776e+00, 4.879961362336947e+00, 1.284585934454556e+00, 1.665350607934364e+00, -5.605540053942716e-01, 7.797671062041956e-01, -6.913564287705088e-01, -2.709081652046078e-01, -2.159734630573104e-01, 3.588393751691137e-01, 6.634762669502837e+00, 4.142143836866655e+00, -4.431532163179869e-01, 8.530473660067611e-01, -9.386906313631799e-02, 7.185215032243935e-01, -1.132792372464622e-02, 4.737534749844374e-02, -4.518278520147404e+00, -1.599580180008640e+01, 3.305863526866663e+01, 1.305895159435556e+02, -3.038422273265488e+01, -1.987561406567887e+01, -1.899648606346300e+01, -3.936139227336577e+01, -2.739026314555691e+01, 1.415996027507127e+01, 1.387890807214312e+01, 3.376404491559582e+01, 6.417122819364182e+00, 4.817355670291943e+01, -1.539937654074251e+00, 2.481348553186403e+00, -9.713678632216999e+00, -1.141248219043335e+01, -4.675735779183517e+00, -2.589308869221006e+00, -2.532734056115842e-01, 7.562231389985300e+00, 3.104193918133576e+00, -1.722742789846768e+00, -3.678564195199755e+00, -5.303548619035097e-01, -1.102929850124298e+00, -2.583376902121390e+00, -6.275506885713802e-01, 4.673205893238771e-01, 3.181838917870637e+00, 5.472649600334677e+00, -2.190240034218207e-01, 1.773228677589559e+00, 2.666192184802983e-01, -5.247322292789466e-01, 4.514334846933424e-02, 6.538020253033552e-01, 5.581072352396099e-01, 3.485562431402315e+00, -1.405028492659106e+01, 8.610733680442847e+01, 6.768241431181049e+01, 1.854727043205958e+01, 1.029094960620462e+01, 5.367334189687301e+01, 6.612862270510455e+00, -6.095836147111279e+01, 6.251015452757366e+00, 1.173633299639803e+01, 2.934980677619325e+01, 2.614400627892876e+01, -5.642294418962027e+00, 2.113769423053585e-01, -7.796269894161085e-01, -4.697655858229752e+00, -2.922040462770672e+00, -6.997812299811232e+00, -2.970829488250618e+00, -3.772262183489056e+00, 2.258890076096467e+00, 3.028433759496987e+00, -1.430484795054634e+00, -1.450166017637828e+00, 1.124088104733055e-01, -8.001281094387149e-01, 1.509389818397634e-01, -2.397922277838363e-01, 4.714438389635018e-02, -7.128711137932321e-01, 3.652240687719265e+00, 4.465940904085124e-01, 1.180427907496736e+00, 6.285520943253216e-01, -5.551311947587826e-01, 2.891237016664123e-01, -1.746790751576702e-02, 3.462033186090581e-01, 2.530419700638368e-02, -2.760282091431048e+00, 2.820116651907641e+01, -8.736256212825928e+01, 4.231913792074882e+01, 4.277010345696152e+01, 4.384264898565532e+00, -1.319778473452261e+01, -6.607190306314098e+00, 2.468218157571407e+01, 3.272894321776358e+01, 1.819402979082194e+00, -6.667224147702854e+00, 2.586020337979257e+01, -2.929151160352939e+00, 1.156615135887655e-01, 3.574144744353071e-01, 1.419603070268555e+01, -5.459296000762195e+00, 3.972384943810397e+00, 3.224579957988476e+00, 2.602543742688368e+00, -9.324891724029627e-02, 4.909562274982799e-01, -1.437989346494706e+00, -4.663532500099528e-01, -1.158189495596636e-01, -2.149560582725614e+00, -1.118959364773910e+00, 2.546564441641987e-01, 6.175116079614814e-02, -9.866586626153236e-01, -2.453143356101942e+00, 5.168150343878396e-02, -5.753283388388920e-01, -1.390642980723061e-01, -9.060786823589062e-02, -1.935835517994985e-01, 3.737893878649672e-01, 2.796475031964179e-03, 8.135484391159269e-02, 2.755907108930574e-01, -3.176230219526856e+00, -2.540912246942890e+01, -6.278848578262184e+01, -5.471102070694080e+01, -1.290381500208189e+01, 1.453063622661798e+01, -7.006192679463720e+00, 2.642096746624851e+00, -1.741084823337472e+01, -6.473486732783322e+00, 9.412837228114123e-01, -3.795551034003082e+01, -2.260084767578122e+01, 3.441671555993608e+01, -1.077234169382562e+00, 1.628840931387027e+00, 2.438154229588841e+00, 1.357430979145990e+00, -1.829257092115089e-01, -8.194497497656333e-01, -1.112907030340987e-01, -1.059134192270940e+00, 1.102044717560218e+00, -9.359574079303028e-01, 8.955470635140861e-01, 8.585843291119063e-01, -4.799585678002148e-01, -4.872987309335920e-01, -1.664978952540472e-01, 2.225869224563582e-02, 1.029029259748833e+00, -2.153105550456180e+00, -1.686208720604813e-01, 1.908410182032531e-01, 2.735929663811554e-01, 6.130163047131301e-02, -2.377874740105212e-01, 9.093631627404901e-02, 4.250462345173032e-02, -2.257798448823042e-01, 2.059971895605139e-01, 6.165084255308034e-02, 1.021521096897228e+00, -4.321457910610054e+01, -1.170778996944906e+02, -3.095893537388564e+01, -1.169380185195093e+01, 2.305132426751965e+01, 1.141617982084526e+01, 8.993077720810582e+00, 3.149889620387059e+00, 1.786328393035269e+01, 1.305712932456152e+01, 1.209025023621204e+01, -7.171973999579661e+00, -1.171753629853532e+01, 4.116898771339412e-01, -5.362418014093208e-01, -3.751981995622922e+00, -4.688343843739373e+00, -1.752679921560735e+00, -2.195619944871636e+00, -3.659015481736719e+00, -1.141331373288059e+00, -1.223385067830085e-01, -8.530106426774293e-01, -9.277881575892741e-01, 7.404151939295388e-01, 6.694661858336324e-01, -3.223201785881272e-01, 7.225764294853064e-02, 1.660760125043664e-02, -8.201137263774008e+00, -1.692196361273556e+00, -7.815065993065429e-02, -7.157084293269282e-01, -3.433414726866580e-01, -4.302015563895725e-01, 2.161975032951627e-01, -9.992677528316930e-02, -9.919464728967589e-02, -1.454449365690881e-01, -2.798971991319163e-02, 5.727844295009805e-02, -7.510396539487359e-02, 6.871698214796275e-01, 2.872504345798351e+01, -1.595446348891678e+02, 1.262591409554466e+02, -1.143221252855465e+00, -3.242664274787887e+00, -4.558715784482676e+00, -2.419527719245057e+01, -1.261758641695047e+01, -2.931159568356412e+01, -2.971422850159925e+00, -2.943238886547734e+00, -5.373916380068178e+00, -2.005373454400425e+00, 5.032533801691964e-03, 1.552619209529118e+00, 7.383387986247633e+00, 8.239508702222928e+00, 3.498244805884913e+00, -1.279969580155242e+00, -8.659393565063718e-01, -1.588466685144045e+00, -2.069898552346842e+00, -2.306155238145365e+00, -1.519106640134233e+00, -2.264604561337455e-01, 8.897378934154131e-01, 3.149348655434288e-01, -1.334076283156962e-02, 9.340585001004779e-02, -3.375858079007231e+00, -3.001217135964127e+00, -1.386010197711208e+00, 1.008909343214738e-01, -6.171256144818386e-02, -8.730437034995572e-02, 1.342033166953739e-02, 8.019985261445380e-02, -3.955611062036236e-02, -1.436827499056954e-01, -1.282711844840545e-01, 3.277174887912453e-02, -4.184520763226851e-02, 8.000686915422649e-03, 2.570107584292820e+01, -1.998143178276141e+01, -6.410672132484124e+02, 8.087494359925306e+02, -2.922846723936896e+01, -4.821021416318335e+02, 6.156968750343826e+02, -2.587118029196578e+02, -2.684319046606499e+02, -8.662390232399591e+01, 3.735367078134706e+02, 1.909201013370125e+02, -9.370879802542697e+01, -6.843043933808661e+01, 6.682182527812450e+00, 3.009648992477553e+01, -2.881684831744196e+01, -5.200429484340187e+01, -4.112182520196397e+01, -2.973776991381145e-01, -4.579115954921708e+01, 1.020113414817465e+01, 4.629607750899071e+00, 3.567387808930859e+00, -1.979639042733089e+01, -2.025377474426302e+01, 6.784417318099012e+00, 7.518963020492967e+00, 1.119221549357788e+00, 6.005509469349317e+00, 1.665978331396261e+01, 1.529242869193992e+01, 1.296178089677197e+01, 6.609397731423229e+00, 1.229104130820850e+01, 5.820540488283600e+00, 3.166695395282242e+00, 4.335561716036489e-02, 2.076962422777375e+00, 2.853668591047782e+00, -3.738223707404199e-01, -7.827296311196473e-01, -9.234943818538085e-01, 3.945437187658209e-01, -2.452521083899524e+00, 4.149479810789008e+01, -5.668457507226302e+02, 5.503036041767302e+01, -1.773912646464549e+02, 4.036225408484050e+01, -2.589815919768363e+02, 1.118274099455024e+02, -4.134608936431312e+02, 2.368410166985160e+01, 1.546628334840620e+02, -1.341403777637591e+02, -8.352871509662005e+01, 1.557726380666728e+02, 7.207326655272513e+01, 2.081615162818559e+01, -4.272015028559438e+01, -4.392461550909808e+01, 1.940550905529226e+01, 5.945500549572557e+00, 1.929612918220878e+01, 2.323327048773582e+00, 2.982311198424100e+01, 7.775703985817528e+00, -1.168658136123258e+01, 1.165978287150700e+01, 6.865550597967294e+00, -6.132597400244216e+00, -4.000864909179737e+00, 7.960695889345327e+00, 2.767151336839107e-01, 9.816561500398898e+00, 7.501447331157220e+00, 2.688718059008429e+00, -6.474346025140586e+00, -1.187368904236852e+00, -5.252752520364574e+00, -2.379532370243076e+00, 2.304013552832710e-01, -2.924059983104978e+00, -1.876667386582856e+00, 8.621824135625100e-01, 8.781983522271225e-01, -1.654222244297873e+00, 4.844631103090327e-01, -1.692794744659307e+00, -1.190496280083830e-01, 1.689306872719324e+01, -4.154985786382518e+02, -2.702754637531331e+02, -1.847452850163861e+01, 1.383702814491816e+01, -2.365550086070302e+02, 1.752291023924870e+02, 1.062070095520614e+02, 2.595404646751879e+01, -4.345223773828695e+01, 2.741925522639184e+01, -1.831819276841845e+01, -2.754560316792476e+01, 1.960975144977565e+01, 4.542025180520912e+00, -3.593594684155926e+00, 4.658338863947122e+00, 3.494834223479384e+01, -3.831834109755057e+00, -2.190392375558269e+00, 1.085376093481067e+00, -6.238926022255974e+00, -1.881530252976024e+00, -4.822893279859602e+00, -5.182796428387159e-02, 9.485529969249341e-01, 4.746358229273619e-01, -1.429602983691295e-01, 1.555577621941403e+00, 1.045320315817309e+00, 6.899417463885719e+00, -7.386289104177510e-02, 1.469953954024822e+00, 3.336455730249339e+00, 1.222146801549121e+00, 1.136601472303366e+00, -3.455699780077480e-01, 1.547917818023498e+00, -7.435303603984796e-01, -5.093836882131101e-01, 2.318691096371158e-01, 1.428634310098646e-01, -3.621041127593640e-02, -6.559283699574929e-01, -7.831515289547574e+00, -4.178290353808762e-01, -9.913244174380206e-01, 1.519211587359985e+00, -2.005772613377161e+01, 4.838731717963776e+02, -5.572498385414352e+01, -6.401152101434823e+01, 1.231269188193927e+02, -2.853155381566291e+02, 2.346690041100181e+02, 1.025202142960798e+00, 3.963468431806277e+00, 9.803080285667992e+00, 7.386522297305589e+01, -2.065987026299037e+01, 1.334277278079352e+01, 8.491383549623457e-01, 1.502615038217046e+01, -4.068325249668474e+00, -1.011744110405492e+01, 2.673062061219686e+01, -6.813170361397939e-01, 1.900815296004605e+01, -1.692680090454815e+01, 8.976209606816644e+00, 2.121181326741167e+00, -8.201015303427936e-01, -6.936965305170990e-01, -1.489927055798621e+00, -1.642123479279607e+00, 4.821019353985986e-02, 3.159499062136403e-01, -1.525393542238288e+00, -8.308427263142107e+00, -5.598451335655764e+00, 7.819814811971935e-01, -2.078808760091021e+00, 2.669838423687800e+00, -2.160811799616251e+00, 4.337944570629305e-01, 1.115768260392606e-01, -2.535783016467084e-01, 4.203390775619116e-01, 1.682439869623262e-01, -4.193295725360150e-01, -1.373886417419948e-01, -1.477778295753595e+00, 4.993686081822972e+00, 2.749493473160331e+00, -2.371586389006488e-01, 6.626793986801350e+00, 2.079217837883115e+02, 1.300260475595374e+02, -1.992873588957733e+02, -3.664067556342497e-01, -1.192307291938632e+02, -1.792995213863418e+01, 4.788130183192763e+01, 5.958750881249440e+01, 1.475222443103730e+01, 4.446394961725727e+01, -2.732939944718533e+00, 1.968249332447389e+01, 2.686733486659249e+01, 4.113944669239730e-01, 4.470806257130414e+00, 8.282507465852332e+00, 9.733809288680476e+00, 6.326217725713201e+00, 1.518773505499450e+01, 2.937779210112346e+00, 5.082552810873047e-01, -1.978771266969693e-01, -4.012519298428131e+00, -3.553575797620217e+00, 1.355489480113813e+00, -1.577012919509297e+00, -2.253987141182355e+00, -1.794692195315303e-01, -9.387028174400072e-01, -5.618545471821722e+00, -7.788723256999468e+00, -1.602379219610752e+00, -1.563405277474650e+00, 4.930743306556200e-01, -7.655062298292198e-01, -1.029567959312614e+00, 3.657515216183121e-01, 2.070590857775732e-01, -5.020973333719391e-01, 3.044121955920960e-01, 2.791916666387880e-01, 1.960390981413015e-02, -3.015863481282427e-01, -8.329696558303242e-01, 2.061225098954220e+00, 6.591412976362085e-01, 1.195878835504329e+00, -4.281692418295311e-01, 2.235466688740160e+00, 6.404768983755741e+01, 1.024407455751621e+02, -2.640467389849877e+02, 1.608230997827163e+02, -1.125297643924653e+02, 1.262350486996178e+02, -3.472718304456793e+01, 9.460761492125975e+01, -1.737098188569562e+01, -2.695143774391522e+01, 1.121271755743886e+01, 6.567811828316517e+00, 8.443867386073642e+00, -2.537620405879040e-01, 5.772206263492109e+00, -1.127577859337095e+01, 8.333687569174888e+00, -8.512794356916029e+00, 1.544361515808415e+00, -3.898229275950774e+00, -9.355999715229155e-01, -4.169687822657139e+00, 6.981392837871441e-01, -1.369329313982109e+00, -7.936339824099043e-01, -2.100800329644251e-01, -6.956194860795919e-01, -1.287970302788894e-01, 1.290483988219772e-01, 2.774746121730246e+00, -3.169827399115948e+00, 4.644747645180193e-01, 5.692773336439758e-01, 3.765486576031837e-01, -1.026044695806108e-02, 5.004819686343427e-01, 1.471203375322676e-01, 6.117293249429068e-01, 1.799107879141255e-01, 1.601801529968405e-02, 5.873606634951816e-02, -4.153856525318964e-02, 1.115703995230853e-02, -8.442724025898785e-01, 2.070909946508996e+00, -4.663788404013753e-01, -9.566343705148895e-01, 9.130043096903297e-02, 5.234579456023000e-02, 1.910217718744008e+00, 7.270410817172439e+01, 1.872854747737830e+02, -1.783968564309527e+00, 3.285530919483083e+01, 7.743220452934245e+00, -3.270094377383451e+00, 3.051289815408741e+01, 1.555249790234652e+02, -4.413604180178031e+01, 1.521884625506672e+01, 1.365810430474095e+01, -1.514954888595208e+01, -4.382535471336548e+00, -9.798195497577572e-01, 7.895642158322761e+00, -1.577412790661694e+00, 6.556622473547731e-02, -4.199317519677136e+00, -1.377898861605630e+00, 2.822308880214392e+00, -8.346951138642588e-01, -2.377610118329000e+00, -2.504199112005427e+00, -2.594701296540525e+00, -2.096916777808524e-01, 4.076252332493175e-01, -6.303186725242506e-01, -4.249644125271484e-01, 4.884952845613376e-01, -2.915040056628951e-01, -1.737635858390393e+00, -1.535307390710887e+00, 1.231928257706572e+00, -6.706914216529399e-01, 1.931835217641753e-03, -5.500247642225236e-01, 8.979718588062066e-01, 2.862348637695404e-01, -1.008052631677722e-01, 3.578078761296313e-02, 9.167116485387265e-02, -3.489288092246687e-02, 5.149479695272423e-03, -7.040475326322037e-01, 9.233524956596277e-01, 2.995072899620968e-01, 6.512776961648405e-01, 3.972344506816170e-01, 6.760093056051760e-03, 2.151226955565697e-01, 3.028619010881064e-01, 1.239197757808491e+02, 1.923206284052524e+02, -2.435845472671764e+02, 1.888288514331080e+01, -2.274811945262748e+00, 2.816715598603530e+01, 1.332947235264423e+02, -3.813359898086398e+00, 5.357042452699074e+00, -3.626581229992412e+01, -1.197308410044215e+01, -1.489240336743958e+00, 7.745993143478331e+00, 6.008137853932472e-02, 2.814184788733002e+00, -2.518447766120864e+00, 2.293566182118647e+01, -3.394246629889288e+00, 3.244786490687833e-01, 4.013177696883757e-01, -6.370486328081090e+00, 5.191887080037774e+00, -6.758774306227058e-01, 1.037132571229045e+00, 2.780970954612381e-01, -3.228039203308672e-01, -6.205290365992275e-01, 9.106259381989608e-02, 1.810823239994168e-01, -1.915991646550810e+00, -3.346874242780365e+00, -1.461265471450954e+00, 1.612522192726041e-01, 8.802656289725255e-01, 2.116889274411147e-01, -7.077407132593567e-01, 6.683330125935588e-02, -2.616193573671959e-01, -9.665910656503278e-02, 3.349909605939171e-02, 3.752498279716709e-02, 1.052310794518861e-01, 6.092374137710318e-02, 5.870859848086692e-01, 7.518726020237438e-01, -1.846719911462601e-01, 1.368500831795939e-01, -3.224501436784046e-01, 9.623390224838770e-02, -4.224953880930912e-02, 2.841294287270902e-02, -3.454803200282988e+00, 6.329481581826636e+01, 3.651415232120621e+01, 4.845769499748231e+01, 1.524173397351028e+00, 1.297824765825021e+01, -1.885082607056161e+01, 2.755142373767108e+01, -1.102346378081915e+01, -6.179978097952645e+00, -8.151144902815620e+00, 1.896020507391835e+01, -1.291350980848153e+01, -6.397143537745965e+01, -9.811410124177224e-01, 5.006747054024251e+00, 6.743421972636113e+00, -6.168844353244790e+00, 4.023153500333076e+00, 2.746128406964675e+00, 3.951453007438490e+00, -2.035897718133640e+00, 1.197582825931490e+00, -6.899111903936846e-01, 1.024041481103387e+00, -4.528610694511312e-01, 4.211644635634090e-01, 2.690789212991744e+00, -3.034687794716009e-01, 5.627948293984351e-01, 1.017506318847874e-02, -6.182370203601782e-01, -8.598098055666020e-01, -2.974401535354571e-01, 1.939654264407497e-01, 5.435424371537871e-01, 3.484837565684085e-01, 3.830612222602158e-01, -3.133847917720900e-02, -8.793134996336495e-03, -7.700050959146658e-02, -2.173353698065696e-01, -1.030894159204133e-01, -1.079394648826983e-01, -5.691535886036281e-01, 1.067196542731041e+00, 3.716541272835691e-01, 4.637242859736161e-01, 1.910576984992669e-01, 3.826985142664975e-02, 3.729973676535976e-02, 6.694093357589390e-02, 3.224163487664013e-02, 1.020116058404513e+01, 9.419460007681047e+01, 8.431387294051268e+01, 7.034879467646351e+01, -4.132526118289178e+01, 3.207302728314551e+01, 1.621945057967529e+00, 2.500000781959151e+00, 2.189505287354215e+01, -3.146846446232779e+01, 4.104998231924233e+00, 1.095314773330557e+01, -1.569013967573123e+01, -3.236991800827330e+01, 3.649731538958274e-01, 7.706362501261553e-01, -1.801106442222395e+00, -8.433084912943640e+00, 4.398009462235341e+00, 6.612942785558765e-01, 1.774273907512099e+00, 9.949193296395011e-02, 5.279787201570291e-01, 2.060598079148638e+00, 6.496297150920725e-01, 2.654010448912795e-01, -2.862706904139646e-01, 1.306946614130094e+00, -2.283887791817738e-01, 3.592771968204198e-01, 7.828328109990996e-01, -8.120029918688546e-01, -1.429540510180480e+00, 5.963231547686185e-01, 5.941683427954476e-01, 5.438135112926668e-01, 6.926898945013821e-02, 9.950476522897338e-02, 6.370848542249296e-03, -1.173433811230528e-01, 3.307284109478228e-02, -7.038714770294177e-02, -5.907235037763651e-02, -5.326849796067985e-02, -7.043787291686293e-01, 5.858619530367056e-01, 2.410651712447071e-01, 3.003305049000322e-01, 2.949515123405991e-01, 1.362781223182763e-01, 1.810737433735728e-01, 1.350779161158495e-01, 5.048109478968928e-02, 8.504780007662886e-02, -3.664504504746683e+00, -3.017250097873075e+01, -4.500712554599701e+01, -1.890967079001506e+01, 3.183816256878306e+01, -3.312717490463370e+01, -6.009630585759887e+00, -3.905973052004156e+00, -1.794822170854642e+00, -2.408201334208122e+00, 1.628937046676410e+00, -7.992766931190419e+00, -3.239125918212335e+01, 8.824017146738894e+00, 2.574462467684915e-01, -3.513537730588012e+00, -3.130114242182847e+00, 2.935899950267579e+00, -3.346247477429519e+00, -1.045373327750359e+00, -2.158544577862412e+00, -9.588029913846304e-01, -1.841386572730519e+00, -1.061537807397211e-02, 9.719667389654707e-01, -4.520612951799077e-02, 1.872874086009988e+00, -8.370574822386918e-03, 1.886840747236205e-01, -6.922634079832414e-02, 2.017770731587001e-02, 7.054939338210302e-01, 5.308522576027502e-01, -9.439778274643515e-02, -1.255157335883306e-01, -1.202726372682774e-01, 4.397488921085642e-02, -3.030540116789630e-01, -3.327603707651524e-01, 1.839024566765869e-02, -2.599585243738941e-01, -3.935373956179715e-02, -1.451765419719234e-01, 1.344798207285378e-01, -9.476082991086970e-03, -1.814608747954016e-01, -1.036238817626856e-01, -3.105848933225643e-01, -2.008224829762729e-01, -4.392328972575562e-02, -1.679868016876879e-02, 4.174544461287394e-02, 8.658808903609656e-02, -4.509644580202334e-02, 4.543264308102868e-02, -2.869333956575065e+00, -7.053599717580110e+01, -8.610470805118784e+01, -6.648878977339322e+01, 1.470025360887465e+01, 5.074691337405477e+00, -1.374035255808239e+01, -2.588010970108861e+01, -9.902862346366909e+00, -3.537809681586916e+01, -1.296758561926893e+01, -8.133002980361139e+00, 4.839629990664826e+00, -1.647847771246984e+01, -1.820285410715836e-01, -8.846906667250933e-01, 4.088161875122489e-01, -1.800930513269348e-01, -2.382438071614428e+00, 1.583443407051828e-01, -1.387615765887986e-01, -3.400500508189072e-01, -1.905477606663779e+00, -1.499179606160285e-01, -7.539786515672185e-01, -2.658823322578955e-01, 5.618410333791866e-01, -1.441156877354680e-01, 3.274384381643090e-02, -5.663006828729570e-02, -4.158741755909387e-01, 6.434749070045361e-01, 3.799141370241660e-01, -2.620518595545711e-01, -2.842083150307685e-01, -7.766868628222071e-02, 1.569426477593000e-01, -8.580014832678901e-02, -6.999807554221719e-02, 7.195034538292197e-02, -5.047503511699603e-02, 3.791692586182836e-02, -2.324698749431636e-02, 3.726959673285334e-02, 2.224641556067188e-01, -2.413779470522422e-01, -4.593622125784694e-02, -1.310095499396207e-01, -1.125463289009601e-01, -3.702119755930336e-02, -3.686491226964570e-02, -8.838743689640154e-03, 5.679549691501216e-02, -7.921218520501431e-04, 5.758213965232297e-03, -1.968426919761208e-02, -1.693891086492106e-01, -6.654272215864053e+01, -7.978341942824001e+01, -2.080005525953796e+01, 2.110638276454620e+01, 1.430219907653425e+01, 1.500973967612355e+01, -1.969067363576466e+01, -1.120844557575890e+00, 2.400946969678265e+01, 1.523443356502619e+01, 2.565595656097608e-01, 6.624390122235837e+00, 1.032445618276113e+01, 2.819528885292696e-01, -1.901388969235933e+00, -2.445202262191328e-01, 1.886815127040264e+00, -2.833443572829563e+00, -9.732384821935860e-01, -4.632945711530907e+00, -1.047394641734165e+00, -8.318602479485337e-02, 1.557180218827442e+00, 3.719182976024206e-01, 1.802971353906282e-01, -8.715523742957334e-01, -1.759601779676432e+00, 4.611084651587653e-02, -1.817270408969907e-02, 2.466426319579926e+00, 2.268096269870935e+00, 1.506499264661778e-01, -4.732971170228388e-01, -7.147635535184286e-01, -2.207088705412740e-01, 1.281759551234816e-01, 2.082953297119537e-02, 3.706837616921753e-01, -4.230976505931297e-02, 2.407201824062463e-01, 3.902773006399570e-02, -1.043526613057317e-01, -5.072738535688155e-02, 8.409929936314903e+00, -8.075152618769681e-01, 2.142257725205920e-01, 1.984947531081121e-01, 5.738244990677453e-02, 9.571877161749631e-02, -6.959625367445159e-02, 6.917431225411948e-02, 1.616338691310043e-02, 1.145299087444510e-01, -1.564696483111761e-01, -2.561973070177948e-03, -5.750740807810211e-02, -1.730053038813449e+00, 8.075200849355429e-02, -9.504013820831503e+01, 2.260287899822535e+00, 1.064908153509792e+01, -1.394117100798817e+01, 1.430356167751617e+01, 3.947069553746259e+00, -1.901642312566762e+01, -1.598495661036883e+01, 1.500148961866481e+01, -3.780232635664005e-01, -1.935126545942844e+00, 6.764641221374630e+00, -4.606092307757937e-02, 3.713626968795538e-01, 1.131213422958129e+00, -4.249506018719546e+00, -2.785740665578941e+00, -2.345358333137483e-01, -1.021809555426010e+00, 1.733282613713258e+00, -1.136555396589263e+00, -4.254280443102279e-01, 3.102501413951192e-01, 5.891396339420842e-01, -7.107881095499262e-01, -2.205634413533875e-01, 9.848639488315851e-03, 4.772653462249487e-02, 8.615840671957696e-01, 2.269038290213603e+00, 8.346440036217296e-01, 2.430927347098740e-01, 2.206137231553313e-01, -1.012693257828320e-01, 1.630075513446119e-01, 2.970931293967704e-02, -1.616073364237212e-01, 3.169515976128027e-02, 1.045859882530885e-01, 8.006317792219987e-02, -3.593960708713850e-02, -9.903540636941889e-03, -1.023465288526257e+00, 9.453758789595916e-01, 1.519210163237344e+00, 3.233994638112311e-01, 2.237764705195737e-01, 5.193004985762375e-02, -8.117853426857224e-02, -1.770152507854995e-02, -3.622594085596187e-02, -9.468158721109693e-02, -4.116829196476851e-02, -5.003074647168863e-02, 3.790296110928971e-02, 5.403631725931319e-02, -3.154766857209587e+01, -6.308606394084090e+01, -1.555835876280888e+03, -3.592172939652551e+02, -3.414689556109906e+02, -6.186007636048080e+02, 4.385510108265495e+02, -5.593693744107950e+01, -3.847738691976483e+02, -5.414486512342179e+01, -3.621609712784102e+02, -2.014435687193171e+02, 1.434058250979088e+01, 9.977114957990563e+01, 1.315258540963582e+01, -9.517289297678393e+01, 7.692347154925019e+01, 7.011963994480367e+01, 4.124710165649220e+01, 2.722052826510100e+01, -7.274904220987784e+00, -1.775790063513004e-01, 2.499471650567736e+01, 1.252138986488039e+01, 1.103878876532968e+01, 4.415277807780300e+00, -9.764169452325888e-01, -4.345145858674545e+00, 9.602953349228176e+00, -3.751661904077376e+00, -1.996378349610303e+00, -1.214906000785136e+01, -7.882037155558974e+00, -9.649830794245824e+00, -5.867401696017835e+00, -1.746764580123801e+00, -5.377915397231288e+00, -3.114995579176677e+00, -3.248099180252091e+00, -2.250188344852227e+00, 1.450856193712401e+00, 9.704999026411421e-01, -3.476831700932060e+00, 1.211227432381242e+00, 4.979715682198704e+00, 1.624874820520874e+00, 5.395376995707376e+00, 3.424675923877591e+00, 3.097747572121473e-01, -1.480601153905933e+00, 2.055097607760756e+00, 5.786244097449021e-01, 1.567595962038675e+00, 1.049595935650918e+00, -6.719474316877545e-01, -5.224924945327035e-01, -3.809520697176679e+00, 2.525177179830400e-01, 8.684030116208687e-01, -2.006002927789181e+01, 6.915710024873185e+02, -6.978500672806803e+02, 3.120630571535632e+02, 1.326273897335587e+02, -5.050794884783402e+02, 1.346888885920618e+02, 3.677053108631765e+02, -4.837364539532523e+02, 2.012557169095073e+02, -6.851622967828871e+00, 8.595485417346792e+01, -1.791797170364858e+02, 2.658473932554806e+01, -3.133524093315335e+00, 3.626073734917473e+00, 8.062475935304207e+01, 4.160631218682752e+01, 1.958730802638309e+01, 1.856253918058435e+01, 1.150068876942639e+01, -1.439471976361528e+01, 5.099828732469503e+01, -8.540656939394628e+00, 1.346258503457568e+01, 1.715824744990618e+00, 1.925837058876863e+00, -1.664473793236787e+00, 2.192408417641740e-01, -4.238404026906000e+00, 5.708429385555992e+00, -5.563088074074611e+00, -3.127178981487111e+00, -3.857025545320777e+00, -3.721797059904043e+00, 3.147228748008128e+00, -7.184954730265625e+00, 2.446023544657502e+00, -1.915600560049539e+00, -4.440872058633074e-01, 5.017606773590099e-01, 1.633593828621154e-01, 6.932137915422605e-01, -4.855558640448597e-01, 6.574727578979545e-01, -8.022283647249259e-02, 2.438440885976977e+00, 4.045761518614542e-01, -3.812331518374512e-01, -2.653710869289277e+00, 1.157511891975100e+00, -2.018477286865076e+00, 6.089409896196922e-01, 2.532564402043250e-01, -2.823419464572355e-01, -1.326770082974235e-01, 1.664897309275317e+00, 4.514090504316728e-01, -8.139265386592717e-01, -5.083223550096194e-01, 3.426234097800701e+00, 7.414988307275016e+02, -6.097160464820821e+02, 4.900171587224468e+02, -4.650678094219062e+02, 7.585020450875739e+00, -1.836008012080346e+02, -8.518479308483690e+01, 1.762417290534054e+02, -1.319307234404521e+02, 4.748291917981698e+01, -1.950241001166349e+00, 7.117356751767213e+01, 5.797080672001992e+01, 4.528715116058470e+00, -3.742877288809061e+01, -2.637457466046504e+01, -5.421411125436529e+00, -6.602552499972554e+00, -1.933837872560735e+01, 2.075408944256321e+01, -1.682497625243358e+01, -2.739422096801046e+00, 3.791545948626062e+00, -1.918677491489594e+00, -1.599565583290102e+00, -5.854544673312914e+00, -2.533299307568373e+00, 1.986369130851326e+00, 1.782743817695869e+00, 1.153214910900131e+01, -1.025150231930634e+01, 1.021278984956132e+00, 4.289766721228514e+00, -2.180738105413681e+00, 3.909087787184546e+00, -9.581264771932934e-01, -1.163409070979620e+00, -3.340557028676081e-01, -3.961029118736726e-01, 1.547231296375599e+00, 5.341150492024351e-01, -9.946195350694464e-01, -4.337829930326795e-01, -2.369051020557081e+00, 1.966552670003224e+00, -8.103502263651133e-01, 8.381397555661721e-02, 1.419305338200064e+00, -1.220823604681238e+00, 6.315598059211179e-02, 4.521490896713413e-02, 2.922633774904915e-02, -2.566115096814505e-02, -3.335989031321496e-01, -1.389621574598995e-01, -9.505957071213894e-01, -7.941324948044920e-02, 9.318896794838900e-01, -3.124604370620090e+00, -9.400013320118215e-02, -1.876380153718159e+01, -9.091896921233500e+00, -3.289117352819970e+02, -3.841155713195160e+01, -9.632833005629769e+01, -5.644442263288725e+01, -2.507615006014139e+02, 2.469784694818917e+02, 9.355997216151970e+01, -3.344701379768160e+02, -4.868457135706551e+01, 1.505169470437162e+01, 3.229009042244638e+01, -1.300448095883428e+02, -9.254428691058951e+00, -1.106470287088292e+01, 2.042514091317249e+01, -9.036600084587230e+00, 7.310510610844412e+00, 7.701085873670633e+00, 1.838226377451198e+01, -1.682796178900008e+01, -9.798293441419315e+00, 7.477311697861681e+00, -5.544920370551449e+00, -6.336996259789959e+00, 3.981762500744458e+00, 7.347020616459793e+00, -4.106206570147131e+00, 3.039915942531521e+00, -1.063118798700724e+01, 9.099348910318623e+00, -1.013736768536309e+00, -3.861177661009305e+00, -4.299644122474914e+00, 9.349601246458985e-01, 1.443133355855554e+00, -6.374920872531985e-01, 6.034430102116535e-01, 8.080026044252646e-01, -8.997011526653802e-01, -7.795795932561435e-01, 2.233814579858114e-01, -5.270509916376843e-02, 7.502730200876235e+00, -2.241498985032442e+00, 2.793228072391456e+00, -1.012206981628569e+00, -1.018578417606095e+00, -6.721248191916415e-01, -5.946441910569811e-01, -2.207943638024903e-01, -5.187129399920657e-01, -3.357410267254757e-01, 3.110881744189816e-01, 1.889138239799207e-01, 7.367130632108433e-01, -5.667082410370439e-01, -8.898885080030153e+00, 2.194743507115154e+00, 1.446902613838925e+00, -1.077524204515300e+00, 1.071462267981133e+01, -2.755997260747740e+02, 1.220015587672822e+03, -2.242343350582306e+02, 1.818636525553856e+02, 3.290566059927329e+02, -1.579796153442760e+02, -1.115005352283653e+02, -2.027765329989002e+01, 6.522880256109585e+01, -5.764782452725455e+01, 1.955841157981182e+02, 1.914154088338422e+01, -4.585919677774253e+01, -4.965781937674841e-01, 7.612492698314039e+00, -6.673799110564373e+01, -1.611596382001368e+00, -8.408695604033353e+00, -9.719370448943360e+00, 1.092507560750831e+01, 2.158935490024172e+00, -2.222037090773400e+00, -1.431522850836760e+00, -5.740884140580321e-01, -1.115461097613007e+01, 1.397751927992243e+00, 2.471476457451933e+00, -1.753597595828276e+00, 3.976097461583170e-01, 1.321976140822184e+00, 2.040855614016554e+00, -2.738448017012200e+00, -6.410944272303040e-01, -3.628607233668268e+00, -6.964278665057820e-01, 1.112545364719087e+00, -7.004433517542010e-01, -1.796937254328454e-01, 1.177301474146679e+00, -3.971811878551273e-01, -3.598755796310658e-01, -1.086825079793597e+00, -2.197486076256578e-01, 2.389334168586193e+00, -1.103256921579095e-01, 2.195735230265185e+00, -1.872964136348383e+00, 6.059201952216583e-01, -3.881264193646206e-01, -5.411989292559518e-01, 3.920300045533823e-01, -5.673075834629781e-02, -3.861949942752701e-01, 2.702461204441442e-01, 1.650946546736914e-01, 5.548388396807941e-01, -1.855974715609356e-01, -5.034383368842507e+00, -1.034009400153504e+00, 6.725796133540902e-02, -8.908660962108526e-01, -6.840405970117498e-01, 4.995911734828785e-01, -2.543145897156436e+02, 6.443955827731252e+02, -1.841299648556480e+02, -1.085773263592129e+01, -1.663017709653521e+01, -5.403522785472924e+01, 1.446627827474544e+01, 1.461096953611595e+01, 1.351712427146910e+02, -4.708160378079587e+01, -6.108190997216806e+01, 1.947718097406842e+01, -2.511518333302720e+01, -8.460071246470654e-01, -5.549855711680094e+00, -2.322869536664611e+01, -1.949501250597646e+00, -3.290011725567693e-02, -3.449369569151220e+00, 1.572246321053781e+00, -3.609199132057675e+00, 2.160274883971172e+00, -7.789791524839334e+00, -1.092146751177840e+00, 2.369795164155292e+00, 7.638200169978394e-01, 2.618631481435917e+00, -1.151486703582588e-01, -6.881980264938724e-01, -9.013815671911656e+00, 8.384522125694785e-01, -1.827833224665049e+00, 3.083072333687391e-01, -3.354502009062239e+00, -1.016964417740218e+00, -1.338805320103636e+00, -4.954570406739073e-01, -3.385887736377476e-01, -6.494849295525426e-01, -2.896198572786055e-01, -4.856552083105238e-01, 3.014956952319475e-01, -7.127185691835063e-02, 4.581199394413811e+00, -3.251749415296433e+00, 1.134558891819740e+00, 2.948522873619147e-01, 1.707829390770033e-01, -5.183369634265778e-01, 7.400229970367968e-02, -1.501000089054767e-03, -7.869575988249473e-02, -2.770962975304023e-02, 1.793270051480031e-01, 2.377146948663967e-01, 3.471119696229462e-01, -4.956064548419432e-01, -1.124823859355279e+00, 2.363404113382459e-01, 1.414715132347373e+00, 1.021331171338729e+00, 3.670611286812023e-02, 3.397668191190193e-01, 7.240415948106828e+00, 9.148696759281471e+00, 4.476632503578144e+02, -2.060693030289904e+02, 9.514640302957366e+01, -4.308286776666151e+01, -2.242457037392781e+02, 1.213812442018432e+02, -1.380179662577780e+01, 5.214290044277698e+01, -8.738791232459856e+01, 1.125919835375174e+02, 5.829618750752176e+00, -3.023082977727392e+01, -9.541702819683312e-02, -8.753531365183191e-02, -3.864722966494540e+01, 4.159264975254933e+00, -4.918277826134793e-01, 6.435885130958530e+00, -4.044716004673025e-01, -7.547058808305913e+00, -5.672156575592245e-01, 2.765736191533496e-01, 5.442969537085606e+00, -4.147846820561224e+00, -2.909558125962238e-01, 7.837327779518672e-01, 7.062765488674422e-02, 2.559338036970211e-01, 2.814410469998319e+00, -1.562814721911381e-01, -2.033880789329944e+00, -2.117978925980024e+00, 4.911587039640973e-01, 4.738175682790193e-01, 6.034007437951584e-01, -7.780762265869441e-01, -5.245331769658470e-01, 4.377859450713114e-01, -1.112320873369067e-01, -1.102939982853375e-01, 5.595148282377923e-01, 3.955366829480964e-02, 4.822762447902567e-01, -1.174698127467479e+00, 1.831535029866262e+00, -2.296415440753047e-01, -5.088232367870547e-01, -1.143051409841228e-01, 5.594855176972428e-02, 3.579549931772978e-01, 2.252052182526531e-01, -2.050439641924016e-01, 5.608144029560111e-02, 1.206193440851839e-01, 3.505369322904179e-02, -3.344439873876432e-01, -2.279530563047442e+00, -1.925379743628002e+00, -9.391400401897133e-01, -2.213797172118939e-01, 5.879393436571300e-01, 5.465474388502141e-01, 2.277696389563692e-01, 8.701812617790711e-01, 4.801564916542224e+01, 4.442252139734621e+02, -1.017689035264903e+02, 7.067970184399043e+01, 1.173500922642482e+02, -9.602637664393471e+01, 1.522257688331817e+02, -7.284233203617833e+01, 3.643421899136549e+01, -5.592837760013760e+01, -1.466416033520285e+01, 7.356914184934010e+00, -3.355425210847922e+01, -1.668507031699540e-01, 5.700300712587905e+00, -1.659805330020898e+01, -1.473574956301457e+00, 3.163156694197078e-01, -2.343441408924102e+00, 3.763366506611491e+00, -4.738943620748253e+00, 5.343568733523757e+00, -1.627652990287297e+00, 3.167907410412241e+00, 2.921782220484815e+00, -1.165005783154432e+00, 7.310109461410954e-01, 4.857556716215125e-02, -2.602295805055693e-02, 1.154431042384487e+00, 2.127900374612694e+00, -1.206056056704290e+00, -2.073400221492022e-01, -1.315162969712738e+00, 6.825697061482650e-01, -9.460749412853023e-01, 1.256497411407971e-01, -3.806277161063914e-01, -4.518616535245826e-01, 2.436192802984725e-01, -2.717079083511492e-02, 1.607938285363842e-01, 1.043041203250502e-02, 6.584147505259504e-01, -8.267199948953080e-01, 1.754609683141555e+00, 2.358641333363481e-01, 3.033813333779831e-01, -8.108523952832160e-02, 8.263588512968286e-01, -1.562956235890832e-02, 1.623754164924564e-01, 8.230468338597420e-02, -1.013417144492359e-01, 3.649424339883660e-02, -4.493525896353484e-02, -1.324112562935234e-01, -3.566021963448900e-01, 1.192066734928679e+00, -7.082022182658223e-01, -1.029006168404539e-01, -7.748814909565410e-01, 2.030601661337722e-01, -4.783460959876418e-01, 5.336581440755398e-02, 4.993327658319373e+00, 2.024538699380630e+01, 5.109698131822633e+01, 2.500346077714660e+01, 8.196883142427720e+01, 7.854801747195269e+01, 5.663921408219561e+01, 7.213143645495077e+01, -2.811575738570305e+01, -9.734091238292329e+00, -4.772113011495528e+01, -5.090037040031761e+00, 5.820820358327471e+00, 3.294075944022656e+01, 5.808041798259843e-01, -1.389393666593095e-01, -5.719326939855840e-01, -8.576600168991062e+00, -1.102159198293307e+00, 7.162656159390931e-01, -6.117077031513017e+00, 3.932565978370116e-01, 1.918056872213588e-01, 1.033557807476861e+00, 6.234072159206443e-01, 1.163691153138050e+00, -8.456001234937610e-01, -2.481778527618848e+00, 4.941906160473088e-02, 3.108568845879238e-01, -3.645668815311328e-01, 2.282943624739208e+00, -9.105603997935039e-01, -4.395306347248428e-01, 7.601469261227957e-01, -2.430486758449505e-01, 2.321176647731413e-01, -1.401935614876751e-01, 1.244902370596514e-01, -1.609881820061311e-02, 3.650677460492001e-03, 1.664312717617398e-01, 2.731647314169627e-01, -4.628079190258111e-02, -4.692942555044680e-01, -1.157974999518762e+00, 6.367657479382312e-01, 5.225679449061446e-02, -4.447996936540048e-01, 2.066735906476632e-01, 9.812247339697684e-02, -1.725966738464739e-02, -4.800399874064645e-02, -8.609668096502644e-02, -6.377184874230149e-02, -3.156096066360304e-02, 9.141385955866825e-01, -1.323425274286895e-01, -2.751534121740323e-01, 5.427552717608952e-01, -4.600326279242840e-01, -1.593821987336438e-01, 3.512873342097355e-01, 1.513547321879737e-01, 1.219648982332621e-01, 1.178549146960786e-01, 1.588526806235776e-01, 2.167954835186854e+01, 2.632192220644403e+01, -7.511853329653395e+01, 2.631571050213784e+01, 4.511223076182826e+01, -5.900346459558676e+00, 6.977756534445291e+01, 6.677195416537242e+01, -8.370713672631849e+00, -4.115781393750045e+00, -6.317239018200672e+01, -1.244107419941902e+01, 3.136880053553467e+01, -1.411554545268184e+01, 5.798544871162402e-01, -3.916475343373734e+00, 1.957967229123371e+00, -7.276339954693286e+00, -4.447167874530204e+00, 3.577167605634212e+00, -3.844245222241644e+00, -7.410168480400758e-01, -4.713726902465294e-01, 7.612730094553800e-01, 1.215204616438362e+00, 2.664300662497973e-01, -1.503878451874544e+00, 3.468713124669589e-01, -4.101423957287577e-01, 5.040965083334313e-01, -9.370105572870404e-01, 1.149287025827662e+00, -2.588065574707486e-01, -2.459733051729453e-01, 6.142914731399429e-01, 5.024088022777642e-02, 4.090222427590037e-01, -1.776707627289979e-01, 8.107567280965684e-04, 7.336471649545349e-02, 1.790730581525364e-01, -7.292896025475228e-02, 1.806790297542224e-01, -3.703671163420520e-02, 4.117677492102682e-02, -8.705335612885703e-01, 1.569414870267118e-01, -3.945385735081140e-02, -2.974330305751366e-01, 8.683399136518084e-02, 7.341728883693820e-02, 5.998777101987056e-02, -8.683679583907089e-02, -1.366879722139784e-01, 2.433173847914042e-03, 7.739360652161693e-02, 5.417977322658608e-01, -1.091410584652526e-01, -4.361768267632646e-01, 2.469264178749794e-01, -4.804627919399655e-01, 4.029694759778228e-02, 5.930453744505202e-01, 1.432106628701328e-01, 2.215005106617989e-01, 5.200671523926714e-02, 2.141413468903316e-01, 1.033834984761203e-01, -1.453240014432046e+01, -3.538228869397309e+01, 7.971323054598520e+01, 3.804018689426219e+00, 6.159356851464387e+00, -3.706004009105030e+01, 3.255541102337327e+01, -3.249490756375464e+01, 2.769900338944897e+01, 3.975517434914889e+01, 3.805671835988184e+00, 4.182499790909726e+00, 2.618215266909508e+01, -2.376658080376856e+01, -3.020315689013007e-01, 3.146950204187734e+00, -1.144984360343116e+00, 1.878260465744108e+00, -8.922895721390897e-01, 2.363147121920319e+00, 1.969038454108657e-01, 1.201745205746777e+00, -8.548038770708859e-01, -3.327540063452930e+00, -9.154498922488654e-01, -1.336951464567103e+00, -1.073748694521391e-01, 1.888702895964991e+00, 6.063383578423460e-01, -1.875256727646182e-01, 2.854294185757781e-01, -3.755938187579498e-01, 7.142968005529258e-01, -2.212912596480636e-01, 2.486409413546583e-02, -1.607920042904231e-01, 5.345246258199224e-02, 5.028344272838360e-01, -2.167771890738358e-02, 1.010402941193933e-01, 5.972926007068465e-02, -2.174994362217443e-01, 1.162786296923232e-01, -1.036261764184609e-01, 5.494132477182523e-02, 2.061859121935805e-01, -2.850985064850877e-01, 2.417090965932037e-01, 1.375767847563743e-01, 5.575141731400506e-02, -8.285941157578991e-02, -8.599276298655137e-02, 3.138873087387013e-02, -1.030006175058277e-02, -2.202891781375638e-02, 7.663421724573842e-02, -2.990062192100071e-01, 1.337034238369136e-01, 3.531872620667343e-01, -2.755327270337459e-02, 6.267253512024542e-01, -1.769443314696595e-01, -1.563254968686629e-01, -2.910127653222221e-01, -4.504550153314887e-02, 3.197525483515158e-02, -1.630340610708276e-01, -1.397889328781952e-02, -7.914585963510488e-03, -5.840513097016813e-01, 4.653595140124219e+01, 1.073598875695777e+02, 4.168977990018780e+01, -1.923257799154855e+01, 1.496497483985826e+01, 1.679973571046698e+01, 1.670708909879976e+01, -2.372180389506992e+00, 4.159551360320335e+01, 1.661509986152589e+01, 5.627642951560587e+00, -8.954015260587039e-01, 2.149733611913435e+01, -2.031310031352986e-01, 1.090879530189533e+00, -3.046768559114099e+00, 2.738463548228392e+00, 2.432878218364459e+00, -2.196327386908163e+00, 3.390131671679024e-01, 3.432143795880792e-01, 2.292351507794290e+00, -5.848614750194377e-01, 6.613427563028919e-01, -5.022503514514033e-01, 5.058487472701385e-02, -2.611743444112586e-01, 6.943964079125879e-02, -1.831913423055473e-01, 5.670410979418264e-01, -7.130178873182991e-01, -1.844069694116116e-01, 3.494685745962551e-01, -6.592942037713415e-02, -1.322094757965113e-01, -4.077117226802788e-01, -3.693243490272374e-02, -1.187307069120439e-01, 6.498737793599921e-02, -3.300959314973060e-02, -2.450489178727782e-02, -3.538206820325487e-02, 1.857815477891469e-02, -1.052179794808570e-02, 2.715154036796725e-01, 2.143744751713295e-01, -1.031680419691396e-01, 5.676882234269399e-02, -2.916190503626697e-04, 1.935333817258644e-02, -2.739386085887681e-02, -1.196060796944643e-02, -4.365009865670619e-02, 1.441214647425106e-02, 1.158065044385394e-02, 1.419677536971349e-02, 6.521696640358696e-02, 1.253819295612608e-01, -1.906993735972907e-01, 1.850470695843887e-01, -9.523115870057629e-02, -1.860571178749245e-01, -2.731375901955335e-01, -6.940976003350038e-02, -8.149512356068338e-02, -7.331123696107414e-02, 4.838161184776999e-03, -8.255859399595387e-02, -3.362873097665362e-02, -3.279257799739386e-01, -1.751718282348805e+01, -5.226728897216482e+01, 5.256420657650464e+00, 3.950981388483580e+00, 1.296282707625686e+01, 1.078604954705152e+00, -6.313073215901662e+00, 1.421175897934067e+00, 5.969006877324598e+00, -1.830133216405910e+00, 1.016280378034691e+01, 3.857339191019073e+00, 6.306272569908386e+00, 3.099212431050594e-02, -8.296559994988187e-01, 1.748802917161977e+00, 6.142678084198406e+00, -9.804716591493319e-01, 5.987071205992317e-01, -2.391123072017506e+00, 2.709231581580912e-01, -5.960108255014192e-02, -8.975453017283688e-01, -8.951813538808960e-01, 1.737799120554919e+00, -9.231685211350175e-01, 2.126386800363627e-01, -1.164148712219683e-02, -4.004287593708790e-02, 7.705052843608432e-01, 4.629859768158423e+00, 9.543432892717992e-02, -1.398761525073072e-01, 1.105437702813367e-01, 1.084194006528892e-02, 1.741253053768564e-01, -1.490782775310135e-01, 4.558987902393029e-01, 1.740454810983970e-01, -1.370545176100930e-01, 1.320727784169064e-01, -6.529837953125510e-02, -3.659763148269828e-02, -1.271292108692728e+00, 1.066508893080300e+00, 6.211523699294209e-01, -7.126058311975136e-02, 5.644199048768265e-01, 8.937490748734712e-02, 5.384628008750972e-02, 1.982713105897250e-02, 1.307615305086983e-01, 4.116909029832665e-02, 3.224999279408534e-02, -1.374727163009014e-03, -2.504261031181949e-02, 2.309281642709008e-02, -4.464885131474333e-01, -6.384078876921186e+00, 1.087125893980334e+00, -1.246518082599404e+00, 4.986335067743182e-01, 2.101728655030432e-01, -2.542582599093507e-01, -5.834264031510609e-02, -6.487193518078506e-01, -2.417965826637873e-01, 1.836598356815419e-01, -9.735405245580081e-02, -2.754857390730798e-02, -9.118088585200889e-01, 1.959824631083162e+01, -3.796925025295300e+01, 1.668689734914899e+01, -7.409566271331546e+00, 6.233594684418222e+00, 5.482882850906236e-01, -1.078816170898912e+01, -9.975637318994260e-01, 2.184838091392169e+00, 1.733392856281769e-01, -3.809568713878725e-01, 1.932433370783889e+00, 3.273218733642931e+00, -1.062962902238432e-01, 6.012457078954240e-01, 1.245356094772295e+00, -3.508907981616329e+00, -9.065874319784253e-01, 5.409555622241624e-01, 5.028539437026222e-01, 1.791399261774283e-01, -4.912852292249911e-01, 7.775431175070138e-01, 2.053215756718517e-02, -3.274317966437513e-01, -3.689896817621497e-02, -3.047238393697853e-01, -2.476837000469846e-02, 2.617803216374398e-02, 8.923827733120318e-02, -9.347143422835288e-01, -6.024618468370797e-01, 2.192055861425965e-02, -7.837848433972304e-02, 8.649651299873500e-02, 4.512320381957197e-02, 9.376974683779568e-02, 6.236364138651329e-03, -6.552666256835729e-02, 5.727966372748113e-02, -2.733871646294481e-03, -2.307066177369344e-02, -8.349354955566105e-04, -8.021427933023295e-01, -7.088005614349894e-01, -4.786695762116631e-01, -1.848719536515115e-01, -7.680353832191254e-02, 6.089304751171332e-02, 1.544704788888016e-01, 1.482160538227729e-02, 1.171038219346074e-01, 1.223082287565209e-01, -3.948613195968628e-02, -9.973854757605545e-03, 6.502237642837577e-03, 2.278129868069475e-02, 1.434357637520454e+00, 1.412141761391833e+00, 2.792043334896091e-01, 6.313262549574430e-03, -2.731401440868514e-01, -1.665971589257151e-01, -6.848153954176105e-02, -5.609960721371515e-02, -3.382649602065296e-02, -2.969944150847696e-02, -1.344417421807649e-02, 7.748326127871494e-03, -4.788543612946798e-03, 6.914291840720293e-03, -6.267859967142815e+00, 2.831102922706428e+02, 8.777905733268420e+01, -4.442885613697688e+01, -2.970868436207444e+01, -6.700800823867823e+01, -1.867179307842635e+02, 3.109655115483970e+00, 9.801331114874095e+01, -6.841191100007218e+01, -2.349222529604959e+01, 1.081839391029005e+02, -5.284197418073746e+01, -1.109624324210183e+02, -1.398405830137649e+00, 7.695439408777378e+00, 1.116138617600675e+00, -1.420672026022197e+01, 1.867820801621776e+01, 4.216620209599903e+00, 1.891946587508561e+00, -1.815402706237703e+00, 8.725534018306338e-01, 7.407262427933685e+00, 4.856883276110107e+00, 9.816462581247863e-01, 3.249895442211211e+00, 3.640307516939413e+00, -1.281967234461642e+00, 1.419586712298876e+00, -1.275547913561920e+00, -2.729271986780729e+00, -6.607532236736528e+00, 1.470640620257986e+00, 3.185459824261324e+00, 1.852367119425331e+00, 1.278284077627447e+00, 9.018207008868204e-01, 1.229220292982477e+00, 9.306159200962828e-01, -1.282405425164712e+00, -7.069271608395264e-01, -2.282112539336850e+00, 1.302447820903568e-01, 3.144168900845412e-01, 9.369485695642008e-01, 1.083005934552998e+00, 1.188003138827592e+00, 7.501027853647954e-01, 1.256452687585220e+00, 1.688389344480566e-01, -3.705845246955491e-02, -4.383700585575053e-01, -4.786464245343341e-01, 4.813363395656031e-01, 2.122195930209337e-01, 3.329976217766232e+00, -2.214213862096283e+00, -5.108370685107505e+00, -2.345650955801484e+00, -1.178581257096542e+00, 2.650612205033961e-02, 3.300158714159706e-01, -9.422011214007321e-01, -2.416946161090554e-01, -1.764034966243721e-01, 5.409722954221216e-01, 3.377334572336128e-01, -1.401367016173157e-01, -1.206575063345921e-01, -7.934012537560873e-01, 6.213950624891834e-01, 6.756308248111572e-01, 8.494905255750236e+00, 1.460233489129816e+02, 9.938493753362027e+01, -1.804042494582174e+01, -2.853696893284077e+02, 1.493035014770229e+02, -1.531445438423367e+02, -6.798597459284784e+00, 2.857908439560169e+01, 4.201500294817171e+01, 8.488488877735841e+01, -2.158858204185711e+01, 4.639331492805272e+01, -2.152018662135799e+01, 3.412225859290245e+00, 4.755393344708856e+00, -2.245017641793300e+01, -1.748835210575575e+01, 6.349604501244032e+00, -7.041597779368538e+00, -7.851732829121365e-01, -4.560115725610179e+00, -9.555643438825511e+00, -3.780577964489231e+00, -7.053763503051027e+00, 8.596465833222388e-01, -2.880088365273982e+00, 6.516815260876964e-01, -5.828874256597789e-02, 1.044990845933793e-01, -1.025754316818832e-01, -1.970997552967797e+00, -1.550883241138453e+00, 3.166140123087308e+00, 2.842889585203541e+00, 2.995571791143004e+00, 3.086148570110772e+00, 1.288084156106650e+00, 1.461742885005044e+00, 4.557534380227862e-01, 8.806386131570483e-02, -1.970599416027729e-01, -3.170127729721093e+00, 7.887397581391598e-01, -2.558484301611735e+00, -1.310553596248095e-01, 1.229025071528426e-01, -4.410553892284516e-01, -5.969667369810154e-01, -3.292893903068182e-01, -1.721333205971387e-01, -1.302295023287407e-01, -4.148345618126728e-01, -2.374510168949163e-02, -4.303785797592318e-02, 1.292827799822933e-01, 2.925841167508612e+00, -1.970426715446497e+00, 2.261089677174832e+00, 1.458390509292203e+00, 2.271737524938932e+00, -1.332725300366532e+00, -6.881269144209257e-01, 1.044749047230301e-01, 1.535959284617057e-01, -2.352590980625857e-01, -6.984120452298195e-02, 2.735857050901702e-01, -1.344183460613169e-01, 3.699456655400966e-02, 1.070388783834349e-01, 2.214604463131316e-01, 8.431620770058559e-01, 1.022412360119954e-01, 1.135240811544612e-01, 2.321114205522566e+02, 3.002840352553578e+01, -2.412549702754748e+02, 1.114905350003847e+02, 1.377161994682705e+02, -5.860817231667574e+01, 4.918187736258742e+01, -6.887827790337113e+01, 7.045507312006778e+01, -3.058059620379123e+01, -3.877983493643227e+01, -2.458198230638889e+01, 1.211565939768471e+01, 4.332399391017632e-01, 5.670241270060536e+00, -8.168390238438043e+00, -1.095040029644146e+01, -5.673408903428705e+00, 2.769160913555158e+00, -3.564671094825878e+00, 1.839982471785410e+00, -1.949235946889081e+00, -3.505101930250977e+00, -1.945823669654082e-01, 1.796853199542159e+00, 2.987622183712966e+00, -1.223845831318856e+00, 1.657282098116903e-01, 1.817550151500600e-01, 1.060755978189745e+00, 3.780179883368727e+00, -1.399054005270965e+00, 5.478510068028460e-01, 3.511893105296636e+00, 1.891663279550945e+00, 2.961903660438356e+00, 1.376635109477220e+00, 1.204658711332686e+00, 2.954830407133827e-01, -8.609351450135031e-01, 2.937237650456551e-02, -6.675558569669193e-01, 4.323839274381756e-02, -3.706335391227590e-01, -3.849312756047646e-01, -1.422688912861069e-01, -4.229296513033364e-01, -2.186668881480418e-01, 2.992663967179678e-01, -1.499771761975572e-01, 3.657363274938946e-02, -1.504752363278064e-01, 1.785170711851168e-01, 1.282228028139845e-01, -4.989692498211901e-02, -3.461530145278872e-01, -3.947777352789394e-01, -8.329797964634605e-01, -1.186910089825456e-01, -2.616297807544253e-01, -8.154102314188862e-01, -2.345989281060611e-01, -5.086353139116203e-01, -2.510385594557417e-01, -4.877319234334129e-01, -1.268187962264222e-01, -7.275575513438638e-02, -1.439549479415421e-01, -1.027543984531678e-01, 6.420972545659037e-01, 1.342855310134118e-01, 2.471806205114008e+00, -1.294816583732647e-01, 7.492270280816666e-01, -1.045414823115891e+00, -7.629816454030205e+01, -7.030705360244592e+01, 5.608178344348166e+01, 5.210416100643083e+01, 5.768370243018268e+01, -4.335407143889004e+01, -3.198345173123150e+01, -1.184366459843435e+01, 4.134723044067015e+01, -1.032623011982387e+01, -4.203299425332033e+01, -9.016413319370123e+00, 3.258207963298185e+01, 1.685366071805162e+00, -8.556030768697626e+00, 1.583574422119598e+01, 1.959241720974596e+00, -6.685845462211160e+00, -2.878372083198655e+00, 2.930663026152403e-01, -7.935965529676438e-01, -2.100187650545524e+00, 1.117119477637875e+00, 3.296721787171446e+00, 3.040957396988290e+00, -4.358594530409671e-01, -1.486468150893401e+00, 8.419733647645907e-01, -2.235655831166300e-02, -1.498433412447987e+00, -1.964398308592975e-01, 3.282904085787960e+00, -1.501502940122552e+00, -1.473269882878626e+00, -1.381251198250864e+00, -7.370579472892795e-01, -1.290494331360963e+00, -1.102808633421039e+00, -6.058717904950799e-01, 3.040734768371990e-01, 1.691913856136524e-01, 2.648190911454553e-02, -3.627759779901902e-02, -3.631705390999005e-01, -2.976198226363295e-01, -2.091237027518476e+00, 5.397751470712902e-01, 1.201997132812612e-01, -2.093270346751614e-01, -3.084671722935775e-01, 8.692902301123716e-02, -8.532513595060676e-03, -1.472213917850966e-01, 7.697642696693194e-02, 5.638879337743713e-02, 4.682475313762089e-02, 5.693399397231878e-02, 1.426322698135453e+00, -1.866479204623550e-01, -2.378032069184174e-03, 1.548253308454846e-01, 6.685680297479505e-01, -1.220875850262572e-01, 2.404689072754185e-01, -1.658063232518381e-01, -9.760784493055706e-02, -6.306594033833172e-03, -1.534142876563163e-02, 2.220958499724481e-02, -1.594321845599607e-01, 5.877367486898086e-03, -1.521711406431932e+00, -5.912011136390171e-01, -2.464545134562029e-01, 3.448840417277884e-01, 5.178775024069031e+00, -1.613518389152276e+02, 4.384046015732714e+01, -2.905094532119355e+01, -3.697373578229981e+00, -9.933093912430492e+01, 1.053238703437226e+01, -5.640181480757211e+01, 3.590889175291169e+01, 1.682517310756714e+01, 3.887415743363498e+01, -4.006913725473593e+01, -9.347359944179985e+00, -3.135352236220671e+00, 1.650870158966371e+00, -9.193892705842947e+00, 2.793483634500750e+00, 8.647301717869979e+00, 4.974553130329612e+00, 5.163734624178901e-02, -2.552164704758359e+00, 1.733862813475776e+00, -3.055488583177011e-01, 3.044841869148209e+00, -4.715275042299679e-01, 2.207758288620893e+00, -1.316654052980118e-01, 8.899071307074121e-01, 3.586704122182641e-01, 5.264988191880328e-01, 9.092434006007645e-01, 8.131894476382395e-01, 2.576231869753772e+00, -1.836907817179857e+00, -1.261461234928227e+00, -8.412502156585896e-01, -6.607073096222468e-01, -3.829148071130420e-01, 9.351305741533883e-02, -1.194289152677433e-01, 5.064866326579420e-02, -1.322712669805426e-01, -6.157489369792226e-02, 2.946478557119623e-01, -7.695572269651466e-01, -1.674308830680392e-01, -6.882529679965149e-01, 5.474829303991589e-01, 2.882160266240465e-01, 9.893188627467692e-02, -1.455369376472880e-01, -7.253542137406047e-03, -2.998870078616173e-01, -2.255007587501726e-01, 4.125665861002193e-02, 7.807505720884070e-02, -6.969950468584394e-01, 1.442210385580235e-01, 2.120389819751907e+00, 6.235602909317519e-01, -2.063611572132708e-02, 2.520821881735571e-01, 1.513204450604987e-01, 4.907179105769607e-01, 1.612276549950184e-01, 2.702001635373727e-01, 8.750011430864729e-02, -2.673907392493063e-02, 4.326894650153226e-03, 1.091371390230850e-03, -4.505158384624224e-02, -1.103073267216384e-01, -1.646453162053385e+00, -4.501575874931037e-01, -1.099577542329421e+00, 6.311211254302396e-01, 2.566186067300922e-01, 5.824243999445742e+00, -9.050776145368097e+01, 9.710317762310714e+01, -7.873958552444270e+01, 6.640169087213271e+00, -9.921749618174800e+00, -2.775010739985074e+01, 3.875460487890937e+01, 4.379865942944345e+01, 5.480531990561257e+00, 2.111528818995008e-01, -2.249590714534146e+01, 1.327723512733252e+01, 1.880550295105605e+01, 7.721670681017563e-01, -3.826728064542036e+00, -1.958945812991070e+00, 1.612629006282004e+01, 4.640147466036665e+00, 4.444973038205378e+00, 1.074217370342341e-01, -8.040959899717112e-01, -3.505863074266684e+00, 1.834080970139359e+00, 1.226715154932388e+00, 3.900543960977443e-01, -9.050922590072761e-01, -1.099309563439495e+00, 1.255954462026565e-01, 8.612010474859817e-02, 2.127459259291761e+00, -1.686987023137553e+00, 1.465762835924197e+00, -2.358218401573883e+00, -5.244332616869927e-01, -3.174373501310377e-01, -2.618087812909051e-02, -4.469557561436523e-01, -2.314211892503842e-01, 1.364213633325857e-01, 2.078577703112089e-01, 1.701436865991789e-01, 1.542295400777239e-02, 1.141066291710549e-01, -8.801417221879069e-01, 1.374700393908596e+00, -1.107413466417821e-01, 2.532267093117455e-01, 3.121791016868629e-02, -8.775658276404892e-02, -1.761612332525291e-01, 6.008086310596449e-02, -1.212454393137349e-01, -1.703019207645630e-01, -3.221143855965018e-02, -6.799695727447073e-02, -1.439384817861409e-01, 9.769990614017619e-03, 1.326667366657102e+00, -2.949893496180251e-01, -5.138885080204552e-03, -6.869506614653859e-01, 1.344810111530679e-01, 3.225776756270687e-01, -1.209678858431706e-01, -4.845929786449718e-02, -7.343356841583032e-02, -2.228702767351182e-02, 1.184449983931203e-01, 8.209258173832580e-02, -1.092004889868868e-01, -3.456000789430325e-02, -1.208746211477048e+00, -2.862669741620718e-01, -5.944387044399885e-01, 7.725312095242113e-01, 1.775223443250941e-01, 6.303068172562984e-02, 3.734766636558796e+00, -2.288385711463600e+01, -9.446819826925681e+00, 1.448110351698699e+02, -6.073155277991027e+01, -1.992106925876747e+01, 4.655148425729684e+01, -5.456018213275510e+01, 2.299245468839718e+01, -4.530229021341293e-01, 5.654478760094696e+01, -1.608088230491791e+01, -8.994584118966880e+00, -1.052343186495792e-01, -2.955827910855207e-01, -6.260661294416766e+00, 8.190529910595023e+00, -2.902858998170372e-01, 5.436746986752312e+00, -2.750630435840649e-01, -5.748971848015592e-01, 2.063528801602694e+00, -1.362800065982324e+00, 9.544987806902242e-01, -1.897166245891064e+00, 9.059816537793126e-01, -1.389953965348132e-01, 4.467599191151678e-01, -2.635109372091620e-01, -7.261619494820268e-03, -1.039117834175861e+00, 6.305744725036484e-02, 1.755278444516938e+00, -1.110519851790886e+00, -1.126203792027621e+00, -7.464381902808687e-01, -5.083578483946902e-01, -4.087936990796786e-01, 3.315146950078136e-02, -1.167441665099047e-01, 1.331769278556402e-01, -2.307441676531296e-03, 1.439825571706436e-01, 2.895688382431021e-02, 2.216840062801486e-01, 7.883285427404615e-01, -4.382690990887282e-01, 1.109565056825626e-01, 4.016389645863375e-02, -1.672009544702211e-01, -1.697999166324854e-01, 1.621061734756013e-02, -2.056416977200996e-01, -5.485261712763993e-02, -2.196850957095057e-02, -3.990992197024234e-02, 6.853158324510532e-02, -7.713192231491116e-03, -1.499417690723374e-01, -1.541300388457642e-01, 3.992668406596339e-01, -1.730423432482807e-01, -1.691223759173100e-01, 3.563051601664417e-02, -2.663363406765959e-01, -1.155390590771628e-01, -6.571662794843675e-02, -1.336641326283693e-01, 1.124000655267533e-01, 7.073311745243774e-02, 4.152447074863162e-02, -8.170155291063534e-02, -4.613976012586203e-01, -3.713864227765714e-01, -4.869001648638869e-01, 4.274535064537661e-01, 3.568757092564984e-01, 2.711664904595266e-01, 1.690588345763106e-01, 6.176975126446623e-01, -6.810163704125084e+01, -8.528045448287256e+01, 1.214176556164777e+02, 4.296178298224854e+00, 3.410595812452003e+01, 2.545634957642794e+01, -1.091285709776522e+00, 4.981283552078223e+00, 1.218711638966344e+00, 1.462274072252044e+00, -1.248460436545363e+01, -7.396141858295103e+00, 1.750057579962010e+01, 1.907343334277698e-01, -2.060933213597159e+00, 2.574256951279337e+00, -5.353080023344550e+00, -1.227224304216743e-01, -2.500746344342965e+00, -5.113703228341673e-01, -1.169432393073096e+00, -6.952692280052316e-01, -2.785178471317116e-01, -6.476635985907470e-01, -6.424397381203568e-01, 8.818775718224262e-01, -2.772462420362917e-01, 1.046381360493722e-01, -1.451300672545043e-01, 3.361128441984561e-01, -2.665595320907118e-01, 1.328949906133282e+00, -2.622078624922277e-01, -4.565878304483428e-01, 1.395689261251987e-03, -1.137189092923025e-01, -5.252779062059313e-02, 6.422813616393951e-02, 1.501490800933274e-01, -1.304538069518212e-01, 2.350712675076540e-02, 7.050130884108094e-02, -1.157046914466459e-02, -3.879941529203107e-01, 9.425643074869587e-02, -7.510224398514508e-01, -1.412708341789368e-01, 1.100297432309496e-01, -2.052002369018206e-01, -8.704756055640539e-02, -3.268546514051547e-03, -1.365765620732957e-01, -1.304320271451694e-01, 7.448680265590286e-02, -4.807958878034287e-04, -2.147826326521958e-02, -6.482108688856089e-02, 1.103403552533466e-01, -8.622979151138957e-02, 4.131769364880326e-01, 6.165372373030539e-02, 8.897669341931276e-02, 2.320391538570448e-01, -2.887627881860235e-02, 5.697816526642472e-02, 3.525753076241642e-02, 2.516369101771578e-02, 4.717693355781307e-03, 6.004191283750122e-02, -6.510910049990346e-03, 8.120629895649340e-03, -3.697894667825309e-01, 1.311706238457055e-01, -6.563487716893884e-02, 2.935853313114489e-01, 3.785483169066684e-02, 5.019935245437490e-02, 8.370767955908438e-02, -1.234990488689255e-02, 1.586308487763533e+00, -4.292362906788285e+00, 4.129566138793712e+00, -3.092432631380001e+01, -2.179329652293833e+01, -3.669657327441961e+01, 2.604777334549225e+01, -2.389484738586795e+01, 3.042597468029551e+01, -1.158953778279283e+01, 3.228183229609815e+01, -1.811444688800846e+01, -1.007036971803119e+01, 2.005099685922907e+01, 3.188545191978184e-01, -5.111561892335262e+00, 5.984149798172709e-01, 8.046833276509670e+00, 1.803325340792695e+00, -1.153494665581532e+00, -6.895299376153761e-01, -6.346243491246899e-02, -7.113143133162385e-01, 1.205418018371653e+00, -5.081747588852501e-01, 5.612757694691740e-01, 2.496739805593664e-01, -4.395098533020024e-01, 6.397551286823712e-02, 1.010295449961123e-02, -4.584429258102071e-01, -1.477922316772785e+00, 2.875128951991656e-01, -2.310334979347025e-01, -5.101666120582620e-01, -2.051047818391635e-01, -4.125900981072775e-01, -4.158338989739497e-01, -2.323830674611759e-01, -1.680967973861222e-01, 1.529795639987129e-01, 9.957343978295369e-02, 5.948523555534297e-02, 2.457692840528158e-02, 5.627175303541407e-01, 4.141928588698913e-01, -1.217808170911545e-01, -2.158427283766390e-01, -5.311595130864024e-02, -1.604730784346772e-01, 1.267865354627916e-02, 8.001359472527944e-02, -2.044647087550354e-02, 3.239293645934387e-02, 1.417202851455699e-02, -1.077360956335749e-02, -7.747228294474340e-02, 1.253682989880942e-02, -1.247919235773413e-01, -3.736182196298473e-01, 2.277402385181326e-01, 1.192430201694355e-01, -6.711401311263317e-02, 6.755911297984066e-02, -1.283611069843666e-01, -6.891055231178451e-02, -7.528428024273003e-02, -1.214834002753290e-02, 1.119516629136612e-01, 6.061132637033738e-02, -1.518706675321139e-01, 2.251521248740791e-03, -4.464557579944118e-01, 7.034200322336549e-02, -1.522879731392447e-01, 3.244667725503597e-01, 2.408237732135948e-01, 1.343412929616218e-01, 1.374423270856484e-01, 5.966211511091901e-02, 5.168197651747745e-02, 5.381698165279692e+00, -1.826423619821637e+01, 1.368377561533871e+01, -3.378453529669422e+01, 1.310554584649404e+01, 5.443924962351383e+00, 1.258740600697108e+01, 4.994267318478502e+00, 1.461121033389181e+01, 1.417048638135639e+01, 5.736064075350493e+00, -2.492862248875920e+01, -1.872520008755148e+01, 3.121661542923801e+01, 3.413367850245117e-01, -1.897203255694173e+00, 5.382350578420190e-01, 4.433614404310638e+00, -9.136055750524048e-01, 8.712815430168085e-01, 1.424602342127152e+00, 3.149560235489577e-01, -5.564213198522924e-01, -1.387707037723720e+00, -4.810274531260751e-01, 3.690458032974576e-01, 1.395507452621572e+00, -1.202588810147118e+00, -1.319649268074440e-01, -3.052548607895462e-03, -6.723822710672134e-02, -3.843529823809418e-01, 5.245996188327511e-01, -6.110764681605411e-01, -5.382455392852575e-01, -1.022392990018316e-01, -2.035414856062815e-02, 1.658665549932213e-01, 6.617952125301152e-03, 7.145986214319926e-03, -1.227580615100107e-01, 1.439009856696676e-01, -1.970595843940031e-02, 2.694239965424012e-02, 2.091694664036927e-01, 3.304803654964135e-01, 2.361718026225389e-03, -4.678833923667090e-02, -5.904824223499813e-02, -1.322225035360635e-01, -9.720470696686738e-02, -6.613040084754647e-02, 2.148554631728378e-02, 1.070277408049158e-03, 2.481674689616137e-02, -5.423173624701148e-02, 1.020524644124775e-01, -4.072577105553692e-02, 9.017768289558976e-02, -1.730784018391944e-01, 3.113593830597563e-01, -4.470969999586822e-02, -1.075715040490927e-01, 6.403218672011959e-02, -1.262846066998980e-02, 2.061305829551335e-03, -2.943293403269627e-02, -1.033882352858275e-02, 4.430742828975646e-02, 3.752305211369550e-02, -1.526523401593493e-01, 1.557846014039659e-02, -1.470566935920084e-01, -2.183318359982256e-01, -1.958983571279725e-01, 2.490804950828447e-01, 2.066181673521940e-01, 7.989314422276884e-02, 9.131426289843037e-02, 4.380161828497418e-02, 2.103770678886511e-02, 4.861890946758123e-03, -5.230100552083515e+00, 1.283325304276252e+01, 2.957390435334720e+01, 4.330173409777577e+00, 7.527091472461205e+00, 1.056874644237929e+01, -2.241143985955526e+01, 1.573013844684321e+01, -4.353980998177536e+00, -4.231014493307500e+00, 2.317174092081323e+00, 1.765254909081942e+01, 6.482571491348748e+00, 1.025074906801723e+00, -5.908372471167199e-01, 1.116286174444520e+00, -3.405915486315395e+00, -1.686647047016663e+00, -9.331128859985730e-01, -7.793035750271465e-01, 3.209864442763943e-01, -1.148238198549789e+00, -1.890086462017947e-01, 8.245740698755941e-02, -1.114736569315368e+00, -5.985499147320941e-01, -4.109581600406049e-01, -3.143668985543376e-01, 6.168824490135654e-02, -9.956170275788609e-02, 4.292806549129347e-01, 1.635957744811219e-01, -3.564197603052323e-02, 1.422798253053476e-01, -3.219024794484479e-02, 1.063034562549272e-01, -3.971624232204569e-02, -3.626933413240117e-02, 2.869915027091069e-01, 5.177438181683577e-02, -1.646419024700650e-02, 3.993610338007061e-02, 1.423282205729806e-02, 3.580232577501337e-03, -2.212291074789402e-01, -1.863907468410911e-01, -4.253261827777405e-02, 5.538057867405713e-02, 8.124376069449465e-02, -9.892917138837624e-04, 9.777384486578077e-03, -4.601854850412376e-02, -8.692412154515450e-02, -1.304175725013666e-02, 3.753776340957911e-03, -1.895211443979587e-02, 4.527547765127779e-02, 3.853287379850864e-02, -6.479263630647925e-02, 3.252171750905779e-02, -3.178356642562367e-01, 7.012747821944562e-02, -1.353833020488215e-02, 1.007311860716471e-01, 5.317873853154586e-02, 4.890230237870410e-02, 1.493651813320713e-01, 1.780700500692196e-02, -4.759292067490292e-02, 9.194917483081244e-03, -2.635819686667977e-02, -1.884056063258805e-02, 7.007042606451098e-02, 1.142967955942310e-01, 1.667132306604662e-01, -1.352457905719449e-01, -7.140790677650537e-02, -7.343675437563149e-02, -6.325282836757093e-02, -3.071273642813045e-02, -1.047741943806608e-01, -3.964847321134539e-02, 2.793211794636858e-02, 6.915244150265820e-02, 9.213678174326974e-01, -2.327952839885053e+01, -4.231410621542682e+00, -1.436613448672089e+01, 3.412435623739933e+00, -7.703977085494661e+00, 5.027844382013746e+00, -2.052070922917242e+00, -1.499023555202395e+00, -5.431165404474978e+00, -1.583299430977730e+00, 1.455045408753423e+01, -1.335753124351697e+00, -2.714744855512534e-02, 4.418512657857349e-01, 4.842448543790813e-01, -3.933990438188332e-01, 5.239842212326558e-02, 1.975266954455968e-01, 1.839409506195738e-01, -3.200740931724501e-02, -3.903414316566282e-02, 3.293101998239595e-01, -1.261756870593186e-01, 1.615196624824145e-01, -5.697617233386576e-01, 2.527686727616850e-01, 2.860243845435653e-02, -5.326948616324278e-02, -1.504713862378101e-02, 2.073222241986150e-01, 7.463697343702277e-02, -2.811488440334286e-02, 1.652705191527881e-02, 6.875462126321078e-03, 3.838348387545574e-02, 1.148802817286609e-02, 1.167190362310452e-01, -1.525172316722817e-03, 2.291978612759951e-03, -4.216921284733812e-02, -2.456878577508970e-03, 5.599394740512230e-03, -7.784739059889961e-02, -1.077747587529237e-01, -1.005373025866147e-01, 6.481084637076741e-02, 2.835984119568527e-02, -3.354767438550918e-03, -1.994055356856634e-02, -5.125196275540024e-03, -3.907302137967804e-02, -1.590807792763602e-03, 7.781436757044055e-03, 1.849236536264934e-02, 4.479406848931727e-03, -3.176824813168814e-03, 8.760740381665981e-02, 1.164263385436178e-01, -9.106498474866559e-02, 1.473845861022824e-02, -9.971645782308771e-03, 2.452798851859546e-02, -2.969685629563226e-02, 5.839403904795131e-03, 4.543505020559769e-02, -2.588495513780479e-02, -7.739778594614478e-03, 1.776715487354248e-02, -2.258233280735214e-02, 4.381143167672564e-04, 5.089776729334751e-02, -3.133879944673405e-02, 8.234889653187177e-02, -5.811184320644055e-02, -3.072558697881777e-02, 2.226830611328734e-03, -2.097641676347190e-03, -2.304823078991125e-02, -3.602052859274241e-02, -8.147024563780450e-03, 1.627182441240721e-02, -2.479531308829025e-03]
