elements:      [Ba]
cutoff:        6.0
pair_type:     gaussian
feature_type:  gtinv
model_type:    4
max_p:         3
max_l:         4

gtinv_order:   2
gtinv_maxl:    [4]
gtinv_sym:     [0]
gtinv_version: 1

electrostatic: 0
mass:          [137.3]

n_pair_params: 4
pair_params:
- [0.5, 0.0]
- [0.5, 2.0]
- [0.5, 4.0]
- [0.0, 0.0]

n_type_pairs: 1
type_pairs:
- atom_type_pair:      [0, 0]
  pair_params_indices: [0, 1, 2, 3]

type_full:    1
type_indices: [0]

n_coeffs: 2924
coeffs: [3.579640716957902e+01, 4.119403237083180e+01, 6.407717911171442e+02, -7.580947169968023e+02, -6.243059076401832e+01, -5.481620359997544e+02, 4.146487690964106e+00, 1.435158622382160e+01, -6.926813556927950e+00, -1.217047455617458e+01, -8.817248029980613e+00, -1.221247674216649e+01, -8.700412257411623e-02, 3.429883162625599e+00, 3.195811526511333e+00, 2.272047345320321e-01, 5.267907494227824e-01, 1.991481423970088e+00, -5.930390276098907e-01, 4.171234118231336e-01, -1.030703057362365e+01, -3.398812327480066e+00, 1.982066203857515e+00, -3.393484279153396e+00, 4.119403344002282e+01, -1.485122142965062e+02, 5.282536447345629e+03, 4.064308620721021e+02, 2.172379046634038e+03, 1.096218671812090e+02, 1.052411576631432e+03, 3.340105460493900e+03, 9.888422483186527e+01, 1.641468024883294e+03, 1.787987016798947e+01, 1.228051673075585e+02, 1.463570226589526e+02, -6.597135962781940e+02, -1.064967141390947e+03, -6.032659893004558e+02, -2.778203686428348e+03, -4.671781107239985e+01, -5.077406926683274e+02, -1.777016993099873e+01, 2.929796917256726e+02, 4.521932144542541e+01, 1.078242426874656e+02, 3.645091123098093e+01, 4.155840341903684e+02, 4.821189416896055e+02, 3.300134087417633e+01, 1.435158594673574e+01, -8.077158122249746e-01, -2.285603440908049e+03, -1.508550292795949e+03, 1.762999698142756e+03, 1.083205201437341e+03, 1.171067999481658e+03, -1.390959297967983e+01, 8.540174519583884e+01, -9.359110420917713e+01, -3.818343111901196e+02, 1.896279844655639e+03, 2.872419340412296e+03, 1.422802912433126e+03, -9.572568951099248e+02, 1.094496416056982e+01, 2.193255434797128e+02, -1.298219536795924e+02, -3.839600597321188e+02, 8.073667636836759e+02, -7.043215410489611e+02, 1.133003279844620e+03, 8.387322245863434e+02, -3.262779044438794e+02, 6.306843404562775e+01, -1.908834172069804e+01, 6.057862893698922e+02, -3.288227114537948e+01, -1.606732117761217e+02, -8.621583254496767e+01, -1.024369297048315e+03, 8.549536432084921e+02, 2.769839068925148e+02, 7.833598893596456e+02, 3.423297137291294e+01, -3.946921813385750e+01, 1.521212140249884e+02, 8.920533418441202e+01, -2.558668360075280e+01, -1.019896871726440e+02, -6.672871773286414e+02, -1.037467713394606e+03, -2.379645150132236e+03, -1.510875822348679e+03, 1.458596660771268e+02, -6.982439243032017e+01, 1.054713722769901e+02, -1.069013939228546e+02, 2.024774587272154e+01, 1.193544205920870e+02, 5.232474618108713e+01, 1.012703062987956e+02, 1.563559334261400e+02, 1.662738556213895e+03, -2.108547135472747e+03, -2.338507261312749e+02, -1.491906684466916e+03, -4.955977168981847e+00, -5.711394537882962e-01, -7.039812693458660e+01, 3.573900459418173e-01, 1.173751303903988e+01, -8.015727093229925e+00, 3.429882407078021e+00, 2.298346346555695e+02, -3.375664204175356e+02, 3.329745221779099e+03, -4.766364228672014e+03, -8.057506235017830e+02, -3.175047561459862e+03, -3.433993234405958e+00, 3.801386781464885e+00, -4.892212826340904e+01, 8.003120440996227e+01, 6.800737739163846e+01, 2.421357471755858e+01, -3.472598096501002e+00, 3.132989715054535e+00, 2.388697587104355e+03, 3.763541751909869e+02, 5.132644270465285e+03, -4.049354333613674e+03, 1.768025069183326e+02, -1.052915924785313e+04, 7.756903574779648e+01, -2.493960847574515e+02, -1.210107759376350e+02, -2.343742593699442e+02, 2.098572543255506e+02, 3.868981885520565e+02, -2.607598817963155e+01, 4.506667458665487e+00, 1.166542033068360e+02, 1.629334158643758e+03, 2.643389696297572e+03, 6.523121009098733e+03, -1.330708033656640e+04, 4.897175561238726e+03, -6.109359231577225e+03, 2.932291363896133e+00, -2.319673134626113e+02, -6.915178925050141e+01, -4.400638860081727e+01, -9.555807117961659e+01, 5.016536342525890e+01, -3.442866361920653e+01, 2.217673566116726e+01, 1.350768708494031e+02, 2.538913211029217e+01, -1.315510355964443e+02, -7.073870490101593e+03, 3.394960505588814e+04, -1.036977344970678e+04, 5.647689175622986e+03, -1.581201788049379e+04, -1.727304976431958e+01, -8.177380365517200e+00, 4.474424668990429e+02, 2.972573721852792e+02, -6.866893175940956e+01, 1.793659697158777e+02, 1.083398351263997e+01, 9.800950993223807e+00, -7.292098539867396e+01, 2.165437241252315e+01, -2.126061420354805e+01, 2.530757479878995e+03, -7.396966572273728e+03, -3.563814816092504e+03, 1.399480190989454e+04, 6.502970135074107e+03, 4.642053724534209e+03, 1.384753670001396e+01, -1.871994289616083e+01, -2.045729508711592e+02, -1.307232389341778e+02, 3.038503329936894e+01, 6.950105351895803e+01, -7.405504900211227e+00, -9.204196684057852e+00, -3.922424430578928e+01, -6.611204403493542e+01, -1.979769241198608e+01, 1.299494339967363e+00, 5.739772935161238e+01, 1.018719406923166e+02, 4.418091119049199e+02, -5.385469299014253e+02, -6.054774868334867e+00, -4.253997712625634e+02, 2.105503488118593e+00, 1.192109135471213e+00, -3.180512410906718e+01, -2.248923735704783e+01, -5.756754776306497e+00, -5.395695330511220e+00, 1.084601415326917e+00, -4.212787094191780e+00, 4.549566470550436e+00, 2.595080686016072e+01, -5.365679916234031e+00, 6.436721302898472e+00, 4.171231921293951e-01, 4.196299095420247e+01, 6.253500102017318e+00, 1.844080425122549e+01, -3.648085033914004e+02, -3.197418562965840e+01, -1.869061840750036e+02, 4.049068524570367e-01, -1.479225784551159e+01, 1.880195857971712e+01, -1.610277221152872e+01, -3.052239017658723e+01, 1.667787639576874e+01, -1.988630374828078e+00, 1.486840693682570e+00, 2.330835029307547e+01, 1.122911132043223e+01, 8.433798626297532e+00, -1.162487009819059e+00, -5.085767356315397e-01, -2.872686377569253e-02, 1.282628216456233e+02, 7.569258804785356e+02, 2.814637970130855e+02, 1.452830335698039e+02, 5.248910873386960e+02, -6.726399870110741e+02, -7.409247336264004e+01, 2.137161855694854e+02, -4.156345365484358e+01, -1.336651480457267e+02, -5.493893309796409e+01, -2.621674688184888e+01, 1.736487569642054e+01, -3.721490341780457e+00, -1.348311352992846e+02, -2.577909653373128e+02, -2.384503179665599e+01, 1.955961796158004e+01, 1.922683203053834e+01, -4.854270682297630e+00, 5.705643678406254e+01, -2.464935207342246e+02, 9.227829175274732e+02, 9.223955067562239e+02, -3.465424323051394e+02, 8.105087667947611e+02, -7.332228129297747e+02, -6.541293462363340e+01, 4.024958114975428e+01, 6.412556222996530e+01, 2.094202834592555e+01, 1.572529909325168e+02, 1.957443903133487e+01, -1.119273503894755e+00, 1.680017037155158e+01, -6.825910160800369e+01, -6.748660556744356e+00, -1.285381977513457e+02, 5.711648975088543e+00, -4.813541651453248e-01, -5.979907572405064e+00, 2.333586624925348e+02, 4.023504734917092e+00, -1.812354803835093e+02, -4.699977249305856e+02, 1.007928229650735e+03, 2.456514631326698e+02, 5.505538637184948e+02, 5.678870438135381e+01, -4.454540806538832e+01, 3.522260082878427e+01, -1.232632154152860e+02, -1.821680908655280e+01, -2.182696925100223e+01, 5.528725086196782e+01, -1.168416233269483e+01, -7.776101271703340e+00, -3.289262745184658e+01, 7.764677535981411e+01, -3.781886423824730e+00, 4.614761806624167e-01, -6.209563390803431e+00, 7.689824418898940e+00, 8.544866244479985e+01, 6.485996817191236e+01, 2.023330171980468e+01, 2.206258378035048e+02, -8.919297704393739e+02, 2.213533586917040e+02, 2.235091402265133e+02, 2.440755355087991e+01, 1.497976853895587e+02, 4.546759012992828e+01, -9.059435072367120e+01, 3.963639164934647e+01, -3.019057233214320e+01, 1.126683075932320e+01, -1.239346273791020e+02, 5.805673188940909e+00, 8.168936574744432e+00, 9.101479387529025e+01, 1.060190968389691e+02, 1.433263606804627e+01, 8.542694966926724e+00, 8.579890627749220e+00, -6.912243257600744e+00, -8.286187478566420e+01, -4.308574555109276e+01, -1.572255389335747e+01, -4.298583190751800e+00, -1.485122115373937e+02, 5.282536445629312e+03, 1.494668957136535e+05, 4.187051110589960e+05, 2.172379056655650e+03, 8.353543083108460e+04, 3.395404866721815e+05, 2.838742526791748e+04, 3.047698153173463e+04, -1.437451041616373e+05, 3.340105471254652e+03, 5.487776491657642e+04, 3.224944736785732e+04, 1.872227289792622e+04, -1.408879592440636e+04, -8.365428985159946e+04, 9.902449145149822e+03, -1.432400436398197e+05, -8.814743371464501e+04, -1.265698534513569e+05, 1.228051843626185e+02, 6.991161863888137e+04, 4.598857122603966e+05, 2.869418505260894e+04, 1.457483981515052e+05, -3.509308013352625e+04, 1.475746246163513e+04, 4.781789199899830e+04, -2.771039893590684e+04, -4.707950869685815e+04, 2.051002556550660e+04, 1.628212473873011e+05, 1.440868120550853e+04, -6.861407432269388e+02, 3.119614422152614e+04, -2.778203681152211e+03, -2.621694780092684e+04, 1.662444884429449e+05, -9.543069572633682e+03, 7.603319159443749e+04, 1.065515600425425e+05, -2.201052835064406e+03, 1.473765032263007e+05, 8.952129130678663e+04, 1.099990447666672e+05, -1.030165272707124e+04, -3.428671498862300e+03, 3.999746280897410e+04, 4.925462720172477e+04, 8.323221151970132e+03, -1.117145324869648e+03, -1.452202569222979e+05, -9.059271088160457e+04, -9.301796604333409e+04, -4.513868334346532e+04, 8.081681597992175e+04, 1.078242496916678e+02, -3.717952738858549e+03, -7.107972246672843e+03, 1.659073250025089e+03, -1.031225847184810e+04, -1.637042337771248e+04, 2.502621894482209e+03, -5.094112723920132e+03, -1.482541134070836e+04, -6.082172226720216e+03, -6.506765732707619e+02, -4.877654941772789e+03, -4.743277124803413e+03, -1.064185097415910e+04, -7.164633360388037e+03, -2.962320356285516e+03, -2.214422447721229e+03, 7.369725278343889e+03, 5.822667397991688e+03, 2.746985074355768e+03, -2.159401913507692e+03, -8.077101069502676e-01, -2.285603451523090e+03, -1.508550299126618e+03, 1.762999704452722e+03, 1.083205198052630e+03, 1.171067997484231e+03, -1.390959343718666e+01, -2.285603431174255e+03, -1.456312746662507e+04, 5.061772105419076e+04, 9.778566826368377e+02, 4.367090378963313e+02, -6.846687973688317e+04, -3.751621908407170e+03, -9.020876701645595e+03, -7.188236726710910e+04, -4.925109766849245e+04, -5.408603969674751e+03, 4.293060082622061e+04, 3.880045308086974e+03, -3.779320147729101e+04, -6.283638316270501e+03, -9.859203921258042e+03, -2.472384739246554e+04, 1.944070906193821e+04, 3.015340548235135e+04, -2.737476402750762e+03, -1.718754805815645e+03, -4.469101712631997e+02, -5.254243821018313e+03, -4.006715676692760e+03, -2.001659814048156e+03, 6.436296005623650e+02, 1.964676039730195e+03, 8.540174544595054e+01, -1.860465315968287e+03, 2.892935056767667e+04, 1.081365522945895e+04, -1.362027949962898e+04, 9.847507191270499e+03, -9.986883222104720e+03, -5.821832736112552e+01, -3.626654449699774e+02, -3.818343032438612e+02, -3.430652544556333e+04, 1.124583987774692e+05, -6.890624924338626e+03, -3.588454959887094e+04, -6.508360337057766e+04, -6.770757160314566e+03, -1.199188782186771e+04, -6.907497216680502e+04, -4.224478990666644e+04, -1.166386178021922e+04, 2.714337460274681e+04, -1.035652028419785e+04, -2.186914774531637e+04, -2.941164778547313e+03, 4.720808695914766e+03, 4.067035219179256e+04, 4.479421483311684e+04, 5.195072771369605e+04, 2.238293514983297e+04, -4.035931196758826e+04, -7.272566764392462e+02, -1.024640445197788e+04, 8.402814591862045e+02, 5.113817959228567e+03, -1.153384902793815e+03, -1.271831288752438e+03, 2.193255421079891e+02, -1.649990370064159e+03, -1.858856194127402e+04, 1.098143476470728e+04, 9.304573538586197e+03, -1.245654960791533e+04, -5.716351128670982e+03, -1.721062882867815e+01, -9.102229721423687e+02, -5.164756334058182e+03, -2.651258069466716e+04, -1.913894362931906e+03, 1.015736172361927e+04, -1.436636764578036e+04, -6.103593613094398e+03, 8.611379327506736e+02, 8.834154288973265e+02, 8.580942127801634e+02, 8.073667565846673e+02, -2.579477672608670e+04, 9.429944277911345e+03, -3.679070145793515e+04, -9.314988903305054e+04, -7.698091365260210e+04, 2.027401652786689e+03, 6.985330941601265e+04, -4.695569958676070e+04, 4.267425654916261e+04, -2.362162940377915e+04, -8.425199652824631e+04, -5.156795082266096e+04, -3.536191975572693e+04, -5.988150471735986e+04, 1.032279633736163e+03, -4.341848712803812e+04, 1.792290251900753e+04, -2.224265550302685e+04, 1.879743120459847e+04, 1.986703724464582e+04, -3.645160226599774e+02, -2.105622703335908e+03, 3.297560945079123e+03, 5.956995139935492e+03, 4.751019325222761e+03, -2.258071855829940e+03, -1.908834167248279e+01, -2.827918480325309e+02, -2.335948073211514e+04, 2.783923259628681e+03, 4.351420452626934e+03, 5.672604984936776e+03, -2.355007783135137e+03, 1.856640870180190e+02, -7.071635285293722e+02, 6.768468072465060e+02, 1.658748458373615e+04, 1.231250117538633e+04, 3.698768675468313e+04, 1.213775727650372e+04, -1.237976930846264e+04, -1.964036985490130e+03, 4.779520861605894e+02, 9.222701467589646e+01, 1.800977284240621e+03, 4.292101900143896e+03, -1.482742626386969e+04, 1.104936868198308e+04, 5.890953225377327e+03, -2.496057591009499e+03, -3.517045668922321e+02, -2.125734291705407e+02, 1.313765922694546e+03, -4.179927228156360e+02, -8.621583565287456e+01, -3.403305342043466e+04, -5.532339805730007e+04, 9.726487877743401e+01, 9.849145382588636e+04, 7.626351447694494e+04, -1.831317450887518e+04, -4.734910617655099e+04, 1.220593441334759e+04, -2.513270101750910e+04, -1.523567117950339e+04, -3.079618778555180e+03, 4.151533696224764e+04, -2.502074206568379e+04, -6.328831699634865e+03, -6.310205952366044e+03, -8.369784437811023e+04, -5.803476355313860e+04, -1.272418235447742e+04, -3.378471281437433e+04, 4.350137458485591e+04, -3.555976037418986e+01, -7.509947203709449e+02, -2.184000089841910e+03, -2.960317068271381e+02, -9.227459848758077e+02, 3.695380299562995e+02, -3.946922141689896e+01, 1.291286515604641e+02, 8.512742150046566e+03, -9.255145606268412e+03, -2.259638470068317e+04, -7.078256161773226e+03, -3.643714246221350e+03, 3.930689795503524e+00, -1.776744862268084e+02, 5.880248411648057e+02, -1.887673970361920e+04, 1.649877584945266e+04, -4.250906791381447e+03, -1.162818803112872e+04, -9.859128027451959e+03, -2.058133083591489e+02, -5.289132137442448e+02, 6.644878409614466e+02, 1.818816296701403e+03, -1.201081323648449e+04, -6.697340547002786e+03, -1.664110070720639e+03, -1.179565926406202e+04, -4.092445829475207e+03, -3.328585509162228e+02, 3.681661846828230e+02, -2.629113987588256e+03, -3.643958870481314e+01, 9.919037469769677e+02, 1.744871409901892e+04, 8.136377766814071e+03, -1.433989164192904e+04, -3.859043864111467e+03, -1.056848894064054e+04, 6.828644260378065e+00, -5.104465059313401e+01, 2.808584280632213e+02, 2.536707478953876e+02, -9.103809357792811e-01, -6.672871684995436e+02, -7.351516372688762e+02, -2.690611682517767e+04, -2.330006512054612e+03, -8.306047488634408e+04, -3.157390945501954e+04, -7.682159323613133e+03, -7.896079648160137e+04, -8.513793760519304e+03, -3.516766889800820e+04, 3.664585575582911e+03, -2.494566246599043e+04, -2.817036232879593e+04, 2.235834874189358e+03, -5.717521028208826e+03, 8.669620118476691e+03, 5.759387187945738e+04, 1.244921437082808e+04, 1.808198269116793e+04, 1.199469914821818e+04, -1.285462725591585e+04, -1.829030541235506e+02, 4.307762541638282e+03, 3.969792124430902e+02, -9.745305947569462e+02, -9.509619096695289e+02, -4.144536832885785e+02, 1.054713719308730e+02, 2.591811193712639e+02, 4.757627696712225e+03, 1.310976659532366e+03, 1.045357045623037e+04, 7.711095044650501e+02, 4.517703832972576e+03, -6.208367431013301e+01, -7.959036773972640e+02, 5.749452758371751e+02, 4.412871093176673e+04, -1.324206300416748e+04, -3.531153813918347e+03, 1.183890707768591e+04, 6.152857368642824e+03, 4.924707629474512e+02, -8.019824773008265e+02, 2.025352829817482e+03, 4.991973112003411e+02, 3.423291698816079e+04, 1.722613061070171e+04, -1.997134593807563e+03, 7.687942660208711e+03, -4.450189472816930e+03, -1.798073412177990e+02, -2.270529963014381e+02, -2.159165340257904e+02, 1.179503050428902e+02, -1.065340276094910e+03, 5.839923819255296e+02, 7.047156186563901e+03, 1.283599937827325e+04, 3.886426462286245e+03, 3.487783527738964e+03, 8.024426153437838e+01, 5.819573258316335e+01, -8.736639795161686e+02, -6.070068197841130e+02, 2.031007826379937e+02, 1.165455334733634e+02, -3.701769792969702e+03, 2.963062954654386e+03, -2.787375503244902e+03, -1.049365446219572e+03, -2.512979494958508e+01, -1.769203109121085e+02, 3.270731364442003e+02, -2.803496454190122e+01, -2.341807247481316e+02, 1.300302522789983e+02, 4.653171865929281e+01, 1.563559392965916e+02, -9.529063322154050e+03, -1.200482690313575e+04, -1.043386754814410e+03, 6.219427979260251e+03, -4.662405741810609e+03, -2.849919030874374e+02, -6.569663955310821e+03, -1.586013073594389e+03, -2.215215740697383e+03, -1.005791373510063e+03, 1.025289934368467e+04, 8.030218660256570e+03, 2.032905049737067e+03, 4.953688894200272e+03, 1.090287945585364e+02, -6.733629818628682e+03, 1.135957364794503e+03, 3.142669537477855e+03, -3.694172528969430e+03, -7.545744536921344e+02, 1.613206065495455e+01, 1.419099494765909e+02, -1.463486076797113e+03, 1.137670885551315e+03, 9.090435205346804e+02, 9.345752187071041e+02, -5.711324335161830e-01, 1.470795269070812e+02, -3.901817434047523e+03, -5.766542903958431e+03, 2.378657161569744e+03, 1.314810325485171e+03, 3.556269656169358e+03, -5.977755802404436e+00, 3.081236206236417e+02, -1.772701558705803e+01, -1.630398725128730e+03, -7.133649743938805e+02, 2.559323317111397e+02, -3.442612946593395e+03, 5.744557681845199e+02, -1.038049936305612e+02, 1.598933700546695e+02, 3.402905812221196e+01, -7.360184920393642e+02, -3.781814568192434e+03, -2.908712060026322e+03, 1.658617483737745e+03, 3.257675501513429e+03, 1.284769423142913e+03, 1.319825835962820e+01, 8.579233142728356e+01, 8.982775201537022e+02, -5.045972056846751e+01, -2.696216290548282e+02, -1.198259340018813e+03, -1.861175135903108e+03, 6.637176999316251e+03, 1.729766795004208e+03, 1.792758144543565e+03, 8.551456494482730e+01, 1.161480842963167e+02, 2.592545133068261e+02, 2.204791297398691e+02, 8.175445042526567e+01, -2.642928842339517e+02, -2.677123666115228e+03, -7.248451489317691e+01, -3.169018576100747e+03, -2.388844564334515e+03, -1.007498102255227e+03, -1.028550616388918e+02, 1.890862989685482e+02, -4.392533585174104e+01, 2.480454399872892e+02, 1.951272409485640e+02, 1.398002926957583e+02, 2.298346840690427e+02, -3.375664531105562e+02, 3.329745230474209e+03, -4.766364229433248e+03, -8.057506182751753e+02, -3.175047564824962e+03, -3.433983103024144e+00, 3.801380830767804e+00, -4.892212268159842e+01, 8.003120915371112e+01, 6.800737849475583e+01, 2.421356257024792e+01, -3.472598100095620e+00, -3.375663894270788e+02, -4.963590524828813e+04, -2.417424487586059e+05, -4.012907206246926e+03, -8.537448602234559e+03, -2.544119171761516e+04, -3.267527024099074e+03, -5.898668122103436e+04, -1.156201409619646e+03, -1.731113880357752e+04, -2.296584103039079e+03, 3.520431155484858e+04, 4.133121867766428e+04, 2.066508730573687e+04, 3.518261780559762e+04, 4.537677282611397e+03, 1.741118867879702e+04, 1.015701882248705e+04, 1.791169767034113e+04, -1.615812424499672e+04, -1.180812965503728e+04, -3.178042265877697e+02, -4.998241139992381e+01, -5.860714539458711e+03, 4.649415556164110e+03, 1.878111955898034e+03, 3.902907023683021e+03, 3.801377850881897e+00, -6.674546275375071e+02, 3.928088005429479e+03, -9.072976137560066e+03, 8.620480802104761e+03, 3.691554848557540e+03, 6.078097864004501e+03, -1.347792860268852e+01, -5.365394078319928e+02, -1.134743831485521e+03, 2.331685265666497e+04, 8.455864196833227e+03, 9.016034010316762e+03, -9.616772350735488e+03, 2.012146802251765e+03, -2.549933615505321e+02, -1.512330329122066e+02, -1.426314024540187e+03, -1.878025106640056e+03, -1.741490159117549e+04, -2.253889980920086e+03, 7.144911053798769e+03, 1.402028232307985e+04, 5.245741901744360e+03, -3.286504761147282e+02, 5.209348501029532e+02, 4.255555902013499e+02, -6.721809317168422e+02, -1.882106043319773e+03, -1.632109908205301e+04, -1.256337869059693e+03, 2.992458467864001e+04, 6.134244338038186e+03, 5.170662491277374e+03, 1.699766182410177e+02, 5.432192420011552e+02, -6.550963855692149e+02, 2.161921077686541e+02, -3.015633530020760e+02, -1.575963654366086e+02, -2.730943410159158e+03, 8.744353034570420e+03, -3.711601701969048e+03, -4.281312659849166e+02, -7.513657785253169e+03, -2.521570123314669e+02, 3.894290813246221e+02, -4.808640991514438e+02, 4.833647490324691e+02, 1.073516964949842e+02, 1.491931197869577e+02, 2.104188271398965e+02, -7.580121947595893e+02, 6.129369047258982e+03, -8.040332178045882e+03, -9.818847325047572e+02, -6.312843646351695e+03, -4.241950652076142e+00, 1.006054915057907e+02, 4.880797490973124e+01, 2.694446147738689e+01, 9.449219941874459e+01, 1.013144760656055e+01, 3.132995178950631e+00, -1.063522363559866e+03, -4.165248423240162e+03, 4.570714401223323e+03, -1.152006496875040e+04, 1.031121597870080e+03, -9.997592922863099e+03, 2.130292819195482e+01, -1.190651801081181e+01, -3.186279104421482e+02, -8.299120190388150e+01, 1.890016554708872e+01, -1.138414179061339e+02, -1.539643688728972e+00, 1.022887502343443e+00, 3.763541383147818e+02, -4.695964543769339e+05, -3.248907048196408e+06, -9.633104117588524e+04, -6.043356805736806e+05, 9.029401885687963e+04, 3.265134501910390e+03, -1.423727175037560e+04, 3.063035010314911e+05, 3.379604494354023e+05, -5.470722255100487e+04, -1.619557856083423e+04, 3.655646358596194e+05, 3.637735987383402e+05, 3.344206819261878e+05, 5.885689828145440e+04, 3.718205924325889e+05, -5.628531848555554e+04, -1.708117434481228e+05, -1.731866773992194e+05, 2.685777486964887e+04, 2.888358203993581e+01, -3.856771887920801e+02, -1.902105555261099e+03, 8.272344883265390e+03, 1.392359063819813e+02, -3.834681325731688e+03, -2.493960833480885e+02, 2.425753479125021e+04, 7.199078826993784e+03, -1.059634832497499e+04, -4.665508090907340e+04, -4.683464786084027e+04, -2.970791764492061e+04, 1.024608735193437e+03, 2.622372458771217e+03, -1.700565570717721e+04, 2.137996732699359e+05, 2.373792743426203e+05, 1.631012616571682e+05, -1.371724159955098e+05, 3.815848915049757e+04, 1.278085155697269e+03, -1.303785399471813e+03, -5.752421126397652e+03, -1.036721537312330e+04, -1.731239876476683e+05, -6.215593029131013e+03, 9.979936342680096e+04, 7.111415075182651e+03, 7.100083758036832e+03, -2.402395365365339e+02, -2.230715139061998e+03, -9.111783506950944e+03, -9.621777222928154e+02, -6.407334803040870e+02, -5.978664841790093e+04, 4.133102541414560e+04, 2.163873675838639e+04, 1.121170449021195e+04, -4.043717442354451e+04, -1.387622341736918e+02, 1.490193805970057e+03, 8.893172354372935e+03, -8.228316642712614e+02, -1.353655157055128e+02, -1.032274733209647e+03, -5.891485710285243e+04, 2.540556221145573e+04, 1.460277007725897e+04, 5.545496143695359e+04, 1.964940504261223e+04, -2.765669207075784e+03, 9.924369095702230e+03, -4.019870013153195e+03, -2.053667451010779e+03, -7.028925766124472e+02, 1.303746782686375e+03, -3.007353350822859e+02, 4.756011618803159e+03, -2.502016597318046e+04, -1.386364679546361e+04, -1.791235989893159e+03, -5.831517259300324e+03, -2.958827896013163e+02, 4.677466861030460e+02, 2.207639106341205e+02, 1.547599036077888e+03, 1.030765169091278e+03, 7.844692151137380e+02, 4.506684999157900e+00, -2.212677623921042e+04, 2.601851564895915e+05, -8.431675597562238e+04, 8.617344992410410e+03, 5.863412543173502e+04, -1.062102917016071e+04, 2.008553977580782e+02, 2.039084770358398e+03, 8.527650651715180e+01, -8.745673758589810e+02, 7.281560828207321e+02, -7.493425997911197e+02, 1.846587337643971e+02, 5.997457138251814e+01, -4.123823728071046e+04, -1.004868034459425e+06, 1.889179869170852e+05, 4.310746583377314e+05, 9.193708792928669e+04, -8.887699722420701e+04, -1.924660428433011e+01, -1.458532309375447e+03, -3.349358563585460e+03, -9.393082065720078e+03, 7.886826503839251e+03, -2.715629695230445e+03, -3.892103488051270e+02, -9.333936406887955e+01, 3.658209958616522e+02, 2.643389675248786e+03, -2.296701887908318e+05, -1.046915048847002e+06, -1.086032243225748e+05, -7.109842156471291e+05, -4.214849386153393e+05, 6.852461112440362e+03, 4.197955938125473e+05, 8.550622123578597e+04, 3.998820086090020e+05, -6.221329058683498e+04, 1.437751294408995e+05, 7.856054814814484e+04, 2.648252825715576e+05, 1.894582840392473e+05, 4.748069609920749e+04, 1.728613053120643e+05, 1.682654505867098e+05, -1.471943656377489e+05, -9.410994256601938e+04, -3.727638557769348e+04, -1.715949059281192e+03, 2.013106254555464e+04, -1.304798737597027e+04, -2.062251910753245e+04, -1.055051683056367e+04, 7.589092525812555e+03, -2.319673015225439e+02, 1.047646323240211e+04, 2.979810825979518e+05, -2.640873298119969e+03, -7.275046902679050e+04, -5.699620694341438e+04, 8.494120972598861e+03, 1.067037293948153e+03, -1.170972266589655e+03, 4.796113227728662e+03, 1.500856597406383e+05, 1.399924893511855e+05, 5.773601385185484e+04, -1.225179187283347e+05, 1.942525116864245e+04, 1.604218231498747e+03, -5.369735401502176e+03, -2.475379719685816e+03, -1.016654782892475e+04, -2.951810293714426e+04, 2.327702291010072e+04, 3.659482346574545e+04, -1.793009994677803e+04, -2.253824701871619e+04, -5.238243097539835e+02, 4.232562654287702e+02, -2.733307106058977e+03, -5.472440741862516e+02, -5.825489878107644e+03, 2.217950719770668e+04, 9.375647057923188e+03, -1.660763953036775e+04, -4.896908030198151e+04, -1.660807492821130e+04, 1.127647122787741e+03, -2.326482335352076e+03, 5.855125604075869e+03, 3.928936245046927e+03, 7.261613494903264e+02, -1.835209424842057e+03, -8.149386743489860e+04, 6.356882902152252e+03, -1.439238895196649e+03, 2.185169291970009e+04, -8.605287578448651e+03, -7.108145586910093e+02, 1.622243832982692e+03, 4.119160462347791e+03, -3.291190671862213e+03, -8.551499792667639e+02, -8.989126133005557e+01, 4.398442652606758e+02, -1.790193136993176e+03, -5.522548009700056e+03, -2.170875279971607e+04, 7.528770265332852e+03, -2.502320305925278e+03, -3.343808099853790e+02, -7.352360007915107e+02, -4.301023310926270e+02, 1.157706193260131e+03, -9.845850850915981e+02, -2.453678908224167e+02, 2.217671947915106e+01, -7.430597296877023e+03, 2.831883985854854e+04, -1.804032717232509e+04, 7.334805058107636e+03, 3.010569012698888e+04, 2.217133005764570e+03, 1.399588663952732e+02, 4.248437829485957e+02, 3.700662347417979e+02, -7.519580334811558e+01, 1.969602679618331e+02, -2.141540534177432e+03, 8.768032203743644e+00, -1.186789341171947e+01, -5.192556912066854e+04, 3.819883986130531e+05, -2.931875530344495e+05, 5.395714917963806e+05, 9.693912476899580e+04, 1.410425179723832e+05, 1.368007085192970e+03, 6.642775541507846e+03, -6.282898963124062e+03, -1.865695650270787e+03, 3.324902491440458e+03, -3.950350522585290e+03, 1.052782317480500e+02, 1.074782303746680e+03, -5.455081113149043e+03, -1.741068136805424e+04, -9.441020585465959e+05, 3.120044186716622e+05, 2.899694848263204e+05, 7.697741694730174e+04, 9.495739676182190e+04, -7.945765452330801e+01, 3.494221816363544e+03, 5.831268729758393e+02, -3.484177219927964e+03, 4.024837320909892e+03, -2.905195794369577e+03, -7.214109969044156e+01, 1.538680404500789e+03, 3.371743490729360e+02, 1.412554441552989e+02, -7.073870447309221e+03, 1.009717836621838e+05, 2.710961517658443e+06, -3.903287295056813e+04, 5.339808175028854e+05, -3.534545887201345e+05, -6.327527409901301e+04, -8.952234693871249e+04, -3.806055842408331e+05, -3.609421189713319e+05, -2.486280064241499e+04, 4.088467526638842e+05, -1.211606465101207e+05, -2.212286476515274e+05, -5.706938470955245e+04, 4.920905373175748e+03, -6.146746650659268e+05, 6.923372849938522e+04, 1.417736114799138e+05, -1.453238341943243e+04, 4.921245578596333e+04, 1.099635864152319e+03, -3.311679660907952e+04, -1.810994636642046e+04, 3.730372326094988e+04, 7.752083420240338e+03, 4.113911868090940e+04, -8.177383077618570e+00, 3.958481443072090e+03, 1.815698438716607e+04, -2.915918540845979e+04, 1.103971245520409e+05, 4.182971006458796e+04, 9.668417356946869e+04, -3.725886422206570e+00, 1.803085618090332e+03, 2.474244101675997e+03, 9.726392114228575e+04, -4.511642104015598e+04, -1.011175934786456e+05, -2.657822212277184e+04, 6.746367009187319e+04, 3.341725300953394e+02, 7.278983931044953e+02, 2.816764910133571e+03, -9.508750790110145e+03, -2.932379560832148e+04, 1.631753852498941e+04, 2.015375482025915e+04, 2.954978982904061e+03, 1.864384483305403e+04, -6.748362390431770e+02, 7.565061936553831e+02, -6.050443850213677e+03, 2.422055524709604e+03, -1.031453114613749e+03, 2.412719201814972e+04, -3.692630162701029e+04, 9.470014783723016e+04, 1.810491446791590e+04, 9.654444696205528e+04, -1.146718754171186e+02, -1.771999518858836e+03, -4.142220491814681e+02, 2.234263893504012e+02, 2.674302549240020e+02, -5.692469727715350e+03, -1.017756407669045e+03, 1.533123196272794e+04, -8.203705356491994e+04, -1.839983875817842e+04, -4.443282537328510e+04, 1.635802636150951e+02, 1.672597357448699e+03, 2.707838543017053e+03, 2.871256816778419e+03, -1.348110159172953e+03, 6.556299795413510e+02, 1.631731563492684e+03, -3.436651385609966e+04, 3.692566897744747e+04, -2.362501621751872e+04, 6.129222762080383e+03, -1.349617462930941e+04, 3.111226849677948e+01, 6.655590896865607e+01, 4.860703029520789e+02, -5.389225218392316e+02, -3.226434269236985e+02, -9.145832076599930e+01, 9.800946689817589e+00, 9.219202515483648e+03, -8.936701304092884e+04, 2.846898742710129e+04, -8.966800689469750e+03, 1.615718318007278e+04, 8.078153939171472e+03, 1.843202597910302e+02, -2.771000888016429e+02, -6.621604311869878e+02, 1.385483251845336e+03, -8.712971576351378e+02, 8.102671340185843e+02, 9.800303492763071e+00, 4.248922448620039e+01, -3.836135035037456e+04, 2.306975354232635e+05, -2.290408781010956e+05, 3.372371825032307e+05, 1.041932857329392e+05, -2.362305609154234e+04, 6.453329131693591e+02, 2.371542291838130e+03, 8.114886925190448e+02, -6.540331224423667e+03, 2.015188760426124e+03, 2.434395378651439e+02, -2.182516180646355e+02, 5.105571193319128e+02, -3.647093963293356e+02, -2.840896053506771e+04, 1.702190040801125e+04, 1.112764331277068e+03, -1.348298214526470e+05, 1.685691247821247e+05, -9.783853182650999e+04, 7.392396307217319e+02, -1.180774088418832e+03, 4.527557913355051e+03, -2.022733169280071e+03, 4.412462310104334e+03, 1.318833563734813e+03, 2.346387800590747e+02, 5.573944239556891e+02, 2.273178015667640e+03, 3.200937355116865e+02, -2.067002195715826e+04, 3.065265695143902e+05, 4.229141160825227e+05, -2.977405577148829e+05, -3.418538417986564e+04, -1.209625953639681e+05, -6.145992690453087e+01, 2.615146784797560e+02, -1.085412767412721e+03, -5.229879162911852e+02, 9.301244608044799e+02, -6.113577929655303e+02, 9.087131434681462e+00, -8.576787717524797e+01, -1.624925751489547e+03, -3.132251862073588e+02, 3.979712933994711e+01, -7.396966521086585e+03, -3.827100156474673e+04, -2.971274574251322e+05, -5.175296538081127e+04, -8.561400649805370e+04, 2.893347935828929e+04, -2.747580609379573e+04, 4.407809506609287e+04, 6.205618963015705e+04, 5.571048132395765e+04, -2.424152729978539e+04, -1.122838970892158e+04, 6.688736738164296e+03, 6.060835064047121e+04, 3.227637757682553e+04, 3.115675598721945e+04, 1.146456414710443e+05, -1.416689415659004e+04, -2.788070088196722e+04, -1.433607918718594e+03, -4.399338239991499e+03, -2.544190121990069e+03, 7.086817980271528e+03, 6.051037670306144e+03, -1.394404366765909e+04, -4.807154680457166e+03, -1.079422861005199e+04, -1.871997652992540e+01, 4.621229305478651e+03, 1.197817884110399e+05, 6.554259759868347e+02, -3.178959707694253e+04, -1.121276640487134e+04, -3.596408519110686e+04, 5.363756286271678e+02, -1.579914037502403e+03, -1.034335521524201e+04, -2.701108319683303e+04, 4.732320361114987e+04, 1.605768342791164e+04, -2.769966152181362e+04, -1.530011982640063e+04, 9.798604836214673e+01, 3.042084790916373e+02, -1.045214335528592e+03, -6.485363764405689e+03, 9.446298209160821e+03, 1.873803093530407e+04, -8.620896258125518e+03, -2.106004821623328e+04, -4.663448797523290e+03, 6.027812000828189e+02, -4.239641530837393e+02, 1.303808094842859e+03, -1.083407908261635e+03, 1.134889020380606e+02, 4.829421130018967e+04, -1.278212288412441e+04, -4.967009504628112e+04, -2.279515833233496e+04, -1.483096845492430e+04, -2.543482667498302e+02, 1.391687858353790e+03, 1.441188295261917e+03, 4.809201696235436e+02, -2.144728091600626e+02, 4.427777863129520e+02, -5.835977814046659e+04, -2.117216235865533e+03, 2.720303218520732e+04, 1.848926390929743e+04, 2.284272767172469e+04, 3.945052223808294e+02, -1.296836962966231e+03, -8.965226131935292e+02, 3.045119754697655e+02, 6.496967570769993e+02, 3.799737538090624e+02, 4.218875124074122e+03, -1.849193535090191e+04, -2.632703060233593e+04, 2.106399527775532e+04, 1.146616462564961e+04, 1.460858579099759e+04, -2.829949208775692e+00, 2.197278380112986e+02, -6.966204509391871e+02, 6.851923446060583e+01, -2.031601078215127e+00, -1.270209164947720e+02, -9.204196967286443e+00, -1.414921551172480e+03, -1.119570488543550e+04, -8.445113904332735e+04, 2.868000191249543e+04, 2.473494967310708e+04, 2.689794554740607e+04, -7.898668363986947e+01, -1.442417940800554e+02, -1.469453096053258e+02, 4.749600575022712e+01, 2.019962070462834e+02, -3.053931319600651e+02, 1.566652190347122e+01, -2.017310439035964e+01, -4.831968851381148e+03, -4.311601545415946e+05, 1.152304710809733e+05, 9.630465603061130e+04, 7.324013062739390e+04, 9.796613873916154e+03, -6.494084538313483e+02, 7.856856834389209e+02, -7.240028436551164e+03, 1.370487749746805e+02, 3.913036277043365e+02, -1.838721691550071e+02, -2.255632381777687e+02, -3.105591812937296e+02, -2.033674411297017e+03, -9.226274972852625e+03, -1.724509938980644e+05, 2.336617707683187e+04, 1.724581187141582e+05, -3.537419276013618e+04, -3.284187591641543e+04, -7.522766328854611e+02, -2.371592261235550e+02, 4.338388507233803e+03, -3.273975940399432e+03, -2.622414842616768e+03, -2.826210584203481e+03, 3.969861893281334e+02, -7.786810145750095e+02, -8.469841142495153e+02, -5.711336132703671e+02, -1.750342791936227e+04, -7.007610903985772e+05, 9.198047738750742e+04, 4.835845977548172e+05, 1.458978807080451e+05, 1.174328822405795e+05, 5.949982917823702e+02, 3.868066095183859e+02, 8.030878930657490e+02, 1.837024439149014e+03, -4.266476254816545e+02, 4.169136477747574e+02, 1.420500719512212e+02, 1.038406937891336e+02, -9.790902596572597e+02, 8.416461440751689e+01, -6.923758639380370e+01, 1.646657161754771e+04, -3.147747389764277e+04, 4.109846617146158e+04, -5.169195235931304e+04, -1.013336940993435e+05, -8.810108184558710e+03, -7.647178497947648e+01, -5.550785480094409e+02, -8.768131629738150e+02, 2.004802547070001e+02, -3.773580395999210e+02, 4.930452810281199e+01, -2.328777746174082e+01, -2.024126962597994e+01, -3.984725225507577e+02, -1.777002964724034e+02, -3.179761538741738e+00, -1.904693023570721e+01, 1.018719411085374e+02, -2.231085296082762e+03, 2.453589367156184e+03, 8.862865635897374e+01, 4.022060451311332e+03, -1.585432206354539e+03, 4.947691069908327e+02, 1.799799074519374e+02, -1.248742666463452e+03, -6.453750127909960e+02, -3.302743189951324e+02, 3.985165548572324e+03, 2.406272172240918e+03, -3.811175555004959e+02, 6.974483033814549e+02, -5.701800581757724e+02, -3.034375439532347e+03, 7.006238696608992e+02, 1.397690591858247e+03, -7.657584339701709e+02, -5.119786156096395e+02, 3.049538996785991e+01, 3.762583729415368e+01, -4.162810084759561e+02, 7.641659325237647e+02, 5.500848436032687e+02, 2.438220333678886e+02, 1.192112740102397e+00, -1.089416040728598e+02, -2.675005106840281e+02, -8.127597587535682e+02, 1.220794574477696e+03, 1.210174021417622e+03, 3.335610357201365e+02, -1.977772234992475e+01, 2.442561424198181e+01, -1.633858205838938e+02, 2.988971894522192e-01, 8.350482985037476e+02, 1.370768025709844e+03, -5.329492374746752e+02, -9.867159597318981e+02, 2.147246270851015e-01, 7.405117080767255e+01, -2.557819168553676e+02, -1.972553032435884e+02, 3.393816765578204e+02, 2.339585452459255e+02, 2.286251895126136e+03, 2.169247578407086e+03, -5.858734799217540e+02, 1.079505414318282e+02, 1.054705987711341e+02, -2.518993776586923e+01, 4.253072223481710e+01, -8.145428832722106e+01, 2.849539870467525e+02, -3.026919861501230e+02, 1.936992648875961e+03, 3.119212589702253e+02, 3.309741801161228e+01, 4.059372382395860e+01, 1.219949863597227e+01, 2.262940985635786e+02, 1.327482641724918e+02, 3.371668299437525e+01, -1.205840250733991e+02, -1.002186097005415e+03, -6.509186722334655e+02, -1.324035736483892e+03, -1.122385488832279e+03, 1.742361089457078e+02, -2.388830036143552e+01, 6.884325687533862e+01, 1.675090822084247e+02, 6.721696016343998e+01, 7.521070961841041e+00, -2.178646848511256e+01, 1.110642946099992e+02, -2.062064963878584e+02, 5.021132263781373e+02, -1.506927724192317e+03, -2.849194182865773e+02, -7.482436083937716e+02, 2.994677281357422e+00, -2.166284931573192e+00, 7.913695205515348e+00, -1.579395720115973e+01, -1.582494237418083e+01, 1.809311682257607e+01, -4.212787210817053e+00, 1.178918633696266e+02, -6.110759172700635e+02, 4.340595688342208e+02, -2.494695647369657e+03, -4.837712277539230e+02, -1.247560862356619e+03, -2.200001549454582e+00, 5.010824531704204e+01, 1.396647621376175e+02, -6.547121078487740e+01, -6.716485932888193e+01, 2.345533784866439e+01, 1.402174446842583e+00, -6.532892867763939e-01, -9.371691552189057e+01, -1.480603317441688e+03, -9.471004306343919e+03, -5.912872093836206e+03, -2.051169208591624e+03, -1.891732083814058e+03, -1.361664271626700e+02, -1.226323995345788e+03, 3.019953260551202e+02, 7.441546277852837e+02, -1.531963907140214e+03, -1.767935742951983e+02, -6.760193260618384e+01, -9.722130915786219e+01, -1.980500160618353e+02, 1.124822174429215e+03, 6.555001962798775e+03, -7.851052876226117e+02, -8.597322275334796e+03, 1.448991032687325e+03, -2.146329629195791e+03, 8.296606826186931e+01, -1.281824587750232e+02, 7.543706058520859e+02, -2.710334861095774e+02, -5.094177319739518e+01, 4.043668101829345e+02, -5.123658879784784e+01, -3.130667434138055e+01, 1.809144458220734e+02, -1.708256700404802e+02, 1.681660178394986e+03, -2.704559044847006e+04, 4.577137922463641e+03, -4.607274610784232e+03, -1.444598443912195e+03, 4.645421206174085e+03, 7.864106402636409e+01, 1.494206409953832e+02, -6.807699308298143e+02, -9.411545924426925e+01, 2.804300001138118e+02, -3.087457642448194e+02, -1.951017163491581e+01, -5.301920458976608e+01, 8.214641740564447e+02, -4.243393850186890e+02, 7.054164964059778e+01, 9.419985320056243e+02, -4.938825155518013e+03, -5.958961263995066e+03, 4.611024631751563e+03, 2.692758897152698e+03, 2.443718628977630e+03, -6.610127283447395e+01, -2.621552396174945e+02, 4.145740033918285e+02, 1.270894753480005e+02, -2.768314336439756e+02, 2.116710989325356e+02, -6.499829413748078e+00, 1.377151752136281e+01, 1.325067221787361e+02, -1.468339526262089e+02, -5.526810269587479e+01, -3.653370826617889e+00, 4.196298946073617e+01, 6.253495021991999e+00, 1.844080548929450e+01, -3.648085055202757e+02, -3.197418207299120e+01, -1.869061852691385e+02, 4.049113689750452e-01, -1.479225520645851e+01, 1.880195920726510e+01, -1.610277290173272e+01, -3.052239154392337e+01, 1.667787536968480e+01, -1.988633305788380e+00, 1.486844399912644e+00, 2.330834331971911e+01, 1.122913015084993e+01, 8.433800366940716e+00, -1.162490089206805e+00, -5.085762100609137e-01, 6.253490853891697e+00, -7.412033264201391e+03, -5.024139404023892e+03, -1.479733925897900e+03, 8.241742154847654e+03, -4.660677932752575e+03, -1.875711046629036e+03, -6.486468118504799e+03, -3.232184214405067e+03, -6.194345658894265e+03, -1.474717491426099e+03, 1.375610705019755e+04, 8.052510000448092e+03, 1.355353808196361e+03, 5.842168543247591e+03, 2.734879173086986e+02, -2.298810384520530e+03, 1.956232930180063e+03, 5.360672161921188e+03, -2.779245321148464e+03, -2.342382361665836e+03, 2.351370910772717e+01, 5.179978143717449e+02, -4.831872687754974e+02, 8.435017489148303e+02, 5.777658951725454e+02, 1.676548301043208e+02, -1.479225652071152e+01, 3.108628519296564e+01, 6.903185794494701e+03, 3.023903380815893e+03, 5.540603697498450e+02, 2.222526860411361e+03, -2.385079771044623e+03, 1.417712256867025e+01, -1.140873067870405e+01, 2.184475976548459e+02, 7.507688773894903e+03, 2.342772370796797e+03, 9.545738777113485e+01, -2.338689361120179e+03, -2.976275763501143e+03, -2.689609397048479e+01, 1.281195456057641e+02, -8.357759376386566e+01, 1.592906959519813e+02, -3.837289233216452e+03, -3.721015592454395e+02, 1.495651089863779e+03, 2.642043171915627e+03, 2.971252943692372e+02, 1.667516933806965e+02, 2.961775392076722e+02, -4.483201488261162e+02, 2.725008635481814e+02, -2.810209641040530e+02, -6.004516299133093e+02, 7.358590043908318e+02, 2.346401230398254e+03, -3.939116517249557e+02, -1.035681966581402e+03, 6.545746198187794e+01, 1.319240035848368e+02, -1.213133784165025e+02, 9.428434445284435e+01, -8.290526842632450e+01, -3.297208240507494e+02, -2.893304581489394e+03, -2.858887168994261e+02, 1.310280821989991e+03, -1.301466854699374e+02, 6.295891053750805e+02, -2.061637121005967e+01, -1.291923959372048e+02, 1.330328072191562e+02, -9.828007850512857e+01, -1.467193316803003e+02, -6.855171158229547e+01, 4.448323616451623e+01, -3.201608767911095e+02, -5.514306603814877e+02, -8.175032306118973e+02, -2.459560515084688e+02, -9.045809395546563e+01, -7.607861860837785e+00, 1.753080864159032e+01, 8.446734404776340e+01, -4.711212952037175e+01, -8.143062025452384e+01, 3.424537232878991e+01, 1.486843494735667e+00, 1.868656515563297e+01, 3.050319060542924e+02, -1.557383891481501e+03, -2.133098117937095e+02, 3.029571820117977e+02, 2.963279266718540e+00, -5.073381175165946e+00, -1.881385228415230e+01, 1.457830888395721e+02, 3.071384191044010e+01, -4.644004545746360e+01, -6.301161859216791e+00, 1.421716821820968e+00, -7.279943101796828e+00, 8.290894980595606e+02, 1.772438256902378e+04, -2.554426147361350e+04, -1.076789058432904e+04, -3.317516498994518e+03, 5.871734784076702e+03, 9.229166350517934e+01, -1.212205927356683e+03, -9.155921710070398e+02, 7.165785568389094e+02, -2.461565387302455e+02, -8.129693790408814e+02, -5.040906596287098e+01, -3.345563868298004e+02, 7.447926154194417e+02, 1.351811335670929e+03, 2.154765263016048e+04, -8.647385710416949e+03, -4.819128429664848e+03, -4.042317584357852e+03, 1.924795765685757e+03, 3.676575529408189e+02, 4.846630456376455e+01, -3.722885422128044e+02, -1.089522565970570e+03, 1.196132353909951e+03, 9.890020113369353e+02, 1.375178366925550e+01, -3.617626686319595e+01, -1.067368762995909e+03, -1.013352489009750e+03, -6.403753532579594e+01, -3.266398419246846e+04, -1.190391563381404e+04, 6.727378499198825e+03, -4.184615792580205e+03, 1.773653023746501e+04, -2.297527462454353e+01, -3.278384741759938e+02, -4.254152150887091e+02, -2.214371376926594e+02, 3.203623577081985e+02, -2.123420866813225e+02, -1.386864700075877e+01, -1.619534795992314e+01, -1.444167262573213e+03, 2.786670081791150e+02, 2.232633807131761e+00, -2.148622508016481e+02, 2.971975617349017e+03, -9.388268933677158e+03, -4.282388608184187e+03, -1.129861488892988e+03, -5.796607773254269e+02, 8.829356201163064e+01, -2.203888842211966e+02, 3.217680946504822e+02, 1.987631216522163e+02, 8.697271142593522e+00, 8.633900165003678e+01, 2.875615788718018e+00, 7.044310639200940e+00, 4.487108242277468e+02, 6.536621830727387e+02, -9.286208467155592e+01, 1.495514780613636e+01, 9.395448480560184e+00, 7.217908906965495e+01, -3.129417082298037e+02, -1.919144799943698e+02, -3.458639532658670e+01, -9.862236666127913e+00, -1.332182601576064e+01, 6.578519261715949e-01, 3.219527170871207e+01, -2.171080023893163e+01, -5.532477600443781e+01, 2.986806257369749e+01, 1.122756144524723e+00, 2.681777596610325e+00, 8.458313810861863e+01, 5.741109483546145e+01, 9.258649359342964e+00, 7.021802058215737e+00, -2.872703928424183e-02, 5.144387436633121e+01, 6.951844492271675e+02, -1.820783245215586e+02, 3.098638398927589e+01, 1.007559401515704e+02, -8.364540751274359e+01, -1.643732568343409e+01, 1.402499798832080e+01, -1.759442012982557e+00, 3.086171513298979e+01, 3.383814524790773e+00, 1.726974210376219e+01, 2.695877400993463e+00, -2.371533852725585e+00, 1.904655030466977e+02, -5.300904743927060e+01, -3.614336068238659e+01, 1.483081014285134e+01, 2.005359654114928e+00, 3.105318137918885e+00, 7.569258852269813e+02, -1.939627669372247e+04, -5.125599368614946e+05, 1.073063506280226e+04, -6.949475947944578e+04, 9.057560366645116e+04, 1.086147405049615e+04, -3.579772981000932e+04, 7.197354399062852e+04, 5.091946434842379e+04, 2.833603701001142e+03, -9.359517410605658e+04, 2.930603735200223e+04, 1.729119024297555e+04, -1.140058542686563e+04, -4.143643100195484e+03, 9.825175597049079e+04, -2.160283114370256e+04, -1.185730285228473e+04, 1.074159873510487e+04, -1.237550926248827e+04, -3.252616074456101e+02, -1.433599224729067e+03, -4.509678835092144e+03, -7.813174473473938e+02, -9.219171671573167e+01, -6.271824288807832e+02, 2.137161888078212e+02, -4.051259741445989e+02, -5.849164301045219e+03, -1.887705685389013e+04, -4.993476339564468e+03, -3.608118210427498e+03, -3.381207080904756e+03, 4.220392894823351e+02, -2.608384783280732e+02, -3.020350506792566e+03, 5.846044684439044e+03, -1.932152354755374e+03, 2.751516904797903e+03, -3.341907425847464e+03, -1.143476740018552e+04, -3.007716058541706e+01, -4.329480984538095e+01, 1.040144412231637e+03, -3.745935599211983e+03, 7.035460198776597e+03, -2.037541887158816e+04, -3.170702891748586e+03, 4.840497060158958e+03, 1.891553322580544e+03, -5.204428898872543e+02, -9.870793374223748e+02, -2.146143934690240e+02, 5.947138198001272e+02, 6.847992229031171e+02, 6.123765805913200e+03, -1.011918479253754e+04, -1.538437455560751e+04, -8.677161595572867e+03, -4.786453608658462e+03, 2.424538740558417e+02, 5.259949683274563e+02, 3.249092235935344e+02, -1.395075975120384e+03, 3.768855572826979e+01, -1.049064113034385e+02, 3.528773911660646e+03, -3.608471735123047e+03, 3.712945201457766e+03, 2.130923451004547e+03, 5.945837250340011e+03, 2.420495308968448e+02, -2.580113418583509e+02, -9.030031391208006e+02, -1.107722349428637e+03, -3.913503002318101e+02, -4.582269483636833e+02, -2.276267666775735e+02, 1.040570750023646e+03, -2.538908830135033e+03, -1.462693990426371e+03, -1.399514611021729e+03, -2.718023638062439e+00, -6.072779318272582e+01, -2.125310527559157e+01, 1.819079521959368e+02, -6.174987104743350e+02, -1.993913641235987e+02, 1.447511256083677e+02, -3.721489414933138e+00, -9.315461233670691e+02, 3.066485060272798e+04, -6.904449166512707e+01, 5.761125791229309e+03, 1.702169058752432e+03, -2.686094205053594e+03, 3.766771213589325e+02, -7.831339907293319e+02, 1.068401223309728e+03, -1.463935867751626e+03, 1.915349358722148e+02, -6.873333059858511e+02, 9.674474606592862e+01, -6.573935792819601e+01, -6.830649187225222e+02, 1.378036183376838e+05, -2.017565131138406e+04, -1.398841403411444e+04, -5.763053012841546e+04, 5.704653814264220e+04, 1.522509951660051e+03, 1.916125320647093e+03, 5.138916781398027e+03, 7.915161228350657e+03, -5.577228987654512e+03, 2.268547469390137e+03, 5.642596876197906e+02, 1.498496228136794e+02, -5.100949149557225e+02, -1.350992600168751e+04, 6.646862857082787e+04, -8.748837764172888e+03, 5.408244759041807e+04, -3.028496395796879e+04, 3.076537838120697e+04, -5.552636586938956e+02, -1.812116496446346e+03, 5.741561600842900e+03, 2.623993110937336e+03, -2.272717842181360e+03, -1.327254108665231e+03, -1.281001419390620e+01, -9.286728411940821e+02, 7.472139671184809e+03, 5.377998517495698e+02, -1.496893964547295e+04, -7.509754357551402e+04, 7.883726897033300e+04, 2.775804509007127e+04, 2.767088605919699e+04, 1.335313223336859e+03, -9.911580871119079e+02, 1.043799014175696e+03, -1.033310979164139e+03, 3.593678210713208e+03, 1.654447499410865e+03, -2.402887550513991e+03, -4.464918200878423e+01, 2.011324588941872e+02, -7.608901783293781e+01, -2.135241805950410e+03, 1.391483052688182e+03, -9.179248280327987e+03, 1.892579576128698e+04, 2.182907031424367e+04, 2.970920134627949e+04, 1.135334786651319e+04, -1.179023331668861e+04, 2.181445701857405e+02, 7.019324434091690e+02, 1.560394533421107e+03, -1.549671329594976e+03, 2.813188584900999e+02, 6.684358202349184e+02, 4.386667970288853e+02, -2.093519650673495e+02, 2.743005457260480e+03, -1.551094921812536e+03, -4.960116985588737e+02, 5.848133250521233e+02, 6.669580885641930e+01, 2.055885384926895e+03, -5.767621637943390e+02, -2.349017668527120e+02, 8.066042356429965e+01, -8.094528232554233e+02, 3.274182486745870e+01, -1.274080871704320e+00, -1.960671808735442e+01, -3.314355970427663e+01, -6.132739995744353e+01, 2.121787006093952e+02, -1.781278418919805e+01, 2.353323512239511e+01, -3.219749578907499e+01, 2.432968470710618e+02, -3.729961814728940e+02, -2.167890760660405e+01, -4.854270213137699e+00, 6.027485486751100e+02, 9.658660511194043e+03, 1.396233127260784e+03, 1.094611648845106e+03, 1.246935372131600e+03, -3.133104570159244e+03, 1.583306171553783e+02, -4.026355414847908e+01, 1.401358407886406e+02, 2.889531801078037e+02, 1.414359575005893e+02, 2.411402095393739e+02, -2.639364142842214e+01, 1.210278188775634e+01, -6.256873087824497e+02, 1.443103236601653e+02, 4.730067598739200e+02, -2.785431090518795e+02, -3.438574731679137e+01, -4.159176023868875e+01, -9.759579957141599e+02, 3.112921997347799e+04, -1.766441465428914e+03, -4.667599449936532e+03, -2.972681473264319e+03, -4.489739387827023e+03, -1.120510568302133e+03, -1.171500804002237e+02, -9.378177150513570e+02, 2.265966781352332e+03, -4.872505920967731e+02, -7.789814534310258e+02, -2.234370880537231e+01, -4.902747396246959e+02, 5.118085945092722e+01, -1.608383230810003e+03, 6.529284089241959e+02, -6.946296280405934e+02, 6.245828611118483e+01, 1.573690559784019e+02, 5.510442366698090e+01, 9.227829251624706e+02, -8.846011947892808e+03, -5.113564359851017e+04, -4.013132999497209e+03, 1.743668344461459e+03, 3.540510038532058e+04, -3.781530146304400e+03, -5.800477205550347e+04, -6.054054050768074e+03, -2.234601735209986e+04, -5.767167979024185e+03, -2.291595299981556e+04, 1.257838548449294e+04, -1.788112772701437e+04, -5.745896767111319e+03, -9.217583742745411e+02, -2.014949566016956e+03, -1.909586533037811e+04, 3.734217021811430e+03, -3.128734272955995e+03, 1.168932964965368e+04, -1.377363916550004e+02, -1.755659076442521e+03, 1.809851089931529e+03, -1.521437400545617e+03, 1.002408492868077e+03, 1.773708659493128e+02, 4.024958168960328e+01, 1.072009535130712e+03, 8.210610019027616e+03, 9.390529381887789e+03, -1.081470536864584e+04, 1.249504366181880e+03, 2.024968223873922e+03, 2.502770306747592e+02, -7.549823331786467e+02, 1.828538305585192e+03, 3.932625859112535e+04, 1.582648336188056e+04, 3.469767375420683e+03, -2.674748191460066e+03, 2.302177456776975e+01, -8.832329479714468e+02, 2.840914642531000e+03, -7.539742137700620e+02, 1.279179531562014e+03, -1.269821561229991e+04, -5.687378557874867e+03, -7.177408601829001e+03, 5.278295750645779e+02, 3.443899197854535e+03, -1.904576061125896e+02, 2.848273336091401e+02, -1.244574631509511e+03, 3.773043307951147e+02, 4.444887811741789e+02, -2.534697565979511e+03, 6.695161341471575e+02, -5.530958883934855e+03, -8.462213422925730e+03, -1.373635328632712e+03, 9.239962465827661e+01, -4.811412578396332e+02, 1.275203485934427e+03, -4.073851733800428e+02, 1.882980474563699e+02, 9.478866726532786e+01, 2.264398650557671e+04, 2.472203496916978e+03, 6.302365226273221e+03, 5.028410427718156e+03, -3.656085106601054e+03, 1.184349897901774e+02, -5.451136275770280e+02, 3.815092999642334e+02, -6.371600640185169e+02, -9.224014471892900e+01, -1.792893070749109e+02, -6.738884407131002e+02, 2.241202869247214e+03, -9.258448780293830e+02, -1.724672249118906e+03, 2.715930733473603e+03, -4.756368591318222e+02, -1.190443765861814e+02, 4.727907071264193e+01, -3.613053198383240e+02, -1.262946165660074e+01, -5.589647928306967e+01, 5.765496443203404e+01, 1.680017019616277e+01, -1.810239042012329e+03, 1.241897448165371e+04, -2.072236483625185e+03, 2.146846685698703e+03, 1.204534649858027e+04, -1.937967643481403e+03, 1.237048318667728e+02, -5.971306218294202e+01, 5.525870993469771e+02, -3.201651387312178e+02, -1.044716180917997e+03, -6.160388437713198e+02, 4.186569847711588e+01, -6.294555967788084e+01, 6.833504425630728e+03, -1.090892016349547e+05, -6.872957006388414e+04, 2.661294108884601e+04, 2.879772920749498e+03, 5.013154688189289e+03, 7.828707847364943e+02, 1.182492618056806e+02, 3.908121735179066e+03, 3.166807350455617e+02, 1.575234669439897e+03, 4.096510210596662e+03, -6.021113376584361e+01, -1.562914040026800e+02, 3.775362288887681e+03, -4.545439675520744e+03, 2.932586927119739e+04, 2.089881520445341e+04, -3.586400877978178e+04, 2.911263751358345e+04, -4.077180764971168e+03, 6.659784888832155e+02, 9.445946480632058e+01, 9.297057656737823e+02, 2.431511949838266e+03, -2.279124519649658e+03, 2.142293977409313e+03, -1.705728572061788e+02, -1.463136716921058e+03, -9.249295388036958e+02, 1.048604102024922e+02, -7.279617511120503e+03, -6.471919492866995e+04, 1.916614002639475e+04, -7.106589716270876e+03, 9.162888056601660e+03, 4.171319574665315e+03, -4.694807663608420e+02, 1.907261011433890e+03, 3.286583436975385e+03, -2.575361896623006e+02, -8.496196316668212e+02, -9.252012675687323e+02, -1.529662827142575e+02, -1.350499437345752e+03, 2.177201438272064e+03, 5.727734302926534e+02, 8.304657684416788e+02, -5.073986339116878e+03, -4.188310350857241e+04, 3.529760355082214e+04, 1.334826149497907e+04, -5.848579610354838e+03, -1.113376544225060e+04, 1.878495476871535e+02, -2.953541072246398e+01, 2.409126262687678e+02, 3.271640291416727e+02, -5.832344250543498e+02, 1.870583448528875e+02, 3.080587210748263e+02, -2.790336800927150e+02, 1.577634699214176e+03, 1.426010832198718e+02, -1.858084475484194e+03, 5.573181831441506e+01, -1.296931962213344e+02, 1.321487794038661e+03, 9.095096734863671e+02, -2.227647409241167e+02, 1.289152192480969e+03, -6.107943862181920e+02, 1.145905838749613e+01, -1.772020494560467e+01, -1.485056395747341e+02, 5.753077210666343e+01, 7.491189712889107e+01, 1.380929831097089e+02, -2.446815500506833e+01, 2.239762948317225e+00, -2.202188633901033e+02, 6.164141235691962e+02, 1.429174670377871e+02, -1.320115101555814e+02, -5.979905236797308e+00, 1.914246216613380e+02, 1.367185532987594e+03, -1.744678225550200e+02, -1.279608854987621e+03, 1.295700731565490e+03, 1.057074261390995e+02, 8.580352475156089e+01, -1.725239333256052e+02, -9.273703625359575e+01, 2.522414629806465e+02, -1.353130789173845e+02, 1.645733162622195e+02, 4.272608150072485e-01, 4.097630937701741e+01, -2.466453023117776e+02, 3.176938821545160e+02, 3.814630669950333e+02, -1.488895203739886e+02, 6.602527202186042e+00, -3.109306347298753e+00, 1.867975448575607e+03, 1.826788184189617e+04, 5.451342481200124e+03, -5.482993512960076e+03, 4.506211183690511e+03, -2.221874219157955e+03, -6.051944019122484e+02, 9.099719506503150e+02, 3.064574043245669e+02, 2.014161688591302e+00, 4.045383704942427e+02, -5.316907141532301e+02, 9.136249475172842e+01, 2.523381855519739e+02, -4.176842757484133e+03, -9.094848553239477e+02, -1.832973627430678e+02, 2.141422087208845e+01, 1.142572819597021e+02, 1.094683020128368e+02, -6.270817597909846e+02, 9.918699421139851e+02, 3.524064128972127e+03, 5.404837828275894e+03, -5.422517606047158e+03, 7.126394669899423e+03, -1.497284770091716e+02, -7.334443890524631e+01, -1.303590132560809e+02, 1.248544088980993e+02, 6.024195413081422e+01, -3.644698442472795e+02, -3.650378901475839e+02, -1.966560452303256e+01, 3.764626531940481e+02, 5.235712374008666e+02, -2.561030182712653e+02, 4.725344174234626e+02, 2.325031962327924e+02, -1.761010199695512e+01, -9.273964852385056e+01, -3.492128521843712e+02, -1.642179040007513e+02, -4.699977170725089e+02, -1.380875702170840e+04, -1.724695445664577e+04, -1.471494108335708e+03, 5.477222358532775e+04, 4.423883163348067e+04, -9.589957405937239e+03, -2.127554454724923e+04, 1.198811456699731e+04, -9.368390065485039e+03, -9.248312862838171e+03, -1.583511756907918e+04, 1.185150342362373e+04, -1.410624848336468e+04, -1.161884534317003e+04, 4.223547053700319e+02, -2.628117867636545e+04, -2.237338032736356e+04, -3.688885478513711e+03, -5.875604032194593e+03, 1.171964905551138e+04, 3.397127265768755e+02, -3.811209921138768e+02, -2.452364112098965e+02, 3.214242037024932e+03, 7.150953400652343e+02, 2.484171735965669e+03, 3.522260154039740e+01, 4.278245964861517e+02, 1.215077382357692e+04, 1.799520210164475e+03, -5.819699992776679e+02, 6.158206284028247e+02, 2.695995423012856e+03, 8.099343133955419e+01, -1.236640110359063e+02, 2.352284562367866e+03, 2.349300043502021e+04, 9.247803743341203e+03, -8.091684687632208e+03, -2.905616408089622e+03, -1.392964421944361e+03, 5.893783269036706e+01, -6.228824917739275e+02, -5.945824526415587e+02, 1.380268969501879e+03, 1.980844859365061e+03, -2.159787957894197e+03, 1.759015494833850e+03, -6.739630934580331e+03, -1.075032156222984e+03, -1.229612448241183e+02, -2.438498184106102e+02, 1.346561629575639e+03, 1.654375104854526e+02, 3.916137240173564e+02, 7.402897519492403e+03, 2.845386042252252e+03, -1.530763978207871e+03, -2.136005174787530e+03, 1.002041906335660e+03, -9.773422164902241e+00, -8.713408520071262e+01, -7.547976749034601e+02, -2.471050480129061e+02, 5.170119169804435e+01, -8.603326517937467e+02, -5.403970873320831e+02, 5.366134452266248e+03, 1.369417364050620e+03, 2.007240250117144e+03, -3.956222175939271e+03, -5.746776617310550e+01, 3.933320641195510e+02, -4.652875199736536e+02, -6.393690050017948e+02, 9.530772245759356e+01, -1.425825549689966e+02, -1.324265380584136e+02, -3.656956583369165e+03, -3.525453495840948e+02, 2.175582453652096e+03, 1.407782122244393e+03, 1.941354933699612e+03, -6.819231206579380e+01, 1.476550488193669e+02, 3.129864964010216e+01, -2.193744034479124e+02, 7.441269671749705e-01, -3.988742576133996e+01, -7.776102322579344e+00, -2.866685328260272e+02, -1.550862224642045e+04, -1.667145155604399e+03, 1.483368603583970e+04, 5.404992690615006e+03, 6.744725627060496e+03, -1.015581265364515e+02, 5.911870484142437e+01, 3.614387510123580e+02, -4.278193969689884e+02, 2.431259658459076e+00, 5.286008886190679e+01, 3.741715601417976e+01, -8.330087134001629e+01, 4.826408767466172e+02, 5.631031484081699e+04, -4.258869537346816e+04, -4.888243306159079e+04, 6.063952237017664e+03, 2.542892473061567e+02, 2.579586293304937e+02, -7.324428177424951e+02, 1.557453727439956e+02, 2.133382901478219e+03, -1.280679876031501e+03, 8.257121264100367e+01, 2.122987122663348e+01, -1.444235014567754e+02, 5.435135940818750e+02, 3.484487155109978e+03, 6.995605339935607e+04, -9.683635714925438e+03, -2.242001864575893e+04, 6.170911231972384e+03, -4.026624597432440e+03, -1.361364588384951e+02, 7.840655709225950e+02, -5.129024547544332e+03, 2.446948594666660e+03, -2.166139654158610e+03, 2.597697652079910e+01, 3.318765294859483e+02, -3.156291557929100e+02, -4.625881985189187e+03, -3.677581689830096e+02, -2.713336909848102e+03, 3.768530250080166e+04, -3.128562493788284e+03, 3.102002340736548e+04, 1.279680078189512e+04, 5.031772895812706e+04, 9.215971105022068e+01, -2.255367330555222e+02, 6.702966762565592e+02, 1.576035490409993e+03, -1.143808335200261e+02, 3.142797885448995e+02, -1.417546934657781e+01, 6.319827973770324e+01, 1.274566512750538e+03, 2.175439881830206e+02, -3.816479161932571e+01, 2.812010214590457e+02, -4.131944917587203e+03, -1.023329048995424e+04, -1.209912344009424e+04, -1.085247657802144e+04, -2.942242736279012e+03, 8.306836582729801e+01, -1.916344213519275e+02, -1.226834858780947e+02, -1.347429004293771e+03, 8.221963280521689e+01, -5.092209342830054e+02, -1.505055126152784e+00, -2.978259268282871e+01, 1.553708016027250e+03, 8.132133267843165e+02, -3.248499302580598e+02, 1.715587957474843e+02, 1.534002546429709e+01, -1.315419522056606e+03, 4.236634683494307e+01, 1.101029189049100e+03, 2.835152904291388e+02, 8.160170819820820e+02, -2.986476372167552e+01, 2.781314975866118e+01, 9.033987734929613e+01, -2.486553510450591e+01, 6.106821782071190e+01, -8.627147010154482e+01, -1.194833079529789e+01, -2.161519056753895e+00, 4.930100564621580e+01, -3.682434018296591e+02, -7.699057398825977e+00, -2.677820383490306e+01, 7.689822781932364e+00, -3.726825404475269e+02, -2.154298660177736e+03, -1.407405719004504e+02, 1.957671780159414e+03, -1.133448610881159e+02, 1.151125905698741e+03, -5.321669509418015e+01, -1.172258845481654e+02, -1.072937589959914e+01, -1.421679988656641e+02, 4.457728312163147e+01, -7.631304740452495e+01, 1.813985649434482e+01, 1.220406614848448e+01, 3.333831277983647e+02, -3.103908773522050e+02, -1.079223080943519e+02, 6.886749099527072e+00, 3.171993226691563e+01, 5.237703816131922e+01, 1.052751153668955e+03, 9.703486535234464e+03, 2.637032775684575e+03, -7.483434267045409e+03, -1.770043235263277e+03, -1.035217776070824e+03, 8.610728033127729e+01, -2.384169177639247e+02, -6.377963167750532e+02, 1.313042200210082e+03, -9.913732365323241e+01, 7.948332334107542e+02, 7.548336661677935e+01, -2.843696030791199e+02, -1.386551798634118e+03, 4.040912243164894e+03, -1.053260554685264e+03, -6.819177830358090e+02, 3.059586932113482e+01, -4.135267751233809e+01, 4.764742849828372e+02, 1.195820453754293e+03, 9.643553648182056e+03, 6.491137658062808e+03, 2.305649925544962e+03, -6.411144658021889e+02, -3.025714239234122e+03, -3.580484191357640e+01, 1.760278660177001e+02, -7.517556994032452e+02, -5.398734097635181e+02, 9.197906832226343e+01, -1.653878577246853e+02, 3.193255401071590e+02, 6.068901060134988e+02, -5.419544574826070e+02, -9.238212927050696e+02, -9.582286583399248e+02, 9.968831736772479e+02, 5.652675142134188e+01, -1.501976346626155e+02, -1.717240139363393e+03, -3.400212902928053e+01, 1.034196030786946e+02, 2.412705906264885e+03, 1.189607554460801e+03, 2.338173364994313e+03, -1.950083762430332e+02, 3.713681394510726e+03, 6.319006165891561e+01, 3.903830845998439e+01, 1.315564833448864e+02, -2.173606767871842e+02, -2.616293321885719e+01, -6.385863485661571e+01, 2.120011410230128e+01, 8.893975569050609e+01, -1.997079400448584e+02, 6.778555845338354e+01, -3.633519587439399e+01, 1.430889534215385e+02, 1.302336817978914e+00, -5.214972583111151e+01, 3.641693517763814e+01, 1.209052790448866e+02, -3.479454661480956e+00, -8.919297824033204e+02, 3.532662108461654e+03, -1.427880638509362e+04, 2.755877182904141e+03, -1.068934504862300e+04, 1.355272881748869e+04, -2.358057850698117e+03, -2.749932298080343e+04, 5.464164387382447e+03, -1.047658392494482e+04, 2.456160971049845e+03, -6.884569645892695e+03, -6.626064316540891e+02, 2.154187081006230e+03, 1.009848539019887e+03, 2.034723778154008e+03, 1.847152603007094e+04, -5.471486297111428e+03, 3.578489672551920e+03, 1.558211993832548e+03, -9.597222677098945e+02, -4.380693909756772e+02, 2.052587221415763e+03, 2.296824854197844e+03, -2.059326829101305e+03, -9.259121278856751e+02, -1.218141651322853e+03, -9.059435775355757e+01, 1.060538327081490e+03, 7.706053696556944e+03, 1.911827013939959e+03, -1.427871032119487e+03, -1.443798248105170e+03, 2.083686956817540e+02, 3.883692141578673e+01, -2.508779165844331e+02, -1.985929827772814e+03, 3.322120888998455e+04, 8.685505055415859e+03, 2.677039764597918e+03, 1.885321033269561e+03, -1.758060596007985e+02, -2.106536239113987e+02, 9.062079749335423e+02, -9.377886230048636e+02, -6.480808175093998e+02, 6.024830051341338e+03, 6.652759769397212e+03, -7.140177027871430e+03, -8.490389514729727e+02, 1.105737501000063e+03, -2.362469392633975e+01, 5.736297536270673e+02, -2.113810466207223e+02, 1.150244841698296e+02, -5.787390718247211e+02, 5.797587131452258e+03, 4.584727603791222e+03, -6.800276396058622e+02, -1.129052344932001e+02, -8.687113604681379e+02, -1.828181432797797e+00, 2.269703509209507e+02, -1.844306906627729e+02, 7.204599814185684e+02, -4.356482894713179e+01, 7.620011533845023e+02, -1.176921778646304e+03, 1.666585553349032e+03, 3.146557433978567e+03, 2.570734979808345e+03, 3.456680757634188e+01, 1.265445594536297e+02, -1.605324430859619e+02, 1.856797056921087e+01, 5.907924606258996e+01, 1.545828933013492e+02, -1.203085005600467e+02, 2.840394719670776e+02, -3.798176561202207e+03, -1.438971468349017e+03, -3.883718669768306e+01, -3.547392880557075e+02, 6.901223038112954e+02, 8.634859357772445e+00, -3.100862532164490e+01, -1.488330630787440e+02, -1.051771700555306e+02, -5.014012565434123e+01, -1.840028028437505e+01, 8.168940302750675e+00, 3.567961696548055e+02, 1.054438483529928e+03, -8.523483712102922e+02, 1.700088367173487e+03, 3.266373103998344e+03, -2.672363066927513e+03, -2.398981448779247e+01, 2.795301058988483e+02, 7.727118626861046e+01, -2.164297784368537e+02, 3.292691965244211e+01, 1.357888374754091e+02, 1.289700103655265e+01, 7.536926474834038e+00, -1.026669239244978e+04, -7.413356125972849e+04, 5.865774041883022e+04, 3.516395772922350e+04, 2.768779662369438e+04, -3.246905300931202e+03, -2.656653880606848e+01, -2.604151142617302e+02, 5.153600881283455e+03, 1.660921381705475e+03, -5.692598340719769e+02, -4.993780827345226e+02, -2.720065997052377e+02, 3.556742763934864e+02, 1.828634153823108e+03, 2.678875891845335e+03, -5.830965860445138e+04, 1.227595270237998e+04, -1.248766812807451e+03, -8.962534450316412e+03, -1.826812608644657e+03, 4.005371680197757e+02, -1.644455026805591e+02, -2.807169751194591e+03, 2.140189571270696e+03, 2.264701112972519e+03, 1.503557503160356e+03, -4.542980836408382e+02, 6.725877890568324e+02, 2.167796344867405e+03, 8.754566548123963e+02, 2.675178862547004e+03, -6.866125940089895e+04, 5.522437042173218e+03, -4.769115932044968e+03, -4.935935875467415e+03, -4.742652573170135e+03, -4.015114569535743e+02, 6.986650583719439e+02, -3.730855349135911e+02, -6.813007039605202e+02, 4.526120159932944e+02, -2.666897551875768e+02, -5.813009430296500e+00, -3.028010743927321e+02, 2.286497501847280e+02, 4.578588461698718e+02, 1.513560073992881e+02, -8.257339233484307e+02, -1.483767216515685e+04, 1.812257184514448e+04, 2.287326650245985e+04, 3.402307609804534e+03, 2.061629627487137e+03, 6.866002688624495e+01, 5.521594170475202e+01, 2.877649921288865e+02, -5.396411436326442e+02, -8.177934451779406e+01, 4.350522688865188e+01, 1.359633809958146e+01, 3.963850102141998e+01, 4.071709628772920e+02, 3.437977796159834e+02, -5.216469774863247e+01, 2.258411366163618e+01, 4.813256366121256e+01, -6.948069745982136e+02, 2.893477673584376e+02, -1.584852824322473e+02, -1.311552274331142e+02, -4.686213165550905e+01, 9.138764876297437e+00, -4.967557524859800e+01, 3.867896983960684e+01, -5.947540544286414e+01, -3.031837541433466e+01, -1.615484159060782e-01, -4.976059785524647e+00, -8.431569164981067e+00, -1.959560123988406e+01, -4.407286542276916e+01, 5.027839719951543e+01, 1.027082303821814e+01, -6.912240586287230e+00, -1.515711090531967e+01, -4.101208304554638e+02, 1.198007294545718e+02, 6.153100769800810e+01, -1.283513719897607e+01, -1.818219513275631e+02, 4.084865042630110e+01, 1.097176087185254e+00, 5.852020725708196e+01, -1.142969242117556e+02, -1.360041335267839e+01, 2.343532153309531e+01, -1.981932670102539e+01, -1.504493109692538e+00, -7.456339699629409e+01, -1.930411693909795e+02, 1.012269407950203e+02, 3.575641482449843e+00, -1.603693308494834e+01, 5.918942561255401e-01, -1.696412333681699e+03, 6.117236127287621e+03, -4.507833961218566e+03, -4.281574181223194e+03, -4.435030275637452e+03, 4.550997376532440e+03, 3.817192914008263e+02, -2.857837043064474e+02, 7.635785105157644e+02, 4.808094716959882e+02, 1.858590013033400e+02, 6.671707957114134e+01, -5.613279295931739e+01, 2.734210366531904e+02, -1.892375463932166e+03, 5.403472156356470e+02, 6.690384973222898e+02, -7.272646960195628e+02, -8.241781712981162e+01, -2.101330140631412e+01, 1.575884415245574e+02, -5.758615047654847e+00, 3.325756460914881e+03, 1.792420319062272e+03, -3.619322826732579e+01, 2.405167894871078e+02, 4.251794399900160e+02, 2.868282711807582e+01, -5.349872004708253e+00, -5.554849640048552e+02, 2.781269108867671e+02, 7.025393985774456e+01, -4.654903547089965e+01, -5.533148953469729e+01, 2.659921357268496e+02, -2.033920202611061e+03, -2.925297981410556e+02, 4.367642197033634e+02, -1.691912266288925e+02, -1.090211403744644e+01, 4.291499092615074e+01, 4.707099614782165e+02, -1.021277045509125e+02, 4.149997206867806e+02, 4.995902904106201e+02, 4.390011081007397e+02, -3.576529490688223e+03, -1.431960584087177e+03, -1.864206798691675e+03, -1.869782763143753e+02, -9.488041568917095e+01, -6.031644484849571e+01, 1.023378821156357e+02, 3.836898603253524e+01, -7.669078884167716e+00, -2.647474426558155e+01, 8.051639331856071e+00, -5.666954915261607e+02, -1.093079856168519e+03, -4.229519672904206e+00, -1.420286321823741e+02, 2.619457227142821e+01, 8.337541771643785e+01, 1.669141315864667e+02, 8.543758509630061e+01, -6.161699663059751e+00, -2.836529358921616e+02, -5.257596325251090e+03, -2.112222269540839e+03, 1.626415792728315e+03, -4.751238087389451e+02, 2.049658989818420e+03, 2.507379432069213e+01, -1.128217308745396e+02, 7.317012979779844e+01, 3.908046296525141e+01, 4.068518147376128e-02, 9.802804433960080e+00, 2.050386622440687e+00, -2.929539500699847e+00, -9.178879750066251e+01, -1.442304475903356e+02, 6.028781316856325e+01, 1.582422183755912e+01, -1.143210177124266e+01, -2.397307670072135e+01, 2.347740676856229e+02, 1.275166361706945e+02, 5.307468586137256e+01, -2.280774222482685e+01]
