elements:      [Al]
cutoff:        6.0
pair_type:     gaussian
feature_type:  gtinv
model_type:    4
max_p:         2
max_l:         12

gtinv_order:   4
gtinv_maxl:    [12, 6, 2]
gtinv_sym:     [0, 0, 0]
gtinv_version: 1

electrostatic: 0
mass:          [26.98]

n_pair_params: 6
pair_params:
- [0.5, 0.0]
- [0.5, 1.0]
- [0.5, 2.0]
- [0.5, 3.0]
- [0.5, 4.0]
- [0.0, 0.0]

n_type_pairs: 1
type_pairs:
- atom_type_pair:      [0, 0]
  pair_params_indices: [0, 1, 2, 3, 4, 5]

type_full:    1
type_indices: [0]

n_coeffs: 3912
coeffs: [6.911521806867808e-02, 2.995410259108325e-01, 2.677924273056395e+00, 3.107829095198599e+00, 1.781842416800699e+00, -3.030648513353666e-01, -1.238209668287047e+00, -1.413747317619222e+00, -1.211911110842505e+00, -1.087205300714116e+00, -8.911398155453636e-01, -1.057183193846472e+00, 1.969431697510423e-01, 3.340244403124664e-01, -2.379760306312346e+00, 2.937302836303314e+00, -1.618075465799307e+00, -7.645587072735320e-01, -3.053628326744014e-01, -1.203887938239599e+00, -2.390264457110253e-01, 1.610375181402413e+01, 1.365416555210468e+01, 7.795013945918030e+00, -7.797780764202376e+00, 5.200943254978551e+00, -5.002670026622350e+00, -7.329353882097662e+00, -9.729394355506827e+00, -1.785493778579481e+01, 4.294995141617481e+00, 5.567410903802730e+00, 9.606762625346240e+00, -6.604630708701960e+00, -5.093715206892624e+00, -1.851828865755315e+00, 5.842854935880604e-01, -1.461053392990817e+01, 7.866631963838862e+00, 9.202586227044005e+00, -1.498263670135963e+01, 1.168315825048594e+01, 6.012080258293216e+00, 1.881981981998819e+00, -4.769869868299738e+00, 4.991195462780253e-01, 3.805765752346474e+00, 2.352478402834420e+01, 1.217672563609657e+01, -4.200710771973641e+00, -3.418406158459388e+02, -1.847877490772966e+01, -4.932974234212651e+00, 3.060700061329715e+00, 3.388649213854031e+00, -6.498681894864112e+00, 2.319365315603996e+00, -6.924705933319648e-02, 9.715547727864710e-02, 6.208258705429183e-02, -7.411817385654159e-01, 5.505287162996915e-01, 1.457111278327795e-02, -1.990877612646644e-01, -2.360751282608097e-01, 1.334979902760060e-01, -1.439588650363866e-01, -1.944042502982701e-01, -1.361773458826172e-01, 2.064003572455281e-03, -3.997438948530598e-02, -2.327835208236066e-02, -1.099829635577889e+00, -1.367904482881544e-01, 5.743715890003225e-02, -2.606904352710402e-01, -1.659751470446018e-01, 8.290231651433420e-02, 1.837809010640854e+01, 1.514283064134834e+01, -7.115412821296894e+00, 4.338814961790066e+00, 3.544148176021828e-01, -5.347954565183822e+00, 1.101707762417319e+00, 7.500229209842764e-01, -2.373440133243828e+00, -2.854872453045432e+00, -3.277838882176942e-01, 4.476723657367730e-01, 2.882762981107610e-01, -7.786961139199927e-02, -1.332386148858356e-01, -1.409824455745452e+00, -4.139350544480398e-02, 3.267944955028471e-02, -2.361457683015884e-01, 2.206621575846693e-01, 2.977144048314996e-02, -1.050839841336212e-01, -2.045915869290250e-02, -3.740917485254475e-01, 1.039177236150158e-01, 2.367086760827758e-01, 3.497420565190033e+01, 3.501775764292065e+00, 4.736158035579344e+00, 3.854136362958986e+02, 2.888659905940027e+01, 1.919876653114769e+00, 1.512602292847387e+00, 1.674675128136567e+00, -3.211657687461309e+00, 1.146233572390041e+00, -4.454802088656599e-02, 1.930241820733260e-02, -7.274072450856236e-01, -7.023491757258790e-01, -8.594753997479018e-02, 4.847948040546259e-02, 5.084455630169397e-02, 5.251688132497946e-02, 5.481165146846671e-02, 2.393758694879465e-02, -3.379678109776396e-02, 4.847203152290682e-03, 6.631102213372284e-03, 7.602753228337568e-03, -8.284924004131546e-04, 3.163382824094335e-02, -9.102807261564261e-02, 5.055038112779676e-02, -2.753518430283059e-02, -5.824127775082156e-02, 1.059303483833927e-02, -3.312621723472038e+00, 1.978807796981923e+00, 1.456675545635536e+00, -2.120389900856487e-01, 1.015824863048404e-01, -6.223800533718964e-02, -4.753326612788327e-01, -6.635889853734729e-01, 4.832782155910262e-03, 9.231709305250892e-02, 3.586567834173020e-02, 2.060138253441012e-02, -3.078730752585543e-02, -1.719598238647926e-01, -4.388609302102073e-02, 8.574610501731504e-02, -3.452518652821265e-02, -6.354395235080755e-02, 1.733530294618118e-02, 1.352902340741428e-02, -1.005779740523780e-02, -7.547095708990907e-04, 3.186841863352258e-04, -1.922226014303259e-02, 2.360306326498272e-01, 4.914827746827639e-02, 3.009568521871882e+00, 1.525595647220255e-01, -2.198020748785333e-01, -1.788679194360599e+01, 5.212569566151519e-01, 7.285293112100797e-01, 1.875950253386104e-01, 2.076955243441926e-01, -3.983142250497974e-01, 1.421575231765249e-01, -3.657918498871755e-02, 1.437493137178930e-02, -2.834475489312326e-01, 1.517138542260617e-01, -3.863132727336419e-01, 8.071297150542399e-02, 8.583538614576086e-02, 6.029678284160828e-02, 1.568728534497120e-02, 3.623257040091939e-02, -4.170415478003301e-03, -4.918996866290620e-02, 2.725669300914059e-02, 7.789609641674819e-03, 2.928965356214059e-03, 1.581447595506931e-01, 2.091539011529438e-01, 7.136067585606952e-02, -1.881387936506866e-02, -2.567866427747792e-02, 1.274576147460678e-02, -1.273740385032490e+00, -1.481593350306046e+00, -3.949951912552687e-01, -2.157119341051003e-01, -8.413467412120969e-02, 6.416650537626826e-01, 7.701007656932944e-02, 1.704207252911815e-01, 1.524092212801411e-01, -8.068610240500446e-02, -8.949170959739024e-02, -6.423592407087672e-02, 1.481865625460423e-02, 7.487414798212488e-02, 4.759146864831781e-02, 1.274771411866464e-01, 4.325405132707567e-02, -2.415757490022609e-03, -3.185332514428772e-02, -3.987548786471564e-02, 6.446663140589887e-03, 7.034131702387776e-03, -1.870319524009205e-04, -1.340837525547117e-03, -5.378978136203970e-02, 3.103317325399447e-02, 7.036881871198286e-02, -2.746248667446381e-01, -1.724425347188211e-01, -1.403283027627762e+01, 9.733719692924472e-02, 1.037267134408367e+00, -1.660366574065276e-02, -1.838274627022813e-02, 3.525408574847245e-02, -1.258205838840654e-02, -8.998356249296502e-02, -5.960717000042179e-04, -6.583389153409214e-01, -9.151644581216173e-01, -5.283782104169644e-01, 7.039614837800053e-01, 3.596734720014027e-01, 3.600371689820482e-01, 1.179522734345632e-01, 5.060761011497411e-02, 1.439883678258741e-01, 9.060522464349512e-02, -1.301210176994734e-02, -6.401786014785584e-04, -1.839430128939991e-03, -4.430408479490233e-02, -4.658197703983677e-01, 1.279712980841295e-01, -6.494434542812653e-02, -9.484079458073630e-02, 4.063986062172955e-02, 1.498357554830767e+00, 9.041097035560102e-01, 6.197320313552078e-01, 3.602457981146909e-01, 1.635917129930480e-01, -3.669935537164787e-01, -1.571479797338254e-01, -2.481004926508494e-01, -2.523575975343419e-01, 1.746712468624242e-01, 1.027896114019351e-01, 5.132589362152894e-02, -3.223038316365583e-03, -1.135328867665541e-01, -6.362696465856281e-02, -8.991939982610263e-02, -1.593926890114053e-02, 2.735100462411135e-02, 1.054372677246846e-02, 2.523687393928798e-02, -5.581359002531585e-03, 9.577457664578026e-03, -1.556213591081035e-04, -2.074085868052401e-03, -1.479141544126217e-01, 2.097374428579653e-01, -1.042834581669749e+00, 2.116233421275538e-01, 1.231088214999547e-01, 1.001820572042891e+01, 9.188889779075976e-01, -3.389733530391929e-01, -1.194597198515364e-01, -1.322596843641460e-01, 2.536448969307208e-01, -9.052530980344509e-02, -5.285945380557928e-02, -3.786610629135715e-04, -1.995975498399287e-01, -3.546030378201803e-01, -1.915239245756431e-01, 1.327972293715157e-01, 1.334901201599918e-01, 1.021495322091485e-01, 4.794517202254487e-02, 5.014185702177541e-02, 2.208337254827481e-02, 1.628753425782660e-02, -1.824859915438773e-02, -7.655588509425391e-03, 1.551782523021349e-04, -1.813688701447405e-02, 6.385617692154439e-04, 9.580505671217952e-03, -2.967704620622868e-02, 2.902537226335966e-03, 7.526177942147546e-03, -5.926665066459238e-01, 5.872393869804466e-01, 1.401527092880579e-01, 7.723165191913113e-02, -2.329803737024665e-02, 2.965689598280606e-01, -8.684285559996904e-02, -1.208225749358995e-01, -1.410570207500925e-01, 9.597511908634193e-02, 3.835176233921338e-02, 3.481725061203444e-02, -1.022590750302127e-02, -1.139332876310465e-01, -2.350218782836088e-02, -1.203668431529597e-01, -2.329807419093544e-02, 2.478090832614118e-02, 2.072727563573788e-02, 2.354697611855382e-02, -3.530776511537649e-03, -7.082202466467230e-03, -4.058883883616076e-05, 3.804478812780816e-04, 5.669176154787647e-02, -2.870943479321772e-02, 5.678200788367045e-01, -1.762444047346439e-01, -1.158994738383820e-01, -9.431534346097550e+00, -5.946535415260008e-01, -3.065932716295345e-01, 8.655573049461095e-02, 9.583002410272434e-02, -1.837808758565678e-01, 6.559099075751672e-02, 2.995410386736669e-01, -2.379759859666498e+00, -4.769870512174731e+00, 2.937302772054116e+00, 4.991194992541146e-01, 5.583059449405679e+00, 1.618075611789273e+00, -3.805765680879339e+00, 6.374243437021470e+00, 1.973058361802244e+00, -7.645587325858029e-01, -5.780367432620528e+00, 6.830999820778916e+00, 2.193685343125656e+00, 1.317011582547243e+00, -3.053628793413741e-01, -3.352373851471018e-01, -8.361718875661669e+00, -2.235444722740517e+00, -2.197735632999347e+00, 3.447551710381812e+00, -1.203887771240097e+00, 4.068811118146644e+00, -3.573551925817572e+00, -2.808921961857222e+00, -1.627771209195617e+00, 1.783401705134712e+00, 1.140810760631433e+00, 2.390265873060213e-01, 4.310532088707024e+00, -5.442480760311089e+00, -9.665591746539999e-01, -1.123558977790038e+00, 2.208314335875859e+00, 2.154899420702047e+00, -7.692777742629803e-02, -5.146253065452664e-01, 1.679630057979235e+00, -7.696960572208229e+00, -7.143183138717658e-01, -1.060684602752243e+00, 3.018657647970711e+00, 6.975133213917130e-01, 1.208686776624023e+00, 1.133151149475389e+00, -6.100750448874023e-01, 2.327190144033515e+00, -2.505174317285795e+00, -7.790952662563505e-01, -1.697424086589573e+00, 1.284325733882250e+00, 6.157804834942123e-01, 9.800080126390730e-01, 1.602095169485687e+00, -2.618736679914144e-01, -9.360313306664091e-02, 1.870739209495110e+00, -2.130634638420945e+00, -1.756936092784741e+00, 3.272201016955335e-01, 1.858348208075538e+00, 1.101627771999294e+00, -3.300089564734330e-01, 8.052691514015868e-01, -1.599809763303772e-01, 9.372624139073374e-02, -3.855055677268304e-01, -1.648552894620681e-01, -1.980306741862280e+00, -1.000940574239138e+00, -2.128514783577131e+00, 1.014269774150522e+00, 1.084502277400823e+00, 1.288509412122407e+00, 2.328385903641092e-01, 8.350772162268792e-01, 1.595184645333742e+00, 3.160758369255332e-01, 6.716011746458626e-01, -6.258834664117186e+00, 5.785328078806416e+00, 2.335720407312813e+00, -1.618718649370372e+00, -7.319724896691397e-01, -4.722029224600917e-01, -1.198310383579350e+00, -1.339119566651598e-01, -9.963074737987776e-02, -5.179046036549313e-02, -2.081047991943289e-02, -2.601135370523625e-01, 1.226756638457261e+00, 2.476000640498861e+00, 7.235492319581860e+00, -1.577860919927696e+00, -2.206104115011027e-01, -2.451215808234819e+00, -1.111379558985445e+00, -8.955359676280057e-01, -1.474549534717848e+00, -9.142947130458905e-01, 2.222988174944086e-01, 7.405580945574114e-01, 1.661675724144689e+00, 1.559710914604148e+00, 2.616984175882852e-01, -7.507277985677858e-01, 1.480617247785252e+00, 1.361691894340572e+00, -2.884345557819338e-01, 3.149091196275914e-01, -9.077745104438208e-01, 2.655664064024425e-01, -5.100710968186015e-01, -3.534741521040542e-01, -2.287952093528823e-01, -4.142727314334884e-01, 3.440096790826949e-01, 3.966594274242515e-01, 9.715547598754715e-02, -1.432182779293497e-01, -1.951262732548216e+00, 2.370228266911170e+00, 1.033538049989059e-02, -1.623189542748728e+00, -7.004012823115442e-01, 5.220988741222409e-01, 1.546649210309806e+00, -2.619361994259522e-01, 1.654594506034794e-01, -2.191520031188704e-01, -4.188934718880424e-01, -3.062890283254615e-01, 1.254628345996869e+00, -2.327841218582190e-02, -3.740916920115041e-01, -3.497085733421899e+00, 3.722309388920628e-01, -1.220288922147869e+01, -1.528748594992035e+01, -7.059115552174193e+00, 4.392664722767407e+00, 8.347645780639924e+00, 5.906953228733769e+00, 9.150908520337868e-01, 4.574300538908780e+00, 3.999871632334521e+00, 5.466736014607569e+00, -3.373705954771195e+00, 4.136381301929556e+00, -1.099829759222579e+00, 1.039178137424415e-01, -6.294709312682111e+00, 6.891789027194514e-01, -5.512029068597695e-01, 2.213426229597899e+00, 2.546198539844137e+00, -6.263218456513525e-01, -6.055221898922573e-01, -5.281921187253776e+00, -5.886477510632687e-01, -2.677107366022997e-01, -9.987752660125956e-01, 5.522217918097909e-01, -1.447666165209872e-01, 4.156605752919583e+00, 2.170553407387247e-01, 1.367903114592068e-01, -2.367086950068155e-01, -7.308041964545951e+00, 9.750881618787809e-01, -5.338048910776390e-01, -9.045401350349110e+00, 3.167272824217269e+00, 2.378069526621757e+00, -2.435353814512783e-01, 1.128668115189899e+00, 7.221678226638646e-01, -2.116725508198152e-01, 3.472991719310266e-01, -5.113092146075428e-01, 1.470216546706626e+00, -4.478655952231200e-01, -1.024409721822478e+00, -5.956140774598936e-01, 5.743711653706535e-02, -9.276505198918594e-01, -2.588339314424093e+00, 7.149352686383789e-02, 2.117135054617695e-01, -2.187175112328130e-01, -5.733217197616689e-01, -3.103426135354337e+00, 1.783367321299052e-01, 1.741774507064286e+00, 1.126331357829415e+00, 1.207600299140927e+00, 3.860869703336001e-01, 2.143385939106120e-02, -3.113611670728497e-02, 1.040589543662779e+00, -7.468676697955045e-01, -2.073555958282976e+00, -1.884303992084180e+00, -2.606904153341686e-01, -7.417529105411959e-01, 1.060185357667699e+00, 8.558685284996771e-01, 9.876616694774590e-01, 3.665361978510540e-01, -1.409093690139062e-01, 3.609055150078586e+00, 2.053750504763181e+00, -6.448692321234890e-02, 1.410680470873817e+00, -1.325226782418639e+00, 6.490421356958821e-02, -6.413486687511610e-01, -1.384847114960959e+00, 2.030870311772601e-01, -1.255674690993944e+00, -9.723284180983781e-02, 3.335618780903762e-02, -1.385534990613730e+00, -1.659750722686886e-01, 1.073722198423852e-01, 4.516197600032180e+00, -1.881957283316978e+00, 7.290527390482678e-01, -1.608110003658335e-02, 1.115865211856808e-01, 2.067199946208191e-01, 3.619049560498487e+00, -2.515113275802153e+00, 1.633645070414827e+00, 1.967335983541971e+00, 2.046946004903527e-01, -1.425026623258523e-01, -2.027930094211585e+00, -8.842858986791773e-02, 4.932143421157216e-01, -8.282910005767021e-01, -6.587968750426469e-01, -3.514496335689543e-01, -7.272717728081534e-01, -8.290214839942696e-02, 6.040545772337422e-01, 2.485375102580519e+00, -6.413302670595337e-02, 6.792226806242087e-01, 2.495043774964197e-01, -4.972426673555084e-01, -3.290841317685335e-01, -1.384509354911172e-01, 5.940907831925364e-01, -4.248821936205958e+00, -1.295831614468097e+00, 4.979721996038385e-01, 1.110977509845034e+00, 5.482416820757581e-01, 1.411618037724447e-01, 1.803469576712376e-01, 9.045307886070783e-01, 7.294121802914082e-01, 4.718370429649141e-01, -1.674801675703358e-01, -1.046723575746121e+00, -1.075791567841910e-01, -3.882112147780797e-02, 5.875999622968540e-01, -4.785907981603520e-01, 5.238833124101961e-01, -8.134595637758382e-02, -3.369476013452760e-02, -1.251476904951476e-01, -1.067288060879945e-01, -3.048082801280009e-02, 4.054923601666078e-01, -1.628301461731543e+00, 2.772187434094673e-01, -6.252953530541374e-01, 4.202685524456066e-01, 9.748512851763734e-01, 1.026249079253777e+00, 5.915203795334070e-01, -1.203174505461080e-01, -3.557364747202092e-01, 2.640938390459502e-01, -1.790360323457322e+00, -1.173075588507065e+00, 3.541085266223411e-03, 1.052724091321300e-01, 1.947078842455835e+00, 2.456802528840878e-01, -1.325080404580175e-01, -5.312463834797528e-02, 9.961851799058519e-02, 5.581100548988736e-02, -5.794972103205598e-02, -2.103090281139618e-01, 2.650507620075146e-03, 8.420595513590692e-02, 3.849844532732224e-01, -2.450998555019146e+00, 2.689866765002515e+00, 5.249560356956687e-01, 1.632274586942079e+00, -7.710400748100761e-01, -3.622027336825242e-03, 2.740265811532416e-01, -3.407092736860057e-01, -1.094131071123471e-01, -3.254928723757138e-01, -1.118801814742305e+00, 1.198365662608383e-02, -1.734606855312304e-02, 2.336065795926498e+00, -3.663522716256135e-01, 4.120597151155757e-01, 8.717441110749091e-02, 8.096106121861915e-02, -1.284922313099641e-01, 1.842910074704182e-01, 4.793003478483534e-02, -4.402400295973197e-02, -7.461909258558637e-02, 7.586838512666568e-04, -1.431267161845821e+00, 1.271871140970039e+00, 2.790952353260502e-01, -3.956181404827144e-01, -4.629117144553557e-01, -7.986777805720051e-02, -3.382966518100782e-01, 9.336967705767542e-02, 7.114649841891254e-01, -5.847343057002740e-01, 1.199708897956664e-01, 2.589426036851208e-01, -1.189478555617318e-01, -1.352065742891171e-01, 4.611159256427456e-01, -1.420326120722730e-01, 2.385540317048687e-01, -4.444450287906576e-02, 1.483717199987864e-01, -6.536480388692865e-02, 9.158653991374452e-02, 6.410148648749368e-02, 2.395260550031155e-02, -1.171741398576813e-01, 2.639284047540709e-02, -4.931757004746256e+00, 3.944150488467485e+00, -3.603266591929046e-01, -1.324126089309719e+00, 1.395909645721620e+00, 1.060222871207647e+00, -1.020937117571548e-02, 6.255962844043848e-01, 3.571048243362028e-01, 2.704081032232967e-01, 5.728446534482432e-01, -1.184850767939872e-01, 1.437895768421168e+00, 3.660740117848466e-02, 7.262621642108127e-02, -3.174396067440923e-01, -8.685148613576076e-02, -4.313980601983529e-01, -3.279614625666091e-01, 1.618533311532519e-01, -2.791807354455509e-02, -2.570986919401793e-01, -2.817520847969462e-01, 3.206296702088290e-02, -1.502522932393765e-01, 1.308003945143688e-01, 1.853594715482255e-02, -9.110432049141985e-01, -6.663102235271046e-01, -1.067952758970491e+00, -2.517048578518358e-01, 3.877607626584521e-01, 5.356826755390501e-01, 6.861698061673399e-02, 2.922536664946053e-01, 3.560012613902836e-01, 4.043573962176154e-01, 1.303076397074683e+00, -1.526564550279836e-02, 1.317938241628722e+00, 6.821559481539753e-02, -1.199137374914585e-01, -1.184105635863125e+00, 5.304519772740278e-01, -2.297393535804227e-01, 1.911605406295687e-01, -1.602141102274393e-01, 1.416744008355268e-01, 1.469772089916187e-01, 1.845790970035811e-01, -2.140480999719551e-01, -2.526752550973625e-01, -2.278545555402748e-01, 1.509074145284098e-01, 2.490073280748656e-01, -6.935464785826527e-03, 8.876279939201416e-01, 1.550520149470015e+00, 4.898360343222136e-01, 3.390392540029313e-01, -9.015706574602546e-01, 2.939621491663560e-02, -7.157213354684083e-01, -3.250049109753911e-01, -4.582920404267327e-01, -4.451794716789381e-01, 2.264785127175799e-01, 6.512409909165730e-02, 5.176923357017933e-02, 4.102018036102901e-03, -4.682775444464636e-01, -2.069229606916246e-02, 3.021535923038490e-01, -2.799139814355370e-01, -1.119681039250078e-01, -1.249702363606421e-01, -9.985383354402783e-02, -3.048055332475062e-02, -1.476558863364367e-02, -1.125562122238501e-01, 4.623617910655465e-02, 6.760353339775016e-02, 1.930241840778013e-02, 5.248920524032396e-02, -1.045455902102812e+00, 1.613925060738787e+00, 6.498519352552158e-01, 4.787661484092049e-04, -6.338296782076357e-04, -4.351743188796713e-01, 6.697068497438193e-01, -5.360181011974209e-01, -1.522215424166044e-01, -1.864371491046892e-01, -3.515965379338395e-01, 3.376531944017342e-01, 3.642036423153774e-02, 1.385807504546456e-03, -1.208823572204845e-01, -2.537733341004400e-01, 1.312644096689245e-01, 1.034224416921631e-01, -3.757953198445665e-01, -1.097192446189226e-01, 9.350175806603310e-02, -3.256976148886902e-02, -7.517534924136946e-05, 5.647018303575930e-02, -9.350426659836672e-02, 5.604222092156955e-02, 1.028117591401866e-02, -8.284848520620923e-04, -1.922225466717072e-02, 7.345551925876601e-01, 1.830017523766786e+01, 1.165035029308964e+00, -1.595971204969683e+00, 2.127062381448133e+00, 1.462256320135020e+00, -3.219915295227033e+00, 2.024792071594947e+00, -7.191608089837598e+00, -2.088164608018743e+00, -5.129872917239634e+00, -4.667894445222411e+00, -7.748529526964367e+00, -3.674203366234271e-01, 3.084586476254404e-02, 2.613156239950960e+00, 2.674471211388041e+00, -4.708274322598317e+00, 2.883190749468965e-01, -1.729597855428262e+00, -2.388427571921839e+00, -3.809474518641873e-01, -7.267498648812675e-01, -9.242649218483349e-01, -2.882894879204924e-01, -2.102760125825019e-01, 5.260167141184467e-01, 1.300996960205270e-01, 3.163383375801512e-02, 2.360307271688807e-01, 2.921333435032367e-01, 5.398946944985623e-01, -1.076882869248813e+01, 2.447923367117422e+00, -1.968301253791199e+00, -5.594313160434510e+00, 1.034360621593998e-01, -2.751856839375385e+00, 3.407625603584819e-01, 2.187525070824873e+00, 2.109855176328659e+00, 5.083088401971224e+00, 1.118109916067863e+00, 3.080064927483908e+00, -3.255653655620505e-01, 3.107095828364277e-01, -2.844650483280141e+00, 1.401553954270347e+00, -4.079618019721614e-01, 1.922004970373654e+00, -7.087339999035500e-02, -7.268347870140293e-01, 2.941450350898734e-01, 5.332958886448537e-02, 1.051500708448358e+00, -6.084244569908918e-02, 1.397809700201880e-01, -6.739364577970011e-01, -1.781120567563380e-01, 9.102802175885813e-02, -4.914826803104138e-02, 2.180899962728599e-01, 1.209317857545802e-01, -7.512675238632596e-02, -1.045645610279310e+01, 6.028777784626120e-01, 3.985819239628936e+00, -2.307842829255577e+00, 1.566471298701496e+00, 1.092625421754073e-01, 8.399984594832322e-01, 6.901348600706056e-01, 1.095067107652084e+00, 1.070505736514219e+00, 9.828113218244043e-01, -2.650767389156838e-01, -8.539294640000086e-01, 2.837639207969440e-02, 2.775988712836757e-01, -7.560556222584307e-01, -1.664307182625081e+00, -1.311442202465663e-02, -2.275838227232877e-01, 3.146223075234871e-01, -1.383275673145689e-01, -2.403145156921587e-01, -2.245488239127147e-02, -1.192664001486611e-01, 2.291753348429327e-02, -5.379321517127029e-02, -5.086171066717603e-02, 5.055038130535919e-02, 1.465304209000194e-01, -8.498812707445257e-02, 7.135714291951345e-01, 8.235333945286081e-03, 4.797231726413921e-01, 1.721143017599495e+00, 3.107244450693472e+00, -5.136503245986553e-01, 5.030773239450363e+00, -1.722522283230218e+00, -1.236014259177767e+00, -3.134049892819619e+00, -1.475727372368659e+00, -1.243975265757014e+00, -9.385597274252816e-01, -1.744143048861680e-01, -1.550125797166421e-01, -9.462372068897914e-03, 6.619565623503049e-02, -1.305339808610331e-01, -2.297508941192878e-01, 8.587279303423548e-01, -1.165677507730800e-01, 4.759485428729471e-02, -3.814456286866335e-01, -2.496912320551259e-01, -2.273979945339773e-01, -1.457670252801035e-01, -1.469657530096009e-01, -1.615716040312144e-02, 2.212968043466604e-01, 1.826940492058910e-02, -2.753518144473413e-02, -3.338474004773433e-02, -5.318487280100147e-01, -1.357191987024986e+00, 1.056527454503428e-01, -1.111481440382114e-01, -2.318335178875454e-01, 3.829697089008637e+00, -1.074776304111854e+00, -6.432054850254251e-01, 2.180142261932891e+00, -3.436326842534449e+00, 1.419207040842735e-01, -2.256337620959258e+00, -1.361354598514043e+00, 3.821264253978385e-01, -9.858320087650931e-01, 7.175375713003295e-01, 4.004359296759981e-01, 1.303008846598769e+00, -1.512265559601206e-01, -1.508029319496550e-01, 2.752445442240317e+00, 5.385545974279696e-01, 2.440595300125595e-01, -1.815847774042670e-01, -1.184589475766648e-01, -1.606569770544919e-01, -2.859182915809029e-01, -3.105452672647150e-01, 3.151554731739691e-02, -8.759685847086890e-02, 3.989776098955897e-02, 8.295363009773508e-02, -5.824128308620616e-02, -5.320844851428422e-02, 1.250357096466465e-01, -9.494991145174367e-02, -1.220553609574834e-02, -6.603531501174194e-02, -2.348712145069424e-02, -6.598859439629021e-02, 1.446560127507656e-02, -4.325117219572070e+00, 8.394801709705033e-01, 1.607336631821251e+00, -2.063660567048620e+00, 9.341150191904918e-01, -1.206258092188015e+00, 4.324713350292574e-01, 6.879057859470675e-01, 3.504861948723789e-01, -3.916920147461690e-01, -6.681934574401489e-02, 4.515584506054358e-01, -1.728360717453318e-02, 4.953427779033615e-02, 1.339863540247433e+00, -4.841528459852081e-01, 6.280426027687076e-01, 2.045063178174601e-01, 4.071698169511510e-02, 1.543165158507983e-01, 4.898168113808549e-02, -2.832795416552932e-01, 2.651396120568965e-02, -7.432822808773987e-02, 7.245673489953992e-02, -1.932025875898895e-03, -1.059302940319766e-02, 1.365384899584450e-02, 1.101066945893303e-01, -3.655963592736273e-01, -1.636344718673322e-01, -2.135012802242832e-01, 6.805383484125362e-02, 7.528576855177283e-04, -3.011149499660601e-02, 2.649581149123725e-01, -2.223205308544174e-01, -1.181474560410271e+00, 1.693138165017391e+00, -1.013188011918470e+00, 1.128549786160516e+00, -1.221044476094450e+00, 3.673738281460804e-01, -1.032427923698510e-01, 1.693655167354675e-01, 5.969218327859337e-01, 5.113442865969449e-01, 3.690973640947048e-01, -2.482348006101027e-02, 1.559310985355440e-01, 1.077747841996569e+00, -2.717300243570758e-02, 4.620744199027318e-01, 2.424317300040840e-01, 5.045543748881581e-02, -8.654157517605916e-02, -2.455863116548951e-02, -1.271692155932232e-02, -1.454704771909380e-01, -2.044384345465219e-01, 1.030599089752264e-01, -1.875069072995452e-02, -1.742925181126711e-02, 1.587258075446910e-02, 2.511317871320213e-01, -3.088959597252903e-01, -7.525104614876493e-02, -7.165763240646443e-02, 4.744941484779493e-02, 5.270054660787500e-04, 9.993121830653286e-03, -1.468257261305011e-01, -2.188385790443297e+00, -2.968433024268010e+00, 5.215272362943572e-01, 1.410687560693884e+00, -1.644212709797186e+00, 9.430891779919083e-01, 7.104579166655174e-01, 3.416934906215081e-01, 4.421537364159410e-01, 8.379269397475749e-01, -4.216745488515839e-02, -1.127631203639200e-01, -9.159527901995603e-01, -4.292682530641317e-02, -8.034033347422238e-02, 1.115426582244054e+00, -5.459165785221232e-02, 3.815837949858113e-01, -1.675075001147245e-01, 6.920528706461309e-03, 1.070587458016144e-01, -4.712744819427681e-02, -1.107699030316957e-01, 1.529909229984609e-02, -3.602543271004027e-02, 3.152174837959270e-02, -2.417413065369866e-02, -2.536714895160797e-02, -4.146165767534780e-03, 2.109610215920509e-01, -3.306838807307967e-01, 1.315853606855830e-01, -8.954811988189622e-02, 9.636167015044387e-03, -3.541888715301656e-02, -5.277169987641398e-02, 4.431201753105992e-03, 5.446855772488597e-02, 8.393921201905411e-01, -1.420654334995235e+00, -3.610625116669437e+00, 2.632254107018366e+00, -6.044622727079376e-01, 5.715697849899435e-01, -5.080833364229886e-01, 2.085851346449153e-01, 4.584012351024441e-02, 4.219988282001787e-02, -1.310342966190894e+00, -3.203379208242272e-01, -1.606343988721936e-01, 4.531240994122830e-02, -2.021221059792727e-02, 1.057076169170967e-01, 1.345124121900331e-01, -8.286953041250475e-02, 4.401460885674580e-02, -2.525881192376682e-02, 3.285612785513802e-02, -3.794540035190506e-02, -7.644801832836003e-02, 9.391909950541348e-02, -7.273775835791008e-02, -2.236091417024604e-02, 7.466536290228584e-02, 1.906812791639258e-02, 6.537335182518290e-03, 1.092779445046664e-01, -2.127760224105051e-02, 4.841436055215655e-02, 1.459354157563159e-02, 6.965816340300992e-03, -2.193305111412489e-02, -2.168005901575085e-02, -2.831126351918035e-02, -3.124423886224020e-02, 1.124872350171456e-01, 6.668499309166973e-01, -1.769221993065222e+00, -5.473869955571079e-01, 9.255205021847860e-01, -7.794887372772538e-01, -1.325590859721870e+00, 2.647653968758793e-01, 7.645001712072546e-01, 7.790573545699760e-02, 1.842767787755941e-01, 2.228004587376291e-01, -1.158313382515426e-01, 6.251148296229964e-01, -8.271695024571707e-03, 1.185645013730693e-01, 6.786576670928944e-01, -1.506050643293271e-01, 2.048845921570284e-01, 1.119260329709585e-01, 1.070018606315009e-01, 7.655628641415284e-02, -9.674484197691496e-02, -6.970806298244975e-02, -1.584556969965634e-02, 5.708854951239878e-03, -8.372750951741073e-03, -6.027488833720546e-02, -1.350745851196819e-02, 3.489472194182932e-04, -4.581900539691550e-02, 2.185378906323769e-02, -3.016745083582115e-02, -2.310582761057640e-02, -9.909315712497781e-03, -8.169871673933668e-03, 2.540189266615169e-02, 5.863745711827921e-04, 5.827734735981978e-03, -4.825521613269122e-03, 8.768877808730231e-02, -1.853435250374734e-01, 3.647408276671932e-01, -8.809255572237461e-01, 1.318818912759021e+00, 2.835719254862175e+00, -4.572646404284802e-01, 8.718609306188332e-01, 6.632945519716041e-01, -7.699159156336769e-01, -9.222418036767400e-01, 2.676643224675850e-01, 1.212895666359562e-01, 1.135997577190215e+00, 2.913651555362393e-02, 2.037106067345001e-02, -5.071325719783709e-01, 1.780652324071249e-01, -2.153843139162011e-01, 3.772560741043491e-02, -2.843623139208640e-02, -8.195122483297210e-02, -1.122923259959903e-01, 1.348722965227939e-01, 2.855036911950037e-02, 1.361484669026300e-02, -3.590222107531500e-02, 1.534935540743301e-02, 1.769413208267149e-02, -1.263926499096929e-02, 7.071463359103290e-02, 9.657509849017942e-02, 6.206268108664587e-02, -4.711043704827025e-02, -4.617188262045972e-03, 2.011953996450825e-02, 2.930570175269325e-02, -1.155107231167889e-02, 2.390433607789269e-02, 1.392135824362454e-02, -1.309283755042934e-03, 8.788591467747781e-02, 9.939096332347101e-02, 2.129907376455080e-01, 1.401809005025254e+00, 2.997342217274194e-01, 9.161033083960057e-01, 1.243234728765316e-01, -1.212079749156391e+00, 5.122040744029454e-01, 1.575159667842904e-01, -4.409326579254764e-01, 1.381555105865758e-01, -1.849746705332623e-01, -3.378983841131206e-01, 1.326280928322032e-02, 1.287436361713910e-02, 1.007623028500837e-01, -1.545932809706740e-01, -2.253293401087040e-02, -8.708654124677427e-02, 4.449851372360399e-02, 1.847744409431359e-02, -7.901905210565210e-02, -2.314196888318525e-02, 7.390524528078221e-02, 8.501079553314374e-02, 6.538508248924645e-02, -4.962645899597450e-02, 5.461511963986455e-03, 3.235405151608659e-04, 3.416197910765661e-02, 3.897237301646489e-02, 3.736937713514324e-02, 8.195778104563086e-04, -2.224600449437605e-02, 8.949961083111536e-03, 2.376154623211317e-02, 8.152150488393219e-03, -1.518293840677283e-02, 6.458070011235583e-03, -1.372086335513332e-02, 4.101148402567431e-03, 1.995498188374663e-01, 5.302050201589603e-02, 2.774978719230604e-01, 1.562957462104119e+00, 6.983050670156985e-01, 4.620730401884401e-01, -7.627985013746417e-01, -4.396853309903489e-02, -5.734801044765103e-01, -2.665541360888481e-01, -5.021373660381809e-01, -3.179538051960207e-01, 1.050137921002617e-02, 3.781150181054157e-02, 3.955147363158034e-02, -1.035231734714149e-02, -3.302480413293553e-01, -6.398067203490453e-02, 3.803638089901742e-01, -1.783416716571520e-01, -5.651514446494058e-02, -1.065686609604196e-01, -4.100102846297669e-02, -4.414266117589119e-02, -5.425291263548117e-02, -5.781030181662163e-02, 4.178002001267686e-02, 3.806739645828375e-02, 1.568893429774381e-02, -2.159446193647772e-04, 9.133930033899949e-02, -2.119062012314588e-02, 1.004618630950810e-01, -4.712028223710764e-02, -5.773791373907994e-03, -9.809142611622688e-03, -1.356208509456256e-02, -2.291131623502815e-02, -1.994133505256256e-03, 1.129967681982073e-03, 1.822669371008529e-02, 6.409922748934964e-03, 1.437493137737255e-02, 1.858168238919617e-03, -4.400301332188240e-01, 3.139135047626040e-01, -1.863260358080364e-01, -3.987830906219929e-01, 6.818736701315029e-01, -2.523964971769273e-01, 4.327027035218912e-01, -1.081613808697975e-01, 1.478634895691835e-01, 1.523533307203475e-02, 1.496241128837412e-01, -1.599129688940124e-01, -3.030331254410282e-01, 8.799676625190888e-04, -4.390511621101489e-02, -2.614037602606245e-01, -8.507498874245559e-02, -6.739820073097898e-03, -5.971136347686896e-02, 1.017791098296421e-02, -2.428575769994159e-02, 1.165414954673368e-03, 5.175198089422171e-02, 2.241646199310506e-02, 4.703547509070118e-02, -2.909811996122231e-02, -1.694851835764459e-02, 1.578184391319261e-03, -5.867876745908885e-03, 8.215798908145866e-02, 1.700995049118680e-01, 2.028814705540494e-02, 1.450633003414687e-02, 1.875895791607147e-02, 1.158465473707199e-04, -6.488789344429882e-03, 8.665727030588557e-04, 2.539779165560974e-03, 1.684543689312677e-02, -5.350296894108223e-03, -2.331326843096858e-03, 2.928965362695692e-03, -1.340838950949948e-03, -8.513872271521153e-01, -3.037425728890458e+01, 3.463220107301458e+00, 3.230082410174675e+01, -5.316206902348203e+00, 1.340626465963994e+01, 8.790937983016082e-02, 2.561841431786117e-01, -2.313539732347338e+00, 3.728304847962973e+00, -4.710778809253077e+00, 3.533265562706019e+00, 2.010884614823164e-01, -9.141380114645788e+00, -5.853675975884766e-02, -3.051207635183462e+00, -1.039979849174409e+00, 2.245876541135806e+00, 2.074727166174668e+00, 8.418675196135676e-01, -1.370439844808007e+00, 3.731575596059941e-02, 1.420045123166380e-01, 5.980850231260747e-01, 1.454737393807636e+00, 4.418469663869205e-01, -2.164586189930111e-01, 3.032358923233012e-01, 1.261984726957729e-01, -4.969213622674212e-01, 3.095430902531047e-01, -1.641858835911520e-01, 1.171852272575281e+00, -4.853974215868961e-01, 1.601401087970026e-01, -2.694671085180638e-01, 1.010381749593072e-01, -6.104738874028110e-03, -1.039217696402242e-01, 1.015685758825726e-01, -7.434145503848810e-02, -7.329579821527775e-02, 1.581447530947227e-01, -5.378974621402206e-02, 2.291890417025064e-01, -6.895721617501137e-01, 7.558105107154913e+00, 6.505173030166342e+00, -1.658057796804781e+00, -8.530176177675960e+00, -1.463613587395606e+00, -3.825037223603794e+00, 3.139662368268599e+00, 1.463867236501817e+00, 5.141293191964610e-01, -2.288431079261765e-01, -1.835258569886138e+00, -1.852789932398173e+00, 4.326786722882567e+00, -3.032557305114593e-01, -3.280484349909534e-01, 2.784891277044755e+00, -6.704956909255493e-01, 2.520424821211891e-01, 1.152714916058212e+00, -6.855128069309844e-01, 1.575220892303905e+00, 9.036800331935551e-01, 2.857672374462982e-01, -1.103013646397191e-01, -1.892769032816993e-01, 4.780168007344267e-01, -3.183940815021586e-02, -2.689347830455823e-01, 2.468117660757618e-01, -8.192136461549369e-01, -8.602569529108359e-02, -8.041074321453263e-02, 6.043121410488815e-01, 2.792051602097803e-01, -5.053967647353703e-01, -1.261546109401302e-01, 9.747961910567422e-02, 2.331624891785321e-01, 1.469638537495118e-01, -1.287666883311907e-01, -3.911280610781951e-02, -2.091538770308425e-01, -3.103320181283384e-02, 4.394622885829457e-01, -1.070342950597020e-02, -6.368823324424270e-01, -1.304287595176744e+01, -2.246653530821812e+00, 1.146472358229190e+01, -1.423680205806781e+00, 5.130245796550388e+00, -4.537905848411561e+00, -3.156197467373252e-01, 1.441298810897492e+00, 6.632374159671856e-01, 5.375405318837990e-01, 2.604156826257847e+00, -2.566678642428226e-01, -1.273212188199998e+00, -2.048008703207273e-01, -2.066256562736987e-01, -1.744717308776734e+00, 4.924198227634261e-01, -1.388789889686744e-01, -2.229788420082057e-01, -2.171781740342608e-01, 8.332615993319849e-02, -7.166215369671081e-02, -2.469374119941163e-01, 9.785031055150804e-02, -2.516047368917813e-01, -4.188268981554438e-02, 2.605634778647169e-02, -3.634400793454835e-02, -2.042770335175084e-01, 7.153259326230650e-02, -2.548001167576163e-01, -1.435196989785290e-02, 4.749555282897477e-02, 4.213198914038268e-02, -4.881596038297080e-04, 3.697727573045148e-02, -8.529162112512800e-02, 2.468041235116658e-03, 1.071744210978933e-01, -4.647572471822362e-02, -9.348713792241196e-05, 7.136067950335982e-02, -2.664653210770118e-03, -1.571440593082051e-02, 9.386262582850150e-01, 5.652662566129465e-02, 5.269876797243763e-01, -7.433997454245909e+00, 1.768942513611075e+00, -6.494788770221764e+00, 2.816511716907383e+00, 1.194768373519061e-01, 5.599280440532860e-01, -2.171672359468373e+00, 9.367404344939648e-01, 1.716424704269554e+00, -1.965198370837590e-01, 4.338230489319952e-01, -1.343874523354431e+00, -2.654555711315941e-01, 1.978583339960686e-01, -8.847073230798271e-01, 5.386540808178959e-01, 1.282240354737407e+00, -6.024551226225123e-01, -1.855372654795080e-01, -3.167977568603271e-01, -2.987177975374267e-02, -3.307064488274334e-01, 2.626935379246857e-01, -2.982869318021486e-02, -1.318382822956198e-01, -2.800413454456773e-02, 2.371369694600205e-02, 5.319284222570588e-02, 2.293194981828043e-03, 6.361838719633836e-01, -1.504324839714897e-02, 4.288100369076721e-01, -1.256307462044779e-01, -1.180285514649789e-01, -9.827865960327822e-02, 3.925461614198660e-02, -6.698168872449375e-02, -3.892849467409415e-02, -4.707608763044132e-03, 3.984008521088053e-02, -4.084242285177936e-03, -1.881387177671275e-02, 5.110413565854107e-02, -1.312890296004060e+00, -3.729502003544884e-01, -5.366985004728869e-01, 2.736416173887835e-02, -1.864940873885256e-01, -1.723626529909070e+00, -5.574663853549363e+00, -6.725092249923137e+00, 2.970354243550172e+00, -2.520474298586566e+00, 1.133004994529499e+00, -6.930464052658676e-01, 1.100018120159796e+00, 1.827026161349497e+00, 4.936272540658506e-01, 5.370896144807389e-01, -1.000616287072519e+00, 1.955508276419121e+00, -8.271624522272783e-02, -3.955806885877681e-01, -1.296494905209743e+00, 1.791859122106760e+00, 2.840037406779783e-01, -1.208730397007634e-01, -3.791066781122857e-01, -1.609041952679438e-01, -3.449013538127155e-01, -1.339968003999250e-01, 3.964862980476668e-02, 7.599869021384591e-03, -3.457651815575245e-02, -1.333626643853207e-01, -4.009057458733473e-02, 1.705944248998239e-02, 6.429947889766446e-01, -3.275812929462363e-01, 2.580642634961470e-01, -7.851741961602407e-02, -5.344234040816258e-02, -4.980457798267825e-02, -3.302486940524725e-02, -4.024581329506860e-02, -6.628662744222262e-02, -3.239392211029304e-02, 3.152259538835863e-02, 2.160018185587108e-02, -2.567867267327875e-02, 4.883647614637602e-02, -1.113492755979788e+00, 1.878716789148723e-01, -3.234516913385119e-01, 7.415158472396381e-02, 2.791919960834864e-03, -1.793300689767758e-02, -4.508581879017144e+00, 4.881630619158901e-01, 6.742942309693859e-01, -1.634330441118356e+00, -3.766144966976785e+00, 2.109978003154219e+00, -1.790985082732150e+00, 8.325231164091239e-01, -7.583883961356924e-02, 3.104515444500147e-01, -1.904879427590019e-02, -2.876691507409454e-01, 1.447612769927466e+00, -1.220488038909865e-02, -4.237510873749405e-02, 1.147561401455919e+00, 4.536019033693907e-01, 4.063630249560018e-01, 1.688010161353148e-01, -1.301508992336066e-01, -2.765992181858740e-02, -5.202561285841319e-02, -4.915188661076992e-02, -1.903578666118105e-01, -8.326760152468243e-02, 5.597114770860454e-02, -6.361235763996877e-02, -1.106273749450152e-02, 5.660334632694132e-03, -2.103293865203593e-01, 2.387936180309028e-01, 1.955818627375475e-03, 4.652508886844105e-02, -2.603500151887589e-02, -3.026224699462673e-03, 7.137166607520285e-03, -2.540962926320920e-03, -8.141108020833676e-03, 1.312169502915691e-03, -5.794372181990657e-03, 6.403004113129673e-03, -1.274575587246540e-02, -1.026548242008456e-03, 7.713478617583527e-02, 2.337508042028443e-01, -1.076560766483988e-01, 2.579480482097722e-02, -7.538143806302239e-03, 7.172827745201246e-03, -9.227889105253750e-02, -1.853573053230198e+00, 4.968149415966697e+00, -2.389525470434695e+00, -2.397334663445177e+00, -3.342230203813241e+00, 7.947677727016353e-01, 3.238952524929967e-01, 1.082480928137213e+00, -5.186473370379699e-01, 5.550855694013436e-01, -1.046398416944962e+00, -3.052404727504587e-01, 1.023902263716143e+00, 6.592056726324663e-03, -6.928755225484877e-02, 1.417405431838255e+00, 2.246893553167596e-01, -1.473419402878876e-01, 4.323226479284062e-01, -9.122122593407517e-02, 1.074882468776840e-01, -9.437317016901860e-02, 4.489867995338390e-02, -5.926031657181997e-02, 1.512709219839619e-02, 9.138945738972504e-03, -6.441440747110005e-02, 1.350068278458827e-03, -4.460380523233130e-03, -2.290522980943525e-01, 2.554525988309587e-01, 1.814075244159688e-02, -9.930311262141094e-02, -6.949926341249231e-03, -2.069195091363310e-02, -9.954865989121021e-03, -2.446245284923236e-02, 3.841566861329665e-03, -1.139519508172358e-03, -1.456071530482525e-02, 3.769822251277650e-03, -3.487447561759743e-03, -6.589636367643020e-03, -2.064460686492924e-02, -4.664950186266873e-02, -1.482545558352662e-01, 1.727116337952259e-02, -2.399798452533447e-02, -1.081486840952877e-03, 1.067612897556369e-04, -2.117308443062369e-01, 7.139958373987778e-01, -8.308048859717962e-03, -3.390047235605766e+00, 7.180050939664282e-01, -4.325859654741758e+00, -6.434944078260000e-01, -5.555794465943561e-01, 1.122244119834407e+00, 3.901584910754917e-01, 1.826839118209503e+00, -4.291402746264978e-01, 1.471141855236457e+00, 1.032431947871576e+00, -2.339831655064701e-02, 7.907660667796142e-02, 8.266811912455445e-01, 1.957661198561883e-01, -4.004394562387387e-01, 1.992257720092503e-01, -2.251746469285183e-01, 9.371228283491989e-02, 1.251415106598644e-01, -6.408433061652999e-02, -4.734259247600161e-02, 8.768699852867760e-02, -8.270211081427183e-02, -3.046456291135036e-02, -9.005994866603953e-03, 5.143827657283283e-03, 7.716003390328340e-02, 1.589921676280318e-01, 1.028128979590682e-02, 1.056704855244847e-02, 2.129369011618195e-03, -1.296492864489887e-02, 3.645260514021927e-03, -2.107986369836855e-03, 2.174032913878810e-03, -7.726105803923519e-03, 7.183942243551903e-03, -2.258043771844769e-04, -9.778389635549195e-03, -1.423576267022204e-03, 2.402814562773508e-02, -4.091228339276841e-02, 2.887248394962142e-02, -5.685006929130950e-04, -4.738832827429319e-02, -6.395982661110591e-03, 6.023328371089528e-03, -2.959785974834847e-04, -1.756394485894320e-04, -2.461538987534547e+00, -1.014239442458672e+00, -9.759683158013392e-01, -1.695097826630540e+00, -1.662090885654854e+00, 2.562737716734561e-01, -2.102779409699538e-01, 6.472192305243999e-01, 8.356057688864511e-02, 9.610960759831293e-01, 1.291934079592945e-01, 5.172332637282652e-01, 6.561956395987357e-01, 3.643278434246564e-02, -2.066711338269970e-01, 3.078202641296201e-01, 4.259634437992913e-01, -7.047184269305190e-02, -3.644998923606167e-02, -9.297620726775135e-02, 9.337825725343044e-02, -1.401307916987491e-02, 2.881002347513634e-02, 3.474462133180080e-02, 7.721851122694025e-02, -1.410270992395322e-02, -7.238009666975187e-02, 1.089170491152612e-02, -3.551074730953232e-03, 2.872429215127005e-02, -2.844398397556334e-02, 1.096012338404644e-01, -8.578475430875100e-02, -4.740917813220102e-02, -1.069819446363393e-02, 2.131536369616531e-02, 2.014166657883525e-02, 7.227696947732165e-03, 4.157798881314628e-03, -1.492814606245553e-02, 7.265407924855526e-03, -1.355098151474523e-02, 3.718358358951734e-04, 9.080504674484932e-02, -8.587470784032489e-02, -4.774065293624924e-02, 3.617437102818950e-02, 2.539093062968073e-03, -9.374548664900884e-03, -2.744708954193423e-02, -1.933645785290914e-02, -2.840705740443582e-03, 1.701140846839731e-01, -3.722011977269754e+00, 3.109814603053532e-01, -1.507488315408556e+00, 7.599144511012892e-01, -2.078344454052889e+00, 3.612501054520066e-01, 2.217530096889160e-01, 5.772125273845948e-01, 2.639695606460004e-01, 9.964052360112461e-01, -1.240301272573008e+00, -2.395045005947347e-01, -2.868419710464125e-01, 3.202018328099216e-02, -1.309377288340007e-01, -2.427961349667241e-01, 4.377129588507083e-01, -1.992249091641251e-01, 6.641825046023678e-02, -1.167270729725504e-01, 1.036594771512393e-02, -1.942544466624232e-04, 4.352679270691612e-02, 9.107389884589721e-03, 2.627796980806418e-02, 4.755163475864422e-02, 5.333662879043600e-02, 4.245026841086485e-03, -1.391476219325484e-02, 6.852427253802612e-02, -4.889373110443918e-02, 7.155879235021828e-02, -4.199529437792714e-02, -1.321741579920152e-02, -6.245475459064046e-03, -9.278888135764144e-03, -1.050968265576852e-02, -1.992167120944515e-02, -2.161694789092109e-03, -1.234924934117477e-02, -9.341575800351526e-03, 3.163098873425760e-03, -5.025677991444705e-03, -2.548138404343341e-02, -4.778495883774153e-02, -4.879671003481741e-02, 1.404686080634617e-02, -1.480105089187660e-02, -1.079701717212763e-02, -1.685792999006768e-02, -7.835330690278029e-03, -2.811390121155211e-04, -2.572196100359696e-03, 1.029504578623829e-01, 6.227628829333285e-01, 1.009398610217362e+00, 1.921678829962532e+00, -1.081447160374628e+00, 1.005353858916499e+00, 8.788477217338886e-02, 7.845640769986236e-01, -4.241163024436228e-01, -7.936431693141245e-01, -2.387435700066321e-01, 2.634924220910081e-01, 7.267348012151913e-01, -4.300505576772181e-01, -3.997914245798607e-03, 6.723860102650810e-02, 6.959789607941007e-02, -3.497225248831610e-01, 4.241531447363273e-02, -1.055209459765945e-01, 1.001363181294966e-01, -2.497351324097855e-02, 6.991059077163747e-02, 2.457847691119527e-02, -5.437757214547160e-02, -1.854199445328503e-02, -8.898482123128871e-03, -2.022909651218237e-03, -5.812590664951735e-03, 7.997093776643115e-03, -6.292375168652548e-02, -9.556482157437141e-03, -6.125650445792977e-02, 6.068481721949316e-02, 1.935947262726821e-02, 7.041930700060792e-03, -1.442704262138224e-02, -9.206967704458805e-03, 2.891087550746069e-03, -7.233561956050224e-03, 3.954263636444214e-03, 4.564654305413749e-03, 5.021007555206408e-03, -5.498101779917509e-03, 4.166353695192860e-02, 4.676697161204721e-02, -9.338037748592886e-03, -1.903182956863506e-02, 5.233706848428137e-03, 5.166713038200732e-03, 1.328722934296686e-02, 8.651329617308108e-03, -4.137270031826795e-04, 7.334085418376180e-03, -1.208367675683094e-03, 6.721642302131448e-02, 1.237543165801660e+00, -2.184807701211407e+00, -3.181145917954197e-01, 9.548558562534065e-01, 1.129211607389802e-01, -8.611770097554509e-01, 3.513581713478222e-01, 3.464185399938142e-01, 3.455934323834060e-01, -4.930722564306203e-01, -2.741440254143658e-01, -3.762629692296602e-01, 2.008160445025655e-01, 6.204292091585128e-03, 1.673372683592049e-02, -3.669076052274701e-02, 1.391033101725947e-03, -4.716509409362273e-02, 1.150390189680072e-02, 3.269481665884429e-02, -7.544961792968161e-03, -3.427690505018410e-02, 1.320385522944132e-02, 2.586952910021136e-02, -1.235423981968960e-02, -3.537583933702457e-02, 7.190322753135111e-03, 3.147464504524503e-03, -1.266838010442347e-03, -1.813715080822496e-02, -1.298263848241011e-02, -1.906100813459839e-02, 6.595777869716422e-03, 1.171030516632686e-02, 6.105102953055656e-05, 8.866454027823758e-03, -4.058767591661519e-03, 4.009549801827219e-03, -1.895643841908800e-03, 8.568005129860641e-03, -2.013200650267946e-03, 5.437539254534543e-03, -1.884419716217580e-03, 7.636427415265435e-03, 6.790589424600209e-03, -2.082339824111396e-02, 1.329723296121016e-02, 8.751100464102775e-03, 7.497574864255366e-04, -4.963701067692785e-03, 5.389707565412222e-05, -5.647323271526528e-03, 1.921113816801749e-03, -1.694928237176348e-03, 9.102670356992593e-04, -6.184481220882158e-02, -6.193890537034218e-01, -2.075270023205270e-01, 1.498842157774779e+00, 6.433076609854906e-02, 9.914033299353422e-01, -5.068363069632081e-01, 2.716801895130201e-01, -1.250848580960680e-01, -1.125694718187566e-01, -3.640600873064936e-01, -1.817294385797750e-01, -3.809304983731873e-01, 1.718651485316292e-01, -1.248502194793494e-02, -9.532707837024815e-02, -3.880990201187969e-01, -2.007795398122454e-01, 1.676200617030310e-01, 9.645760904141981e-02, 2.287920991858643e-02, 3.600651177266158e-02, 1.405098779033720e-01, 2.161977928695549e-02, -2.954355275455240e-02, 2.248230328738588e-02, -3.673348438028742e-03, -2.257757864414101e-02, 2.070411736319102e-03, -6.471503365547347e-03, 1.001734403748794e-01, 1.935116083433364e-02, 7.480926672613192e-02, -2.504862363716098e-02, 4.698476771661166e-02, 1.346148552944986e-02, 1.185244348987455e-02, -1.111219033191176e-03, 8.984521484487085e-03, 1.634017958566133e-03, -5.228984804245026e-03, 1.419272770386455e-03, 8.269934002991582e-03, 2.216051543753920e-03, -1.534501472167949e-01, 4.647404729694753e-01, 5.765216862357479e-02, -1.131184335463694e-01, -2.241356992500883e-02, -7.875389141012658e-04, 2.137395061742333e-03, -2.223248476264721e-03, -1.074696469643594e-02, -5.129242878172768e-03, 4.460093374948245e-04, 3.307037077162665e-03, -5.960717144243814e-04, -2.871184579728045e-02, 2.872848483915756e-01, 1.639449896154064e-01, 3.521665130934312e-03, -3.079868109815989e-01, 7.012766157343634e-01, -5.582028025048617e-01, 3.031904321994781e-01, -5.212841391216692e-02, -6.589332264836965e-02, -9.510387030439818e-02, -1.843106160163303e-01, -3.522201499646572e-01, 3.713687648243158e-01, -1.049933704523874e-02, -4.810433829380114e-04, -2.021668086125229e-01, -2.956676511839565e-01, -1.058424388812446e-01, 5.905349387939823e-02, -4.242047782261987e-02, -3.904342809421518e-02, 5.035942533424966e-02, 4.180910716238730e-02, 2.135571659936841e-02, -1.328118419959338e-02, 1.559834436233247e-02, -2.567797891453792e-03, -2.625656555983615e-03, -2.360635694957726e-03, 3.798201987171077e-01, -3.176650182316745e-02, -3.489020097200224e-02, 2.916726300408009e-02, 1.758937851462065e-02, 4.829467340270893e-03, 3.624773853053613e-03, 5.827108963843310e-03, 1.733679989866635e-02, 1.977834050585368e-03, -5.486613320772572e-03, 1.566328153222236e-03, 8.784447190758404e-04, -5.672526587651076e-04, 1.076840711803066e-01, -1.228179889839687e-01, 4.577047547973860e-02, 2.447756756160177e-02, -8.172253900136142e-03, 2.271587436411127e-03, 4.848584903995119e-03, -1.318177132659396e-03, 8.404172636086152e-04, 3.641411957966628e-03, 6.456213562271683e-04, -5.294921221350088e-04, -1.839433878371363e-03, -2.074090349679758e-03, 1.337736278751114e+00, 5.402356828256098e+01, -1.451587483344437e+01, -1.352896203792679e+01, 1.712799297026457e+01, -5.294894541001190e+00, 6.814198401267125e+00, -7.072942865967324e+00, -4.368465082664695e+00, -1.099880800917850e+01, 8.670789693095445e+00, -7.613390014460334e-01, -3.058408929188544e+00, 1.039031383895300e+01, 4.022755383270568e-01, 9.510586063829022e-01, -2.474410644733386e+00, -5.193457071925748e+00, 3.189312823004093e+00, -1.507212751213750e+00, 3.483808143487725e-02, 5.552839784883881e-01, 1.204159519049346e-01, 2.213114384438451e+00, -3.354988757818502e-01, 3.081286397710215e-01, -7.112249753671034e-02, -7.405049788091932e-01, 1.427607997162435e-01, -7.018156760245886e-02, 2.356733525090537e+00, 1.911976398848921e+00, -1.222117512648730e+00, -6.015790189718633e-01, -7.355385282751783e-01, 1.786789438552872e-01, 1.351298623332343e-01, -3.819862960146566e-01, 2.517288894895262e-01, 4.129341529966919e-02, -4.800012280530620e-02, 5.941811559115913e-02, -7.827030034719655e-03, -6.748595304984450e-02, -1.335440672759606e+00, -3.288781508562104e-01, 1.369886053854922e+00, 1.006360179675799e+00, 5.896560557710332e-01, -3.488809601455990e-01, -1.762366398409678e-01, 5.871472359790395e-02, -2.340763247989075e-01, -8.020215118027925e-02, 4.771296703100901e-02, -1.007289707546833e-02, -4.430403567148584e-02, -1.479141375489444e-01, -1.636208405138653e-01, 1.224686186757135e-01, 1.851727686066383e+01, -1.056014131187746e+01, 1.249058362218843e+00, -8.605978331076146e+00, -4.525103501440489e+00, -1.208092791192296e+01, -3.623896398124292e+00, -2.379889923764329e+00, 5.863133406731318e+00, -3.294515450116082e+00, 6.496840486874999e+00, 2.556512088349930e+00, -2.765230932026701e+00, -2.343659762628257e-02, -6.250146905784960e-01, -3.967892016267543e+00, 1.449208617230887e-01, 1.475015295915309e+00, -1.689951937233612e+00, -2.039123196965347e+00, -8.611857883274988e-01, 5.685907853206916e-01, 1.153935640228592e+00, 8.703433132826532e-01, 3.270099251768583e-01, -3.199330542659625e-01, 8.158537338901678e-02, -3.978945959801158e-02, -6.201375857437451e-03, 1.384349959518185e+00, 6.502234764230213e-01, 1.107255379207772e+00, -6.672123868246762e-01, 1.980552196358281e-01, 1.637820957700694e-01, -5.577140747872441e-02, -3.097821887160190e-01, -1.351399156292641e-01, -4.186524864232781e-02, 2.267125998148380e-02, -1.959590557241165e-02, 7.429808153233300e-03, 5.702971905551801e-02, -2.569972343296366e-01, 3.191602283112962e-01, -7.611687591903518e-02, -2.572962864846941e-01, -4.657738582165706e-01, -4.967459046773810e-02, 5.519085169436914e-02, 2.879826788258397e-02, -1.117320426894816e-02, 3.350904899153004e-03, 2.392596650722420e-02, 1.319838548056385e-02, 4.658197831195021e-01, -2.097374669210111e-01, -3.620778442092580e-01, -7.700882746623385e-02, -1.378085302413624e-01, 2.275381543079082e+00, 1.397331126668768e+01, -5.929222434424477e-01, 1.563926462690090e-01, 3.592821804499584e+00, -1.838469711704345e+00, 3.611884830049364e+00, -1.476624025902180e+00, -2.099314798980623e-01, 4.677140959398429e+00, -2.994478389465930e+00, 1.105384895592676e-01, -6.802824639592827e+00, -1.310175718088251e-01, 2.004292556641578e+00, -5.023271785112954e+00, 6.895542705550961e-02, 3.619206504556849e-01, -3.963111149069193e-01, -4.014156817381985e-01, 4.193520286422838e-01, 1.662344490163685e-01, 4.203105181797123e-01, -2.918936706281421e-01, 1.203384738479270e-01, 3.813539333405704e-01, 4.882565210349138e-01, -2.696856973749569e-02, -2.587586869451396e-02, 1.174713625201367e+00, 1.918945365847708e-01, 3.864688345584710e-01, -2.090973784297172e-02, 1.129225571222473e-01, -2.675368429906602e-01, -3.400738660895912e-02, -9.237698267058650e-03, 3.582614197704630e-02, -2.978679196028915e-03, -9.460094719842729e-02, -7.059916821721386e-02, 1.093682290099957e-01, -4.717435313431931e-02, 9.409576948447853e-01, 4.105084138434048e-01, 5.745913700224278e-01, -1.074198862239864e-02, -1.152163741676009e-01, 1.668304453031783e-01, -1.083558866306769e-01, -1.084942213870532e-01, -8.737150874865242e-02, -8.642267363439288e-02, 8.857056508877219e-02, 4.319846366478022e-02, 1.279713085119330e-01, -1.597294502769521e-01, -1.967773917876156e+00, -5.375816037222184e-01, -7.210507607437567e-01, 1.681408053186483e-01, -9.736492573299300e+00, -1.321204501059001e+01, -3.588017970326098e+00, 2.792590863843150e+00, 1.629928219603438e+00, 4.638478161682680e+00, 3.569509343077138e+00, 1.430917603810713e+00, 2.590342482752579e+00, -1.791462259587280e-01, 2.454101582954109e+00, -8.000930992882535e-01, 1.474078267253362e+00, 1.215880867165299e-01, -1.680327845481770e-01, 1.110628945959815e+00, 3.311629909585044e-01, 6.686217702315765e-01, -2.758905497588195e-02, 2.812412866724222e-01, -3.505834777350353e-01, -3.618144956364129e-01, -2.071003563876357e-01, 1.772394594358853e-01, -9.177841581025792e-02, -3.984094825214009e-02, -1.966222461641864e-01, 1.067057646250717e-01, 1.823380460988130e-01, -2.390407677745106e-01, -1.209325425696443e+00, -6.907917105011938e-01, 7.187511774240730e-02, 1.475664167913310e-01, 1.814161153833933e-01, 6.601221688408111e-02, -4.763057259745846e-02, 1.270319796811520e-02, 2.763510316456606e-02, 3.508513526739940e-02, 3.544781498040502e-02, 9.406453468031950e-02, 2.308240468701488e-02, 1.637801811260908e-02, -2.381788126425884e-02, 1.169758612632469e-02, 3.940118942455635e-01, 7.169695215003724e-02, -2.396546841736342e-02, 5.963995373874579e-02, 1.009259223407566e-01, 2.422649278945068e-02, 1.208194693189856e-02, -3.293577723195427e-02, -2.388794422676030e-02, -6.494427849087188e-02, -5.779583695032953e-02, 4.102739586721321e-01, 4.562555211059947e-01, 3.862439291442908e-01, -1.660548028038961e-01, -2.769280300276220e-01, -3.779586789151546e+00, 1.654322016138078e+01, -1.100956984695805e+01, -3.108703178645099e+00, -3.332424952846623e+00, -3.343118361280588e-01, -1.656967089269318e+00, 1.173123322002682e+00, 2.996601940793722e+00, 1.409744136326843e+00, 1.060262683951116e+00, 3.411758320796297e+00, 2.274752502346537e+00, -1.359028614584207e-01, -4.602982926921670e-01, 7.994418543773225e-01, -2.253218019320400e-01, -7.818983128977454e-01, -1.013387998745178e+00, -7.924241759512339e-02, -1.565607358759767e-01, 1.368248484121805e-01, 6.623476793079792e-02, 2.549992859565183e-01, 2.080713865438802e-01, -4.486378483238294e-01, -1.211979091543163e-01, -9.136583936216222e-02, 3.854898018073148e-02, 2.939097653215951e-01, -1.264784939974265e-01, 3.679611242968188e-01, 6.841696742639675e-02, 5.710267441872041e-02, 1.701455744238586e-02, 8.345433464854346e-02, 6.128227262353070e-02, -3.569824114309582e-02, -4.363177327321154e-02, 8.616548300771296e-02, 1.859272213586514e-02, -1.048927140962235e-01, 7.016077938763118e-02, -4.818475682232100e-01, -2.388413772163943e-01, -4.080011205005786e-01, -5.656550586069856e-02, -1.503787549428684e-02, -5.778146948274262e-02, -4.699927041408337e-02, 9.011779532694743e-03, 3.047855132170689e-02, 3.508124428111909e-02, -3.738404546883149e-02, -7.552930363894867e-04, -9.484077534985043e-02, 5.813571694879125e-02, 6.875078143361079e-01, 7.392476924107555e-01, 5.094923013086738e-01, 6.055449003634306e-02, 1.649753791679697e-03, -5.252426086431624e-01, -7.946152697696697e+00, 1.792075790984321e+00, -4.267082534530159e+00, 4.345882901413913e-02, -1.406279149801051e+00, 5.331358803571105e-01, 1.580156856890389e-01, 1.708718870413280e+00, -1.459420262660526e+00, -4.747379010920402e-01, 2.160936542728501e+00, 1.108224965775074e+00, -2.122381279822115e+00, -1.244416343507293e-01, -4.264174731087157e-01, -6.526001558385645e-01, 2.427734651279982e-01, -5.197013488972013e-01, -9.024826044853873e-01, -9.295267781814888e-02, 2.615031333127661e-01, 1.062857557145859e-01, -1.554220875021383e-01, 1.414822692705474e-01, -1.655190152376818e-01, -9.988815164868484e-02, 1.266005258975120e-01, -7.668661485908367e-02, 1.217362486242067e-01, 6.515556401392768e-01, -8.387149064377259e-01, 3.838604040945740e-01, 5.194847061604500e-02, 6.136547241198468e-02, -7.283222822755661e-02, 9.557911849134015e-03, 9.422630175035451e-03, -3.703694105558639e-02, 2.368318871021800e-02, 3.758070630600165e-02, -8.638235097631496e-03, -9.457409732497553e-02, 5.784019743878059e-02, -6.978224172763395e-01, -2.518977090493000e-02, -2.292643643603504e-01, 1.157847209737592e-02, 8.046998171102983e-02, 2.792492057244578e-02, 1.049654608633875e-02, 2.269592028217531e-02, 2.823070172189179e-02, 9.141036788934361e-03, -2.087484209059509e-02, 1.971385506988549e-03, -4.063987258606645e-02, 4.510404499867528e-02, 8.564604211776472e-01, 2.307082470566703e-01, 3.091923349016976e-02, 4.186660537971213e-02, 1.076991744169770e-01, -1.445284805522537e-02, -3.204995638487529e-01, -4.035117774956505e+00, 2.582316376784637e+00, -1.624990245712660e-01, -3.724430919647579e+00, -4.703123581334114e+00, 1.371293146470709e+00, 7.936683021134835e-02, 1.798103922038227e+00, -9.200871707676053e-01, -6.955231673837620e-01, -9.419548811544286e-03, 1.475980838155315e-01, -2.421465621707320e-01, -2.762933617577879e-02, 4.873642513351004e-02, -1.458794049856758e+00, 1.190246231512161e+00, 5.945901954709422e-01, -3.224258339796177e-01, 5.410373672082202e-01, -1.239393235046725e-01, 2.929208943057500e-02, -4.585995857443968e-02, 4.565186540081213e-02, 7.379879863068907e-03, -5.878799669855406e-02, -6.250422897358844e-03, -2.700027772430630e-03, 2.404085718916887e-02, 5.857089385862009e-01, -6.170842376310247e-01, 7.044806934265370e-02, 6.971133235027976e-02, -3.324068936645998e-02, -1.977642648913463e-02, -2.004863742445413e-02, -1.028230568249907e-02, -3.111827808908557e-02, -2.674207914995488e-03, 2.496579272203760e-02, 4.869569385056652e-03, -4.983013764213934e-03, -3.697320472647835e-03, -1.520186881772889e-01, 1.326630346055744e-01, -1.533989139617401e-01, 2.816780747103804e-02, 4.691442030309809e-02, 3.662637067502739e-02, 1.484964931830466e-02, -6.124157855528329e-03, 3.121656056289585e-02, 1.252268766089306e-02, -1.656608238139362e-02, 6.848926009683763e-03, 1.755423372306876e-02, 3.267792624420267e-02, 3.910458809300226e-01, -6.108707847626331e-02, 1.142395346419073e-01, -7.203459726795253e-02, 4.681992600050456e-02, -2.856688675064790e-02, -2.476242813861396e-02, -2.102453138833155e-01, -2.184294973753902e+00, -1.401331203532335e+00, -1.749652124418043e+00, 7.501134800040078e-01, -4.954615186049614e+00, 2.922805990054682e+00, -1.968808445754204e+00, 2.399306865049156e-01, 1.995159452955232e-01, 1.174354519347384e+00, 1.594541044309981e-01, -1.552547675915454e+00, -4.547665173088051e-01, 1.480327193284193e-02, -4.026589149097375e-02, -5.671189535067096e-01, 1.624823218629284e+00, -5.877312623505591e-01, -6.326858155192605e-02, 3.241815807034201e-01, 1.191290283093315e-01, -1.415411384272951e-01, 1.236913145227702e-02, -3.359152236972102e-02, -6.574281163162715e-03, 5.049966870457124e-02, -3.642749539783493e-02, 6.017998943545273e-03, 4.393096978327107e-03, 5.383493254977764e-01, -6.548975065173366e-01, 3.239102577647099e-01, -1.928580028438423e-02, -2.103562674462342e-02, -1.737532205022129e-02, -1.030207744418052e-02, -3.005728304032509e-03, -1.094703064328124e-02, 5.946984506761097e-03, -1.175850301650220e-02, 4.656096589361903e-03, -7.955634570872233e-03, -1.706320848470836e-04, -3.736947737532593e-01, 4.031519975101873e-01, -2.858084359031087e-01, 3.020421577551519e-04, 4.874699089890890e-02, -5.027098928350260e-03, -1.733683598961308e-02, -1.358841020030724e-05, 1.318921440628506e-02, -7.977712731287755e-04, -4.610048453739512e-03, -1.678967237977299e-03, -3.324699030173637e-03, 6.973423485602811e-03, 9.974321832181685e-02, -1.921146384641313e-01, 6.214308526397955e-02, -2.785341249950175e-02, -5.352917775538109e-02, 9.932373205536178e-03, -3.011330560909940e-02, -2.793744187273487e-03, -1.680919484044477e-01, 1.849929893566314e+00, -3.021934114837808e+00, -5.999871070244881e+00, -1.233543173180701e-01, -7.749900124829340e+00, -1.306743705610786e+00, 1.070182647421410e+00, 1.683977376781500e+00, -5.649526746188227e-01, -4.318291892046189e-01, -1.240683259791517e+00, 8.443148267504107e-01, -5.749827701269956e-01, -4.070930157617171e-02, 1.979004924472242e-01, -4.407860933391870e-02, 6.075926636770696e-03, -9.329778449230222e-02, 5.888229901760137e-01, -7.799525776119479e-02, -1.875329650081907e-01, 2.174718053156509e-02, 7.665705377967900e-02, 1.142134890631623e-01, 9.877804974060336e-03, -1.026914101104994e-01, 6.239485867722683e-02, -2.355624747831997e-02, 1.728421687511259e-02, -3.653697123019423e-02, 4.178800324523872e-02, 1.905286447229989e-02, -6.309684589304024e-02, 5.509706751903583e-02, 3.885567046236747e-02, -1.287662325308957e-02, -2.017049268727968e-03, -1.877772251941993e-02, 1.619367608132693e-02, 1.851014050691019e-02, -1.364471783490464e-02, -3.428477978862616e-02, 1.315164956176832e-02, 1.011870876649341e-01, 1.257797481241827e-01, -2.350467536846937e-02, 3.314804773747073e-02, -1.836745240369046e-02, -1.370921226514431e-02, 1.563022522650491e-02, -3.052056752308822e-04, -9.271262991483526e-03, -1.594230452507430e-02, -4.554543481577297e-03, 9.675258279024417e-03, 6.594877093945534e-03, -2.673484012982312e-03, 5.697861010518571e-02, -5.556619571747650e-02, -4.474637920542211e-02, 1.455175533544745e-02, 3.531849357080739e-02, -6.620625559013511e-03, -2.636219970636298e-02, 3.534732828603750e-03, -7.224811965048215e-03, -8.798623336993155e-02, 2.738661339523874e+00, 8.473480515545965e-01, -4.780154684712246e+00, 7.957694522012905e-01, 1.239665957139733e+00, -1.758543434783793e+00, 6.043349075212174e-01, -1.282709192059482e+00, -1.635991800099488e-01, 4.443747402165545e-02, -4.598798909443183e-01, 5.964840016543045e-01, 6.917358612187026e-01, -9.232733735089052e-03, 2.256418454293641e-03, 3.172962052708595e-02, -3.961480165672066e-01, -1.565839559603946e-01, 1.523876708615699e-01, 1.454626020441532e-01, 1.230819566581601e-02, 1.663313517290158e-02, -1.041934776193084e-01, -1.403037536734392e-01, -1.385591246314543e-02, -2.190463986874813e-02, -3.560772316465542e-02, -7.725533224494310e-03, 2.151276520930763e-02, -8.567846596933808e-02, 1.447888044917902e-01, 5.370550316867403e-04, -2.205444924937548e-02, 8.208481202724350e-04, 1.078613717090162e-02, 1.684356546750914e-02, 3.672360567583779e-02, 3.515579024272155e-02, 6.560610213006962e-03, 1.444424910681290e-03, 6.845494254634789e-03, -1.740283252273116e-02, 1.017912972979017e-02, 1.570261956747250e-01, 3.689700756453181e-02, 4.342304288912901e-03, -2.537110118940104e-04, -7.548393808995594e-04, 8.156114019133229e-03, 4.391308673662705e-03, -1.075464431534499e-02, -4.389135712583737e-03, 1.968175954726402e-03, -5.393510034115073e-03, -1.939770722556739e-03, -1.036463296392181e-02, 6.116679464612572e-03, -2.912514368773950e-02, 8.592545801236192e-03, -3.125258956025391e-02, 5.296063103206118e-03, 1.502815504213888e-03, 2.438665806726315e-03, 1.191331750172064e-03, 1.465745872526355e-02, 6.194578697740409e-03, 1.124798561521202e-03, 6.056403903360384e-02, -7.110106581880847e-01, -1.866393313533068e-01, 2.876316019638172e+00, -1.207995682988492e+00, 2.776012602197992e+00, -3.662050658780416e-01, 5.421594068229812e-01, -3.267230160868615e+00, 1.695624698271814e+00, -6.797103965891566e-02, -3.368801582683387e-01, -4.539296617163057e-01, -1.600785555689960e-01, -4.566633466894005e-02, -9.897799904163800e-02, -2.658430367949284e-01, 8.779749856540157e-02, -5.434522460759871e-02, -7.560779704066471e-02, 1.745415938489290e-02, -9.211550632751181e-02, 3.851707190789410e-02, -1.246111501842048e-01, 3.497887623633452e-04, -1.202638824751148e-02, 4.480550850727510e-02, 3.068205983550913e-02, -1.880042912701704e-02, -2.139007680974818e-03, 1.251022599797642e-01, -1.906920278839611e-02, 5.444734901778192e-02, -1.753202316416150e-02, -1.927769671761926e-02, 9.919920025794195e-03, -5.166410884273020e-03, -6.417839715994754e-03, -4.389092052083727e-03, -5.295682888880214e-03, -8.075883076098373e-05, -3.249286928184864e-03, 5.445958516560320e-03, -3.744771366586111e-03, -8.240114871636736e-02, 1.056248064146880e-02, -6.367175947184444e-03, -5.907907923168416e-03, -5.726600145751536e-03, -1.630727068868454e-02, -9.019006999694065e-03, -7.225196483554289e-04, -4.904336414526558e-03, -2.937106286523366e-03, 3.792117029851074e-03, 2.804786499945884e-03, -2.054548621148521e-02, -5.538025051474815e-04, -1.841613931034927e-02, 2.258647392403056e-03, 2.220452545493528e-02, 3.168792546307442e-02, 5.212940382117846e-03, 1.678642616781647e-02, 1.160942137884083e-03, -1.245370955164645e-02, 4.254123689118876e-03, -4.268242240411206e-03, 1.632022008608910e-03, -5.323094861026011e-02, -2.326659748550765e-02, 2.219162756816468e+00, 1.654592293619725e+00, -1.095436945345858e+00, 1.763387806492955e+00, 8.396620906587376e-01, 6.556481227718841e-01, -1.449068024058264e+00, -7.497068758863006e-01, -3.983045656637819e-01, -3.230330658556213e-01, -8.942574077626262e-01, -3.004709636924826e-01, -3.293291087865454e-02, -8.524010317749983e-02, -1.603326150014094e-01, -7.047213720660758e-02, -1.094060219682349e-02, -5.002507637308570e-02, 8.780991028667788e-02, -8.202824210836160e-02, 3.919679956870524e-02, -5.456501096745411e-02, -2.103252470851650e-02, 3.630538391770138e-03, 1.000586212858208e-01, 3.150845244207123e-02, -1.636077953855287e-02, 4.335097147297589e-03, 7.434782684541705e-02, -7.056795798536470e-03, 3.174271067978487e-02, -1.306345514835676e-02, -3.773801175578598e-02, 6.602871542883699e-03, -4.912034143239196e-03, 6.241004163537425e-03, -8.177798413736739e-03, -4.244390870384982e-03, -1.075976328037615e-02, -2.535405953548747e-03, -1.097750625825827e-02, 3.245410111507563e-03, -5.262674336151711e-02, 1.343935616765016e-02, 1.944176331019791e-02, -2.291971792361165e-02, 9.770735259719967e-03, -8.958709064494214e-03, 4.492653961036960e-03, -8.470376895719770e-04, 9.575829452075020e-04, -1.829833668337798e-03, 4.530867474608579e-03, 2.176652800345458e-03, 1.537614873297458e-03, -2.115921073936183e-03, -6.091888328613641e-03, -6.925789441052985e-03, 1.155824447911527e-02, -4.958074599028714e-03, -6.645334460521988e-03, 4.734805799554461e-04, -3.587764141137448e-03, 7.270570721730082e-05, -6.569270180238018e-03, -1.122629452504892e-03, 1.004069265972013e-03, 7.497469353746181e-04, 3.262910529317990e-02, -9.662666198998693e-02, 2.367356012199288e-01, 7.467224291728445e-01, 9.096902764791151e-02, 3.262604279298929e-01, -2.899120000938505e-01, 4.090655666835983e-02, -2.073638888197858e-01, -1.279304367634486e-01, -1.647769656888868e-01, -1.744978960307944e-01, 3.270617018469194e-02, 5.787079744863494e-02, 7.083126959464534e-03, -1.223886530428649e-02, -1.555631206403294e-01, -1.299407964361577e-01, 5.914455126530149e-02, -5.426854405066298e-02, 7.080864063133584e-03, -2.543772593511922e-02, 1.027285907044479e-02, -4.348015668021215e-03, -1.895003170612851e-02, -4.282132510587273e-03, 3.631828068323946e-02, -1.255658583599639e-02, 5.051086681057726e-03, 3.181050389071329e-04, 4.312094657551946e-02, -3.785595159723169e-02, -5.009058482925304e-03, -2.402865585283026e-02, 5.658595020077637e-03, 1.128975195459626e-03, -7.065172269497730e-03, -1.415245261992398e-03, -1.005345783071314e-02, 7.760213459123855e-03, -5.069451316583769e-03, -4.442676506078772e-03, 5.941142026069037e-03, 2.099207955037626e-03, -1.969429297670226e-01, 1.042214366931703e-01, -2.232805566562089e-02, -2.969934273813132e-02, -2.722659945404908e-02, -4.128564360653637e-03, -3.818618039841362e-03, 5.529304222140971e-04, -6.101651674356076e-03, -2.767734511080668e-03, -5.330350077320423e-03, -3.162017531197652e-03, -1.840264737120896e-03, -1.072231621708669e-03, 1.803848229673231e-01, -3.229548282807017e-02, -1.232216760072381e-02, 8.358490214162992e-02, -2.558386917048393e-02, -3.800322685738165e-02, -8.530911649979759e-04, 7.345186474694601e-03, 1.467966857736841e-02, 1.540209341657417e-02, 9.043863762195297e-04, 3.897178830215794e-03, -3.786610125780245e-04, -1.190360977427887e-04, 5.549971366522025e-02, 5.552205535938307e-02, -1.317151674623012e-01, -1.292205524746091e-01, 1.436172480113236e-01, -5.782329705039111e-02, 1.340205086970923e-01, 3.493252437897315e-03, -1.247742022928101e-02, 3.188383327722610e-02, -5.511212149948024e-02, 5.193269170834039e-03, 6.512294577430085e-02, -1.548172700289367e-04, 4.785503930892249e-03, -1.084273985302316e-01, -1.038920882770671e-01, -4.521208047994378e-02, -5.047185818038236e-02, 9.891677327985361e-03, -5.405869849969271e-03, 2.396795346414639e-02, -6.775472369300421e-03, 6.075020180888758e-03, -1.001121475240645e-02, 1.946392616147109e-02, 3.244125437358619e-03, 5.119901559773148e-04, 2.689972225916321e-06, 9.528968893945315e-02, -2.246467426718614e-02, -2.632769909540638e-02, -4.751763947198744e-03, 4.078122521906343e-03, 1.643055176531135e-03, 3.986116473670340e-03, -1.340546082441639e-03, -4.725228956144726e-03, 2.338132505422022e-03, -2.906668479799632e-03, 8.363128773883177e-04, 1.105313297247002e-03, 3.930649821932619e-04, -1.589666954606994e-01, 9.114591599760198e-03, -4.169826792819353e-02, 9.946797206444315e-03, -7.458133306288664e-03, 5.518296532254631e-04, 1.850965613311449e-04, 8.426675534262501e-04, -1.755521274253955e-03, -4.488932309043930e-03, 4.098774252420119e-03, -6.402389409106388e-04, -3.651607484280299e-04, 3.079685391978237e-04, 7.513237772162705e-02, -1.754418334711483e-01, -1.063092810603477e-01, 1.982628350572644e-02, 5.914003380426371e-02, 1.958615185031553e-02, 4.426461137237467e-03, 6.401567884296865e-03, -1.735946239554662e-05, -1.161341924415842e-03, 4.584538342258006e-03, 3.380004079684329e-03, 1.551782647143922e-04, 3.804478460581246e-04, -1.177010210932329e-01, -9.339763996755861e+00, 1.564495527669663e+01, 7.943927142365224e+00, -4.425480653408068e+00, 1.328961076405583e+00, 2.274519480700127e+00, 1.049124610907252e+00, -1.792527508259041e+00, -2.328340602520915e-01, -8.648057701476528e-01, -2.082825444158748e+00, -8.688385402854224e-01, -1.890943897744600e-01, -6.937134288552334e-02, 1.358570669502154e+00, 1.554315665854497e+00, -3.061683733282263e+00, 4.705264706413093e-01, -4.991853065397300e-02, 5.623773626599164e-01, -3.083143110771520e-01, 7.206867145714796e-01, -4.930460932010684e-01, -4.114682524419299e-02, 6.309462039576400e-02, -2.841150305405939e-02, -9.505125327407490e-03, -9.805555925682469e-02, 3.604046138588741e-01, -1.619168537032472e+00, 3.083854954154220e-01, -1.246821277242433e+00, 4.378452396512731e-01, 8.086521946065711e-02, 1.241276957791873e-01, -2.802715944582671e-01, -5.382592125733771e-03, -1.501675568072042e-01, -8.740141568895814e-02, 3.156812316887598e-02, 5.175228884888180e-03, -1.124339595393529e-01, -1.068347856050878e-01, 9.415939037654419e-02, -2.225758765585696e-01, 7.900701026614944e-02, 1.935347503773418e-01, 1.203442858481719e-01, 8.723913319917526e-03, 1.100836295044333e-01, -4.772327872951584e-02, 3.955169280473261e-02, 5.366236590489549e-02, -2.371190226905159e-02, 3.893672064360530e-03, 1.090837720936709e-01, 1.192344761442990e-01, 9.159714130414008e-02, 3.625070007289035e-01, -1.498490522535955e-01, -3.537233575716096e-01, -1.000380002852841e-01, 1.749022990179780e-03, -8.840548442469201e-02, 9.252326180178178e-02, -6.113490605153185e-02, -3.111547397613741e-02, 3.246913214206630e-03, -3.796806924848376e-03, -1.813688666370100e-02, 5.669177008454988e-02, 1.540390868171338e-01, -4.772255594445483e-02, 7.900111642265102e+00, 3.305111123819607e+00, -5.474700141509570e+00, -4.520623647872057e-01, -1.090723902152544e+00, 1.583576952531459e+00, -2.221371613435102e+00, 4.036750063090474e-02, 6.862582315248565e-01, 6.455908985253846e-01, 4.105237582446197e-01, 7.363239859397036e-01, -3.091043812418559e-01, -1.138246888133676e-01, 7.478799068873105e-01, 3.231127712966846e-01, -8.118555805712726e-01, 1.000327474042618e-02, -2.973242341661262e-01, 6.100160707098641e-01, 2.854146745421368e-02, 1.111560865991493e-01, -2.135897320026699e-01, -8.338876042393820e-03, 1.421837443096554e-01, -1.314913174805888e-01, -1.137814187180036e-01, -1.369726811358915e-01, 3.291568119254866e-01, -1.062418735169324e-01, -4.663225423519741e-01, -8.045316401907221e-01, 2.079256313765659e-01, 9.007529441551159e-03, 1.345482931013538e-01, -6.430439246484417e-02, -3.385614100344813e-03, -1.360157474436456e-01, -1.246242083972892e-01, 5.492001348373207e-02, 3.880887804620223e-02, -1.016145782163959e-01, 3.256019713743670e-02, -2.000023031568028e-01, -5.284376960436716e-02, -6.867548893183319e-02, 2.330210244291906e-01, 1.519661329216355e-02, -5.329837571821518e-02, 2.118274983611980e-02, -6.429772732139754e-03, 6.761497177393527e-02, 4.588174767867449e-02, -2.639424557814668e-02, -8.434786906549880e-03, 2.179731022678975e-01, 2.212331197952946e-02, -4.674675506627868e-01, -3.434850119240566e-01, -7.599631121513759e-02, -8.553675465179203e-02, 7.982143575911903e-02, 5.055090797009750e-02, 2.159745201089356e-02, -1.681073666166250e-02, -1.070932633623402e-01, -7.503405918582833e-02, -1.326243619325771e-02, -1.203181755535511e-03, -6.385476802565878e-04, 2.870943614501785e-02, 1.916207888676923e-02, 5.579752762019859e-02, -2.435357258441674e-01, -3.867347916627258e+00, 7.987663435465772e+00, 3.643421202628264e+00, 1.442339513836383e+00, 1.373758218880736e+00, -1.222527104466086e+00, -6.195360853749934e-01, -8.394934499714463e-02, -1.451802306477985e+00, -1.272584012173080e+00, 5.245376652813662e-01, 5.522094375700484e-01, -4.001623415125253e-01, -1.082444814330278e-01, 1.135617799279345e+00, 3.877701316200827e-02, -1.588651800859676e+00, -5.951840669547757e-01, -1.486167264690118e-01, 5.163088744175025e-01, 2.879302270815971e-02, -6.649547278589535e-02, -1.383458918162490e-01, -5.864997584661440e-02, -2.649976157140765e-02, -2.027435810806459e-02, 1.084275781323013e-01, -4.323087933382843e-02, 1.337563747703107e-01, -1.936961350792862e-01, 3.286808790750143e-03, -2.265603236952480e-01, 1.604745213447097e-01, -9.781286904933444e-02, 1.934574662728505e-02, 4.187898569543531e-03, 3.329521691661233e-02, 2.503210347217970e-03, -3.253942629232809e-02, 2.345507450470949e-02, -3.379564547692079e-02, 2.847878311298058e-03, -3.876705751145237e-02, -2.875689618348757e-01, -5.212589067091031e-02, 4.081975214951224e-02, 4.256650934710982e-02, 1.075968780415141e-01, 1.851734284892870e-02, 5.865602284413209e-02, 1.044983985974273e-02, 2.086285391572694e-02, 3.205333496253108e-02, -5.836874802069213e-03, 1.639484522316865e-02, 4.630750880771886e-02, 2.523199494238244e-02, -3.782742697937686e-03, -1.279353516783953e-01, 2.226619630849821e-01, -2.327658966536153e-01, -1.735646578213883e-01, -1.437143733745265e-01, -2.977237018326415e-02, 3.459955199788192e-02, 1.714942799657631e-02, 8.456142695162875e-03, -1.513964411850110e-02, -3.080024009708891e-02, 9.580502343649150e-03, 5.390612084669583e-02, 2.191371799396187e-01, 1.227803753542321e-01, -1.105890695575163e-01, 1.118005999125591e-01, -1.261116854764437e+00, -2.450411016000662e+00, -1.921533943366715e+00, 6.527311710925839e-01, -1.998617208608880e+00, -4.911979963608538e-01, 3.370315083566660e-01, 8.317497709901975e-02, 4.090594315380298e-01, -4.009243325239295e-01, 3.384099118954177e-01, -1.656615526296419e-01, 3.090158495037661e-01, 4.654516163391748e-03, -5.290454770873604e-01, 4.116772055704304e-02, 3.137317041382295e-01, -1.726036870489424e-01, -2.377790133871336e-01, -4.086184334507501e-01, 9.850415322572452e-02, -1.106451086727495e-01, 1.049301836902025e-01, 5.962890941550027e-03, -5.112873382120069e-02, 7.592553036238532e-02, -4.852655623513972e-03, -3.145152425620915e-02, -1.169076547365353e-01, -1.238132893175986e-01, 2.375310052784975e-01, 2.448119778707994e-01, 5.995197279359317e-02, 7.499486226078839e-02, -4.695629660307812e-02, -9.900988883306273e-03, -5.561529986355022e-02, 4.807171863135738e-03, 2.792683435975377e-02, -3.414048134928414e-02, 4.184343167039427e-03, -6.400162837621075e-02, 1.255869442026121e-02, 2.942518226440037e-01, -8.651904345967891e-02, -9.482958052300549e-03, -1.399777298865623e-01, -6.352165108339709e-02, 7.237561578744113e-03, -2.948331343283163e-02, 7.202169640080408e-03, -3.141797879873202e-02, -3.869045706777163e-02, 2.394954813834685e-02, -6.578717160636844e-03, -1.190837273787947e-01, 3.861571617796835e-02, -3.572700770307797e-01, 9.772010786705128e-02, -2.125094836044505e-01, 1.396274418446614e-01, 6.311152831942926e-02, 1.412043915802790e-02, 7.979483407548980e-03, -4.220719344330828e-02, 5.610804194349279e-03, 2.443028794189999e-02, -3.587299925876879e-03, 2.409062082525400e-02, -2.967705091392436e-02, -3.852950615591709e-04, 6.173454061008199e-02, 2.342399460646075e-02, 1.390704497077355e-01, -3.241405247808566e-02, -1.451586657092861e-01, -3.239407423375598e+00, -1.169169795240206e+00, -1.219519215159242e+00, 2.337114113670653e+00, -1.199443692522759e-01, 3.203753894457820e-01, 3.998141096611449e-01, 1.719641783629421e-01, 8.463373249048980e-01, 1.128682726920165e-01, -1.896782351735982e-01, 4.173413096087655e-01, 1.190677246817275e-01, -5.285030181699331e-02, -3.740560739746308e-01, 4.256888759208727e-01, 5.038802851600368e-01, 1.429471158433995e-01, 1.536436990139761e-01, -1.702967689692470e-01, 4.549838086839261e-02, 1.431174187006616e-01, -5.072733153051420e-02, 1.710514957011071e-02, -4.956102680355145e-02, 4.663621380953802e-02, -6.561080833931386e-02, -2.838616079900006e-02, -8.095258846928728e-03, -3.026668942255370e-01, 4.164501956781615e-02, 7.943347183484077e-03, -5.195488364495488e-02, -1.853618959531869e-02, -5.744083119746880e-02, -3.491066856591848e-02, 7.260846254804798e-03, 4.378597536302282e-03, 3.305252003474467e-02, -1.827878751545840e-02, 1.609651204342514e-02, -1.878452675763794e-02, 1.781146378381486e-02, 4.023354422252181e-01, -9.142206429653540e-02, 6.858741864635397e-02, 1.573420313890907e-02, 1.949038083962089e-03, 2.611114685609934e-02, 2.673981811073576e-02, 2.243397634406721e-02, 1.551558824244967e-02, 1.144092771463593e-04, -3.300936616202077e-03, -1.796592731581728e-02, 1.309495375691901e-02, -3.611592916628491e-02, -3.227817124877349e-01, -1.448667529765434e-01, -1.376897707438221e-01, 4.558310257211418e-02, -1.065821145553150e-02, -7.193143780819372e-02, -3.168838289372948e-02, -1.664934055601630e-02, -1.878736543387054e-02, 6.759615416404807e-03, 1.443674846405995e-02, 1.286038828993455e-02, 2.902530367884634e-03, -2.262304676851014e-03, 8.104914991311875e-02, 6.859304044344393e-02, 6.575612152856082e-02, -6.047694373004326e-02, 3.823743679406804e-03, -1.154813086229632e-01, -1.496719220190118e+00, -1.815729693689850e+00, 7.850335482111163e-01, -2.385753785677442e-02, -3.806351986538221e-01, 6.097022675617157e-02, -5.641357516853114e-01, -1.616422523272184e-01, 1.530899141913070e-01, 4.471994137472974e-02, 8.068521005717755e-01, 4.311224939731881e-01, -6.742891597530448e-02, -2.803749597915597e-02, -1.980930602019780e-01, -6.876321548178803e-02, 3.299111512071192e-01, 2.028493459698513e-01, 7.916886538063399e-02, -1.588589726330648e-01, -9.256292244891934e-03, -3.137443287597181e-03, 5.431622785713791e-02, 6.280539629772162e-02, 1.566103536708786e-02, -4.304774734202228e-02, -1.275572498049555e-02, -1.577226123022740e-02, 6.143461270363328e-03, -1.295033045593645e-04, 5.222436203254009e-02, 1.442844253289879e-02, -2.968688347912637e-02, 8.332207788742191e-03, -9.432237859409852e-03, -1.899475867318530e-03, 6.084653199238030e-03, 1.453331557099978e-02, 3.702684505681600e-03, -5.823171227853016e-04, 2.288019155071122e-03, -1.814126190198566e-02, 3.643638616948972e-03, -8.279147615823436e-03, -3.079729228496951e-02, 7.038945354015044e-02, 1.552808794922716e-02, -2.372285782570311e-02, -2.513578599715004e-03, -1.823490938816362e-03, -1.665631399471519e-03, -3.950604769653788e-04, -7.983879926375965e-04, -2.569169923144552e-04, -1.552054786992328e-03, -6.399390190271695e-03, -9.454355425715982e-04, -7.414362632929988e-02, -1.467323676587295e-01, -4.044547962098940e-02, 3.585408392369284e-02, 2.170360190809419e-02, -5.890479416451979e-04, -3.293307327105864e-03, -1.206811880739428e-02, 4.374997214920000e-03, -5.248563992674284e-03, 5.291310802248146e-03, 5.906031609218118e-03, -7.526181255689301e-03, 3.743836326773984e-04, 4.511743009602346e-02, 5.363574538850843e-02, 3.408198236842991e-02, -3.665038531444336e-02, 1.904071239253313e-02, 4.336081543055020e-03, -1.325317776473294e-01, -1.176778070420384e+00, 1.111684711454004e+00, 1.292356183216875e-01, -1.194933235197226e+00, -4.973174346256455e-01, -2.067683782706515e-01, 1.498297384410565e-01, 2.920354896496873e-01, -3.982119839805366e-01, 6.000829764811492e-01, 2.628862414050036e-01, 2.679445126568998e-02, 7.128490783321745e-02, -2.054682494155526e-02, -2.418649227976864e-02, -7.375693762826874e-02, 1.738831208399198e-01, 3.810305772304031e-01, 4.972261786174968e-02, -2.187492961755202e-02, 1.145129830047881e-01, 1.211168347854217e-01, -5.068230790837769e-03, -2.334769115674293e-02, 9.976864211554051e-03, 9.266554833903089e-03, 6.792566537256996e-03, -7.588995963189204e-03, 2.066274975039867e-02, -4.494282268794424e-02, 1.176906518763582e-03, -3.463538949205930e-02, -1.536043910783574e-02, 8.643287380803371e-03, -1.267959165004995e-02, -1.487521052027518e-03, 2.132287709172128e-02, 1.458965474091550e-02, -2.164985801417754e-03, 2.300697212508332e-03, 1.379251343912174e-03, -8.530529356386197e-03, 1.690415929811245e-03, -5.641844134660739e-02, 6.166220690900999e-03, 9.781990895996584e-02, -1.711112479261407e-02, -5.611367174976845e-03, 4.907130092772030e-03, 1.913139765394445e-03, -3.414321260842340e-03, 7.868160572203051e-03, 1.113302061518810e-02, -3.765700260549219e-03, -3.525847798772163e-03, 1.654399219571025e-03, -6.274225287116622e-03, -9.027399054824453e-02, -5.880610052273703e-02, 8.716955406877781e-02, -2.769675692589138e-03, -2.269567064450522e-02, -2.851487206436606e-02, 2.631331085396312e-03, 1.125326799228082e-02, 1.552462450622189e-03, -3.387538085102902e-03, 6.864263604351144e-03, -4.801669371981848e-04, -8.346738881638111e-03, -1.043910425163875e-03, 4.861349614314461e-02, 5.172214894417854e-02, -2.729570168041635e-02, 7.492233228786747e-03, 6.636586719880942e-03, 6.648839210813197e-03, 7.663753044788807e-05, -1.470032290278290e-01, 4.634744442730224e-01, -1.089327570236597e+00, -5.033682613231723e-01, 8.503634804697365e-01, -4.085201803300772e-02, 5.570134457383757e-01, 1.113008072875351e-01, 5.107665922448017e-02, 1.015485698164041e+00, -5.256977792120705e-01, -4.560758278412191e-02, 9.965532619430374e-03, -5.837131062215718e-02, -2.393828636183855e-02, 1.331837729604591e-01, 1.512120522816251e-01, 9.158486451378178e-02, 1.307062009923681e-01, 1.893258893632325e-01, 7.414370624437758e-02, 7.420939737003068e-02, -3.612141353975708e-02, 6.959442339023014e-04, -5.631032656803994e-02, -6.824537889578711e-02, 3.442371366856012e-02, 3.004671238146404e-02, -8.981666266209906e-03, 6.306792257832962e-03, -1.750265983938437e-01, 6.387365172053920e-03, -6.686365487556138e-02, -1.380603849236883e-02, 1.656514610568161e-02, -1.982628380038423e-03, 1.563563201812944e-02, 3.717621674441749e-03, 2.121102417870820e-02, 1.032968868926692e-02, 4.372054830353936e-03, 1.670488314091271e-03, -6.651346111505424e-03, -1.738295199945510e-03, 1.580827401436885e-02, -6.086179155092366e-02, 6.399247733254827e-02, 5.783865925943901e-03, -1.864738618507524e-03, 1.127423070604103e-02, 1.628967102163003e-03, 2.242641719411342e-03, -1.308287713552509e-03, 4.760034497837230e-03, -3.742643790195006e-03, 8.545818646108624e-04, 6.878412049485271e-03, -5.166696162910220e-03, -1.421263506636718e-02, 6.405266329080758e-02, 5.314159578645686e-02, -2.949958111316549e-02, -1.389521605333109e-02, -2.980384282419920e-02, 1.134022162695967e-02, -1.688173582078598e-03, 3.691505104273795e-03, 1.258195076121521e-03, 7.833731090606489e-03, 1.608426928099888e-03, 3.499991561407339e-03, -3.019110212556695e-04, 2.370291059657402e-02, 3.042952820146029e-02, -3.059674950119558e-02, 1.124220636176372e-02, 8.591019896164671e-04, 9.011269261339988e-03, -2.107035850195750e-04, 3.704682827307949e-04, -7.071346459720800e-03, -6.153268782218236e-01, 1.924061249834525e+00, -2.133177568634016e+00, 2.631233234880037e-01, -3.933629538628317e-01, 4.113565392665924e-01, 7.760481454585317e-01, -4.371340154297314e-01, 3.444651252896278e-02, 4.713301183936406e-01, -6.403676314968804e-02, 3.252651788429244e-01, 1.164043959105131e-02, 1.478941986524705e-03, 1.012086278710988e-01, -1.173730881568523e-01, 1.728617001355767e-01, -3.803930499642615e-02, 5.530140571293617e-02, 7.283088176370280e-02, 1.578929905585372e-02, -6.402630424269908e-03, -2.475200400676006e-02, -1.263640191700056e-01, -1.228257181963816e-02, -1.356646454118051e-04, 1.501149492431915e-02, -2.576784494115181e-03, 8.074032098780456e-03, -7.598964900643010e-03, -6.711979059201247e-02, -3.943202691423309e-02, 4.068324556313356e-02, 1.070864194987670e-02, 3.378095991391033e-03, 9.272067920070536e-03, 7.154028221089750e-04, 2.332320832437402e-02, -7.669434737050485e-03, 4.231995174218108e-03, 2.896042345498867e-03, -5.443163101497248e-03, -4.456856647360703e-03, -6.183509804791911e-02, -6.800808917937928e-03, 3.016674338901288e-02, -1.727706611781062e-02, 4.939453301764567e-03, 1.158780600672794e-02, 5.884918161096670e-03, 7.148366476823634e-03, 1.467358350057152e-03, 9.638534774637005e-03, -1.324746790598902e-03, -3.884494086258790e-04, 1.619661087027834e-02, -2.971368826665558e-04, 4.670227778627770e-02, 2.196907540315670e-02, 5.320109075748428e-02, -1.018900257663340e-02, -2.566635805462172e-02, -5.805348705581689e-03, 2.039166532148976e-03, -6.615747618800116e-04, 1.539844071353968e-02, -3.257009228073279e-03, 2.782707459043940e-03, 5.152366388219361e-03, 3.584383138909101e-03, -2.229478891535394e-03, 1.418679514834639e-02, 2.978631941812625e-02, -2.768332714411145e-02, 7.438484287907113e-03, 5.165367105189811e-03, -2.743965844347493e-03, -5.487572179167123e-03, -2.951928474292959e-03, -4.513592382757888e-03, 8.248635001002577e-02, 1.555964452331550e-01, 7.229208061025141e-01, -1.612808783001250e+00, 2.988539227543235e-01, -8.862428299449732e-01, 6.490301273359647e-01, -1.320580108299752e-01, 2.763104283849726e-01, 1.315271571369792e-02, 3.168876520450125e-01, 1.611277897818551e-01, 1.709635918351752e-01, -1.258098917668088e-01, 1.120340435988398e-02, 1.052234949050176e-01, 1.709006435188835e-03, 2.403059173120365e-01, -3.395348277033284e-02, 2.009103590145319e-02, 5.919002067656231e-02, 2.641084439782314e-02, 2.764851852678096e-02, 7.929270850563969e-03, -9.262849633344996e-03, 6.064092627974222e-03, -1.279457462639489e-02, -4.277993591801786e-03, -2.854021309668949e-03, 9.899012198565397e-03, 2.337251557157515e-02, -8.047772018305538e-02, -1.256670516634807e-03, 2.070237544253690e-02, 4.291988470181189e-03, 5.607508532115502e-03, 4.833325777562272e-03, 4.626622056253934e-03, 1.180045208029722e-02, 5.591873157857272e-03, 2.991257712325660e-03, 2.572101338395270e-03, -2.811200397000529e-03, -4.903334690691787e-03, -5.091729927691998e-02, 1.125830600628602e-02, -5.861887979576154e-04, -1.578648936318647e-03, 1.158421907934555e-02, 2.613381032763423e-03, 5.794977959278157e-03, 4.649302747895991e-03, -4.067427476845980e-03, 1.893692063006850e-03, -2.751733528500140e-03, -1.245003819209946e-03, 5.089931325432853e-03, -1.969851634984672e-03, 2.767483377983506e-02, -1.951260756731676e-02, 5.965501128970050e-02, -8.612676013246463e-03, -1.773017021968130e-02, -7.965385996107745e-03, -4.528551469339884e-03, -2.671490810983467e-03, 5.619191046384458e-03, -1.195300836774419e-03, 4.833569227547816e-03, 4.144208057174499e-03, 1.382349831542705e-03, 1.562111852122132e-04, -1.836252587914057e-02, 2.822849284891352e-02, -1.905970120534476e-02, 5.086733946217896e-03, -4.369257716416274e-03, 2.791942282697888e-03, -3.715781504358234e-03, -3.772900215741431e-03, -2.429146803286296e-03, -1.372447467512488e-03, 3.649155004009446e-02, 3.043518255630804e-01, -9.765057449933842e-01, -6.841147017341223e-01, 1.168037947086983e-01, 1.329034988624403e-01, -2.722292005373813e-01, 3.578545956138880e-01, -3.983654357819649e-02, 3.048283826948226e-01, -3.557543713087156e-01, -3.328939488686252e-01, -2.282407461036046e-01, 5.243201687466417e-02, -1.076241628495452e-03, -8.314991903797644e-02, 1.228328112948046e-01, -6.055878739681211e-02, 6.920671164556293e-02, -2.215462215007996e-02, -5.264246925750191e-02, -3.521382937508249e-02, 1.319718607892957e-02, -3.488273040644494e-02, 3.961001014944859e-02, 2.567753878332040e-02, -1.086576373048551e-02, -2.039249945394965e-02, 2.245764841323379e-04, -5.427270175139478e-05, -4.432154807737385e-02, 2.448234976710816e-02, -1.055333389203363e-02, -4.860542558102329e-03, -2.584436816415698e-03, -3.917093190886832e-03, -5.185596896194427e-03, 1.360643215823630e-02, -9.060490760982374e-03, -1.295406808356998e-03, 1.003202717441881e-05, 1.563658985615866e-03, 7.314026875343676e-03, 3.191657891526530e-03, 8.017024407122254e-03, -2.342681039291793e-02, 2.333072709964507e-02, -7.475749878218896e-04, -1.085728194525527e-03, 3.357065857220699e-03, 3.119460042922802e-03, -4.413921801836589e-03, 7.998808990726145e-03, 8.054086576076451e-04, 9.818554745952862e-05, -1.395467890411338e-03, 8.277560461439581e-03, 7.398274011194760e-05, -9.099881237805203e-03, -9.413098800356141e-03, -4.497801833860654e-02, 4.260958421215487e-03, 9.430684836707530e-03, 1.149631112251064e-03, 4.096791120313588e-03, 1.115623130347811e-02, -5.793728474433293e-04, 4.206159799578774e-03, -4.526177449680571e-03, -3.079837250936507e-03, -1.452468204999162e-03, -2.337474463048520e-03, 1.762149984101305e-02, 9.626128593468194e-03, 5.759089563324465e-03, -2.932907260183709e-03, -4.920936865768998e-03, -2.975797447137858e-03, -3.037685477013494e-03, -3.977811721681040e-03, -1.961288548211725e-03, -7.250754705478347e-04, 4.047044843312324e-04, 1.395126294765134e-02, -5.947056356441356e-01, 4.680049590412463e-01, -2.967147752361229e-01, -5.155216222406747e-02, 1.505526023967285e-01, -2.946705597940192e-01, 4.721049528127626e-01, -6.563895571225279e-01, -7.692119617820271e-02, 2.712337726277534e-01, 3.122599852629341e-01, 2.658632861317933e-01, -2.652189164038309e-01, -1.702522787056407e-04, -4.148970211196194e-02, 2.095864233717600e-02, -4.469092121362127e-02, -1.135672189997208e-02, -1.696927167858464e-02, -2.897531136423122e-02, -3.319131870326034e-02, 4.972794223563608e-02, 6.815431378893150e-03, -3.166262985903963e-02, -3.144547259205068e-02, -2.817777770699533e-04, 9.784845051780219e-03, -8.525925819951601e-04, 3.357572504666675e-03, -2.856623753539056e-02, 1.511703228515378e-02, -6.726486253889084e-03, 9.224377505894037e-03, 6.627806707136656e-03, 1.629356090986096e-03, -1.438388407333436e-02, -5.745846503694544e-04, 4.122794804959127e-03, 2.724856400938406e-03, -2.270003770450162e-03, -1.327714081380895e-03, 8.085738507155578e-05, -4.537624212945970e-04, 2.414434202202451e-02, -1.676797367073063e-03, 4.146183353624767e-03, -5.973365558459924e-03, -8.545146775264984e-03, 4.460469318512290e-04, 4.445964034260134e-03, 2.301284759185426e-03, 3.270852584168897e-03, 1.228503975198214e-03, -4.621743793749701e-04, -1.079223214056502e-03, 2.829898585125671e-03, -1.232107056366902e-03, 6.396373069488852e-03, 4.528206390056135e-03, -1.679222417698366e-02, 1.283169863541332e-02, -1.634064419693983e-03, -6.409827486133587e-04, -5.675001900209650e-03, 7.888924173094406e-04, -9.937241416639786e-04, -1.577793609776855e-03, -2.350273052348899e-03, -2.402024568200009e-03, -1.705461353125067e-03, 9.145333504437750e-05, 1.004870700814030e-03, -2.367875141178802e-03, 9.593189064670484e-03, -1.865535929415600e-03, 2.054481442723770e-03, -1.835560160187381e-03, 3.224031956190729e-04, -3.913542951723056e-03, -3.434375092059609e-03, -6.765788898427401e-04, 2.020477695068961e-03, 1.027664644593211e-03]
