elements:      [Te]
cutoff:        7.0
pair_type:     gaussian
feature_type:  gtinv
model_type:    4
max_p:         2
max_l:         12

gtinv_order:   3
gtinv_maxl:    [12, 6]
gtinv_sym:     [0, 0]
gtinv_version: 1

electrostatic: 0
mass:          [127.6]

n_pair_params: 6
pair_params:
- [0.5, 0.0]
- [0.5, 1.25]
- [0.5, 2.5]
- [0.5, 3.75]
- [0.5, 5.0]
- [0.0, 0.0]

n_type_pairs: 1
type_pairs:
- atom_type_pair:      [0, 0]
  pair_params_indices: [0, 1, 2, 3, 4, 5]

type_full:    1
type_indices: [0]

n_coeffs: 3834
coeffs: [-3.893314221263270e+00, 1.451171625654234e+01, -1.306157444735999e+01, 9.628973319039039e+00, -7.196797273202388e+00, -5.546247654116340e+00, -8.202895477908501e-01, -1.807254343058192e+01, 1.016065511743635e+01, 1.312028582471744e+01, 1.518409959355699e+00, -1.886732096209721e+01, 1.172234926775203e+01, -1.029128966177486e+01, -1.897245452932738e+01, 7.436155667663351e+00, -1.268899292546665e+01, -2.173460454477153e+01, 2.124103602164102e+01, -7.666252604292723e+00, -1.615936265694337e+00, 5.736412714453848e+01, 2.501491430445908e+01, -3.993879368366995e+00, -2.371987018722659e+01, -6.585567406110077e+01, -2.187965477938712e+02, -1.121192682799996e+02, -9.672903724161378e-01, -3.102738817167040e+01, 3.214447788357263e+01, 3.587450911905028e+01, 5.126155691098876e+01, -2.105930618706475e+02, 2.504613080780785e+01, -2.269658203471969e+01, 1.274879376558628e+02, -1.614827967453683e+02, 3.086652511400310e+01, 1.987760864961416e+02, 1.512509997229311e+02, 2.205127031210500e+02, -2.936366054280938e+01, 2.030243910148286e+02, -7.489478490452584e-01, 1.430241926830474e+00, 3.321058847362009e+00, 7.422803257853428e+00, -7.581408360825650e+00, -5.067021836449694e-01, -2.981909289808643e+00, 4.363270608646327e-01, 1.314173085253746e+00, 1.823234345330277e+00, 2.557252832552481e+00, -1.738982175861934e+00, 3.005282130170142e+00, 7.917910754241052e-01, -4.081251815865035e-01, 2.282282635171840e+01, 4.730898904771640e+00, 6.717641305945440e+00, -3.727854087431083e+00, -1.546197311909940e+00, -4.341345803733526e-01, -5.936835520388982e+01, -3.692778728406132e+01, -5.444379188611092e+01, -5.936695503117330e+01, -3.705775138632625e+01, -1.395091111186423e+00, -8.061831683378563e+01, -5.095713087860626e+01, -4.119067670851533e+01, -1.959609622988603e+01, 4.670587831028830e+01, 5.188832484635050e+00, -1.615891846001063e+00, -1.249516297785571e+01, 1.312176211883807e+01, -2.576296897661836e+01, 5.184304393627424e+00, -1.427659361847859e+01, -1.732377445352395e+00, 8.363316201283746e+00, 2.219994979410521e+00, -4.755224920779490e+00, -5.737529015516222e-01, -2.250759491743140e-01, 7.680250874036579e-02, 1.904273513519186e+00, 2.273221980314645e+00, -1.496459951380230e+00, 3.852085470744566e-01, 3.073539353288523e-02, 3.013990603665410e-01, 3.221282164760289e-01, 3.234151022006356e-01, 4.688872179683486e-01, 3.047764755784099e-01, -9.888031221238729e-02, 4.718552392229233e-02, 2.544518273967694e-02, 2.354232670335153e-01, -6.346870399758172e-01, 8.162909876793951e-01, -2.199809708554208e-01, -4.255307577047491e-01, -9.174337105003885e-02, -7.312826221632538e+00, -9.390456730906754e-01, 3.467156357009444e-01, 1.302000105055777e+00, 7.478824692505778e-01, 1.484115493658405e+00, 3.937576239293052e+00, -2.237380946701232e+00, -2.334795284949255e-01, -1.293346087034368e+00, 3.131987297503265e-01, 1.649881359837719e-01, 5.184849627405522e-02, -2.162031289579490e+00, -2.718224767173380e-01, -1.227714404955852e+00, -4.254738844972113e-01, -1.000847130566519e-01, 5.611407640473586e-01, 4.365592320289915e-01, -1.950907595114863e-01, -2.579626362397026e-02, 1.398151928380568e-02, -1.051443458271446e-01, -3.278682234650038e-03, 8.114719315183301e-01, 1.415743959946212e+00, -1.222789457876389e+00, 3.489359787349547e-01, 4.826652692329346e-01, 2.051843362392228e-01, 3.542248743654703e-01, 1.641503361646031e-01, 1.994070873478923e-01, 1.099092875805594e-01, -2.511084355710740e-02, -1.955548450000899e-02, -4.851174510414874e-04, -6.975861629789181e-01, 6.530983994850118e-01, 8.961967069757111e-02, 4.270085884341833e-02, 2.621122363099826e-02, 2.710370743493729e-02, 7.844742269011393e-01, -4.960339535135811e-01, 8.281951127882625e-01, -1.075813464170727e-01, 3.186101913410296e-02, -2.346288818870206e-01, 4.719557675199607e-01, -6.726101415879389e-01, -1.725526179053062e-01, 1.750661499643423e-01, -1.469003851439388e-01, 1.744316059538583e-01, -1.614005926319153e-01, 2.886091295752003e-01, -1.718591456647600e-01, 2.102477201971594e-01, 1.091692055755841e-01, -1.085470876801665e-01, 7.085663325734246e-03, 1.335121985547899e-01, -3.469263725179606e-05, -1.304185573560077e-01, -2.781982174811092e-02, -7.341185355913010e-02, -2.276795122892858e-03, -1.495357407426179e+00, -1.209251317419323e+00, 4.438682459574583e-01, -6.025129555126886e-01, -4.934238863138776e-01, 8.234934865232825e-02, 2.550692486024708e-01, 1.934433891778307e-01, -6.193657471618083e-02, -1.229397543945388e-01, 1.501792072901084e-01, 1.166281774283049e-01, 2.416286491662969e-02, 9.546481526379917e-01, -1.407551260562023e+00, 3.940400272323232e-01, -1.802816171427101e-01, 1.009242010478049e-01, -2.220213083692206e-01, 4.776745232291060e-01, 1.716999213853256e+00, 4.394447068680675e-01, -1.016070755624749e+00, 1.776539215730920e-01, -8.286239967872172e-01, -2.944875821028289e+00, -4.527007426281063e-01, -1.264194771195732e+00, 1.563008913412408e+00, -2.443437202941689e-01, -2.592469182284645e-01, 8.058496567907983e-02, 7.136250979697193e-01, -3.342558909076843e-01, -6.630289223581396e-01, 3.993418951745421e-02, 8.994870330612693e-02, 2.428521590781922e-01, -7.048275654240298e-02, 5.367979622137159e-02, 1.520787147225965e-01, 1.904793907165630e-02, -5.813092987258486e-02, 3.340718909953268e-03, 2.191923660078706e-01, 8.352182996970972e-01, -2.538678971172973e-01, -2.811391253031870e-01, -1.706982062479518e-01, 2.736629412638349e-02, 2.833684514126514e-02, -1.969114729512057e-02, 2.957873881039869e-02, -9.444191094539501e-03, -2.356402219053695e-02, -3.272413828641316e-02, 1.672255597134552e-03, -3.991669086059163e-01, -3.548608957406058e-02, 8.308244763131764e-02, -6.827748762845220e-02, -6.723676116545016e-02, 2.925168779575397e-02, -4.600075691535374e-01, -2.581778772947208e-01, -6.309136230410326e-01, -4.263718411348268e-01, -8.193585755642374e-02, 7.037150907322504e-01, 8.774427381485630e-01, 7.485060615273692e-01, 5.375823418718276e-01, -7.226174228671290e-01, -1.790883823277738e-01, -2.271011344761357e-01, 1.348672932844092e-01, -1.244807814417244e-02, 8.622901705003690e-02, 1.693214915264577e-01, -5.299732369256890e-02, -2.145370298814602e-01, -1.306961243529093e-01, -2.010228117474665e-01, 3.453670389155816e-02, 7.224109156491024e-02, 8.987400387798118e-03, 1.451171615744726e+01, -1.897245899222163e+01, -2.309534942055740e+02, 7.436153434820633e+00, -1.605384520068690e+02, 9.468448580214536e+01, 1.268899216315980e+01, 8.339012839672687e+01, 1.462268966749693e+01, 1.581252630331955e+02, -2.173460647820511e+01, 3.404826591627463e+00, 3.360721644220052e+01, 8.319277943143965e+01, 2.306466944597134e+01, 2.124103701257027e+01, 3.879300885184469e+01, -2.114689642596153e+01, -2.435178011171614e+01, -5.926468890321133e+00, -4.926857667360522e+00, -7.666252307543650e+00, -3.579044773517184e+01, 1.322802089300641e+00, -9.192424692427178e+01, -1.522789050197272e+01, 9.557511777159780e+00, 5.612866272694453e+01, 1.615937921820857e+00, 1.022162814277329e+02, 1.212343697868030e+01, -2.215189836483055e+01, -3.410385811143618e+00, -2.021111228771912e+01, -1.163640368790742e+01, -1.484830907273917e+01, 6.475599420771499e+00, 1.213939010842781e+02, -2.193096747996009e+01, -4.664338295784582e+01, -7.879723693254735e+00, -1.307816244788797e+01, 2.116446278596798e+01, 5.157987097342952e+00, -2.984796252450887e+01, -4.322143379594142e+00, -4.742380609695048e+01, -9.641351544784628e+00, -5.990739229768821e+01, 1.783480724000123e+00, 3.114564623233384e+01, 5.454574573831263e+01, -4.194890954798436e+01, 3.005841880764630e+01, 1.860769338298838e+01, 1.958851584619636e+01, -2.212819024881780e+02, -2.159908330355055e+01, -5.719982124378126e+01, -6.834712022122157e+01, 3.127669796054478e+01, -1.861127410144238e+01, 6.573559176590103e+01, 2.589682812856896e+01, 2.240630513601608e+01, 3.768306441506272e+01, 1.022913460534022e+01, 2.137310458306797e+02, -5.681651742137588e+00, -6.734752298494330e+01, -4.551567215404000e+01, -3.930440059790649e+01, 5.072181938618525e+01, -2.930762029616102e+01, 3.646812534907039e+00, 2.431428464376492e+01, 3.081669447846965e+01, -2.737112422684389e+00, -4.843861450937491e-02, -1.668978307656963e+02, -2.295699623252094e+01, -3.132172088818959e+00, -1.018704894060484e+02, 2.870161269875556e+00, 1.852997219496044e+01, 4.693550560673057e+01, 4.597527190691026e+01, 3.262284182547706e+00, 8.728820488045926e+00, 3.898963600747314e+01, -3.372327202570285e+01, 2.366600006455312e+01, 7.591013444556167e+01, 1.674173390781531e+01, -3.850082448574000e+01, 4.084288740848346e+01, 1.905894864498552e+01, -2.757775149720490e+00, 4.114996025502164e+00, -1.010166806630504e+01, 4.772403420062485e+00, -5.022029549020598e+00, -1.697466788224122e+01, -1.008107935190063e+01, -3.231714921042070e+01, 7.715803675495739e+00, -9.844316703278464e+00, -3.863458146747762e+00, 6.215814069256930e+00, -1.797320268760200e+01, 9.326919495631669e+00, -2.114791969636789e+00, 2.537776658521777e+00, 1.533077662735874e+00, 2.516333517545416e+00, 2.554564137005270e+01, -4.198102200497974e+00, 8.438323865219393e+00, 1.928849770934516e+01, 1.430241926080686e+00, -3.161743528483740e+00, 3.165616501736793e+00, -1.085419464117271e+02, -1.063672091508435e+01, -4.804500526889438e+01, 2.031901480747326e+01, -4.112390868027538e+00, 6.488439602025514e+01, -1.296743559222260e+00, 8.721854339888369e+00, 6.445523299180340e+01, 2.417563494527986e+01, 3.504677156827075e+01, 3.658084624775287e+01, -4.081248066305631e-01, 1.739688473937020e-01, 7.282215712322544e+01, -4.191901641027563e+02, 1.823055239337709e+02, 1.390340860275526e+02, 7.760992557849993e+01, 2.291488190119615e+01, -4.557313951191342e+01, -6.346198030874670e+01, -9.549743149517846e+00, -2.521957270530981e+01, -4.842210947481409e+01, 1.178617157319768e+01, 2.281373060820228e+00, 3.194264214473532e+01, 2.282282663605170e+01, -7.546484919872678e+00, -2.549652527834945e+00, -3.018340600315400e+01, 1.973898595145201e+02, -8.140608129603036e+00, -2.683414223446285e+01, -5.564276309303860e+00, -9.437370893102329e+00, -1.608945961377778e+01, -1.143086019087468e+01, -1.215597523378578e+00, -3.964667404757240e+01, 2.065864231615413e+01, 8.360599106467392e+00, 1.743604078787812e+01, -2.689456974168973e+01, -4.730898399163770e+00, -2.280836714668973e+01, 7.265143902955278e+01, -6.347633680794230e+01, 1.818521948786520e+01, 6.249871278772851e+01, 2.711954798294011e+00, -1.534483390779035e+01, -2.307747415992940e+01, 2.668932885648686e+01, -2.003683830412794e+00, 5.703816708751660e-01, 1.250539772526176e+01, 1.256489225898922e+01, 3.575516040847716e+00, 2.053760816135627e+01, -1.082031404068618e+01, 3.674890053853188e+01, 6.717641402517274e+00, 2.873595834656330e+01, 6.762728521920874e+01, -2.434868107992794e+01, -2.396891397153249e-01, -8.276302949441662e+00, 4.232410437513926e+01, 6.306590624938686e+01, 6.052796497465012e+01, 2.957670579647574e+01, -5.733486798936049e+01, -5.217954333502095e+01, -7.043086292656905e-01, -3.855124872488619e+01, -2.863675367187794e+01, -2.270451894273401e+01, -3.945236351634581e+01, 2.481473368570267e+01, -1.581324060005653e+01, -3.727854159758433e+00, 4.562322707124635e+00, -1.435313738364337e+01, 1.089533592212288e+01, -1.678340764679221e+01, 8.528124496390140e+00, 2.439789287856550e+00, 8.644988309584087e+01, -9.269764604803829e+01, -3.295308120680642e+01, 2.716467850894366e+01, 5.238375583308374e+00, 2.690417579943678e+01, -4.558980700574337e+00, 9.676456590078011e+00, 3.403776446069735e+01, -5.150611729271726e+01, 1.974132373597003e+01, -1.485143532095624e+01, -1.376285723378367e+01, -1.546197369900983e+00, 1.353352359031001e+01, -6.881726654500071e+01, 2.847779498622420e+01, -8.276945016098447e+00, -1.031926901424269e+01, -4.928626799080862e+00, -5.035992666386359e+00, 3.809984516807594e+01, 1.970514420517280e+01, 3.525120150351415e+00, 2.945232536256036e+01, -1.895419816060901e+01, -3.913907637174401e+00, 2.889058298047390e+00, -2.787668714522876e+01, -1.800082658179134e+01, 1.195145640364944e+01, -3.419690184077997e+01, 1.503996346926883e+01, -1.787144036240707e+01, 4.341345116666598e-01, 3.310238354894323e+00, -3.206214996118733e+01, -3.044308649167549e-01, -1.836690632670756e+00, 1.068295088150710e+01, -3.026456465591119e+00, 5.812942531965520e+00, -7.771886091941489e+00, -2.766108696191694e+01, -4.373712666094166e+01, -1.298258391505936e+01, 3.608784351176362e-01, 5.027813530771534e+00, 1.505116710610405e+01, 5.019558324510558e+00, 7.252168230135609e+00, 2.346624510739198e+01, -1.151672163526161e+01, 3.378879227260537e+00, -8.969850289378732e+00, -1.888666770006764e+01, -2.722591206483523e+00, -6.153973767993764e+00, -9.104750604528727e+00, 8.650734586360585e+00, -6.784037205842271e+00, -3.878077329401859e+00, 4.758409429753121e+00, 1.275708682720486e-01, 5.183594967694089e+00, -1.038630637327502e+00, 6.180019517400449e+01, 1.182307345735929e+02, 2.789142683691407e+01, 6.996609273761803e+01, -6.062885333243257e+01, -1.301343967569905e+01, -4.973994366584465e+01, -2.023945171517109e+01, -4.966716297956950e+01, -2.663714601249528e+01, -2.830933240666951e+01, 1.083051158415068e+01, 1.439505635647771e+01, -2.546584251054816e+00, 5.300803520506400e+00, 9.165369771812831e+00, -1.853950832212145e+00, 2.086574776148937e+00, 7.167056107227602e+00, -5.545409231589999e+00, 3.559159642194518e+00, 1.446766438812960e+00, -4.628657232303852e+00, -6.141363839698293e+00, -1.547158763346191e+02, 4.803283857816512e+01, -3.737140074673626e+01, 4.254480972412782e+00, -2.084523047376111e+01, -2.488663188965605e+01, 6.294644820019151e+01, -6.972306333735634e+00, 3.115673741033487e+00, -1.219640524290357e+01, -1.143040131924824e+01, -5.329166276737132e+00, -1.208009980322692e+01, -3.060537421141138e+00, -9.524238452215117e+00, -5.242417062393761e+01, 2.174819845469738e+01, 2.334270995968578e-01, 5.705254236923560e+00, -3.024092359359134e-01, 5.843783648967621e+00, -5.702708697258933e-02, 5.519808330453112e+00, -3.188129551989851e+00, -6.114876243137513e+00, 1.554139028272884e+02, -8.544998165091252e+01, -8.452576885223701e+00, -4.557607133920774e+01, 2.161872331620384e+01, 1.551150808210071e+01, -4.040536115868073e+01, 1.252542538347193e+01, 6.220723770783924e+01, -5.285858739153763e+00, -1.487363690829007e+01, 4.360960312454524e+00, -3.592482380855397e+01, -1.719962833160674e+00, -1.051170758343989e+01, 1.171126850284502e-01, 3.311424106228837e+00, -4.561723377423735e+00, 4.632512900153261e+00, -1.019202951250169e+01, 9.577039536657885e+00, 4.302570757800708e-01, 4.351730143191626e+00, 1.646712439673635e-01, -6.397050517676569e+00, 2.519928878447297e+00, -9.930480894897780e+00, 8.441278786398925e+01, 7.449202330561435e+00, -3.447335082555784e+01, -5.202794921464977e+01, -1.191657201240219e+01, -2.554501598820960e+01, 6.933870522268630e+00, 7.117563349574750e-01, -8.459960890163931e+00, -2.626168184849448e+00, 2.419754100771362e+01, 2.759649168062399e+01, 5.381246242987536e-01, -6.489580458183473e+00, 9.284798874179062e+00, -1.772772789164332e+01, 6.429955641305416e+00, -5.936376464406335e+00, 3.173500324662675e+00, 1.652681679839232e+00, 1.080122062118589e+00, -8.934183470120420e-02, 9.789361757598027e-01, -1.200798735250122e+00, -1.090484809375636e+00, -4.760613741223312e+00, 4.707457763908465e+00, 4.232980472213298e+01, 2.662616291814648e+01, 2.850172057950530e+01, 5.909408027860594e+01, -3.803234184735200e+01, -2.772335202091723e+01, -4.416279966523333e+00, -1.920127238728179e+01, 2.114724008780688e+01, -7.268619255781024e+00, 2.917738485296156e+01, 8.684815767399229e+00, 9.202074676748224e-02, -1.017236684006485e+01, 3.786844731562487e+00, -9.199159497159295e+00, -4.706399319742715e+00, 3.730964449605499e+00, -1.627397302061081e+00, 3.024890806838165e+00, 2.743077082009225e+00, 6.624854504126384e-01, 2.022690188465086e+00, -1.400207783919515e+00, -2.711192698285616e+00, 5.142338069530171e+00, 4.412793839010181e+00, -4.934589288252258e+00, -2.647634550114082e+01, 1.843144983068524e+00, -9.709105018000953e+00, -9.405807453718267e-01, 5.631491561127364e-01, 9.063925289695653e+00, 4.733980594125455e+00, 6.566792599129591e+00, 1.646839804611667e+01, -1.169807122425417e+01, 2.914431824081439e+00, -1.995935742291164e+00, 4.357308845163387e-01, 1.441857998459161e-01, 7.209944593513583e+00, 3.081371696391491e+00, 3.659446378442439e+00, -1.705474077528524e+00, -1.349491295528936e+00, 5.484089785526843e-01, -6.983606280234598e-01, -1.607413490542540e+00, -1.326303882813682e+00, -8.434695381099441e-01, 8.813945272996216e-01, 4.044179772593139e-01, 7.680250902199152e-02, 1.046556366503860e+00, 3.562938206939387e+01, -4.227210231542286e+01, -1.676476251639783e+01, 1.539498239233279e+00, -1.437214911543053e+01, -7.230242578907347e+00, 2.666715836371970e+01, -2.049262598484304e+01, 1.297722036398922e+01, 4.243686385034101e+01, -3.189103839834773e+01, 2.830974636311293e+01, 6.638240463044794e+00, 9.542242831870486e-02, 3.144160858321962e-01, 8.206542753123218e+00, -1.868050916727577e+01, 9.769395180585741e+00, 1.889692097213281e-03, 4.843209042968811e-01, 1.366888132027553e+00, -2.268600442718611e+00, 7.404579676361240e-01, -2.354509334727855e+00, -1.358854663938288e+00, -7.544220696325839e-03, -1.865139951223677e-01, 2.544518200938330e-02, 8.348740348179833e-03, 6.851934059103887e+00, -3.755868668403815e+02, 8.608950987056014e+02, -7.466842842459595e+02, 4.621409039511140e+02, -9.257085161348780e+01, 3.218913475849223e+02, 1.270299151227884e+02, -2.863217763319993e+02, -1.057554797961271e+02, 1.033598943588029e+02, -1.165929138147903e+02, 5.584476876189859e+01, -7.580169127605035e+01, 1.994967024082440e+00, 1.009045451638751e+01, -1.627008988592723e+01, -8.352708850734270e+01, -2.496784392270341e+01, -4.569725768618277e+01, -3.487897387087981e+00, 1.255256326455835e+00, 1.288156987807118e+01, 2.405652028839803e+00, 1.579237547547497e+01, 8.099404727418328e+00, -1.098561683741625e+01, -2.536336912816447e+00, 2.354232076331178e-01, 5.395084903400155e-01, 9.293608145918977e+00, -2.024251977307216e+01, 1.556250069978646e+03, -9.298060800920725e+02, 1.746299767829244e+02, -1.402797946995188e+02, -1.639733858543111e+02, 4.524880248292427e+00, -4.856955172542925e+00, -1.355973111668943e+02, -1.151413741660477e+02, 3.800174805368324e+01, 1.520494308157942e+02, 1.296208641088868e+02, 3.295608316872893e+02, -1.397759195645641e+00, 3.364166290725390e+01, -6.601843877694017e+01, -6.556302522229100e+01, 2.257301837570773e+01, 1.124148239271801e+01, 9.319568062761855e+00, 3.437246505341793e+01, -1.091804857883166e+00, -1.580343779836651e+01, -1.400760810944236e+01, -7.110953815847343e+00, 2.890676225063586e-01, -2.637618533538700e+00, 6.346869911547506e-01, -1.271998545044339e+00, 1.774441547388691e+01, 3.228011500952326e+00, 8.285880126522166e+00, -4.745241485474277e+02, -1.755233104754663e+02, 1.012931455364209e+02, -4.748190534002382e+01, 2.834631958907628e+02, -7.097189636974745e+01, -2.145761774328082e+01, 1.484270352598815e+02, 8.140896321333547e+01, 2.304865263026354e+01, 1.363759590052238e+02, 5.585661793447949e+01, -1.262938670872302e+02, 1.480498856121817e+00, -6.785760531248720e+00, 5.230412189079540e+00, 8.736886887391700e+00, 4.672009217049242e+00, -6.580373332387048e+00, -5.701386032426059e+00, -4.259591233944077e-01, 5.405521576083899e-01, 1.322893776693218e+00, 3.490800400955483e+00, 6.295154098673316e-01, -2.238502232906725e+00, 9.732504000417516e-01, 8.162909704455004e-01, 3.565203220111965e-01, 1.318969354739915e+01, -2.827122768838283e-02, 1.733561835870127e+00, -2.341291214584636e+00, -3.672211444627109e+02, 1.772405034576902e+02, 1.236082853911819e+02, 3.381584168343114e+01, -1.340515961888388e+02, 3.264043061354970e+01, -9.095435078639346e+00, -6.398293305654756e+01, -2.206394837156319e+00, -1.124203901517455e+02, 1.717568350384822e+02, 1.156827516672754e+02, -1.276028392568427e+02, -6.951292841701318e-01, 3.090653041886541e+00, -2.728914322365000e+01, -1.149691531420361e+01, 8.336088327517041e+00, 2.965638724873511e+00, -2.135235119416020e+00, -4.805255662248688e+00, 9.695294801830919e-01, 2.098197944642721e+00, -2.194815545285460e-02, -1.765154403801954e+00, 5.062127388335185e-01, 1.155265315297762e+00, -2.199809495889192e-01, -3.871752990455591e-02, 3.371535195066571e+00, -1.555760112471798e+00, -2.847180892232639e-01, 3.804542417594413e-01, -6.409227607022513e+00, 4.936912797008961e+02, -1.718379619001100e+02, 1.181021662225393e+02, 1.021825655991213e+02, 2.137844188672959e+01, -1.085738829693640e+02, -7.878017282667466e+01, 4.175836066426444e+01, -1.510268538581050e+02, -9.682329297563969e+01, 6.586693795616479e+01, 3.771129544785908e-01, 5.544122596821005e+01, -1.823128990639722e+00, 4.814664191779697e+00, -3.225908649169705e+01, -1.481741878910639e+01, -1.184045428237163e-01, -3.888554426702346e+00, -2.819967902617335e+00, 8.266690469520344e-01, 4.974524198026068e+00, 1.124624985465588e+00, 2.763253571923396e+00, -3.401849902611918e-01, -3.954993272340131e-01, 4.838945090684479e-02, -4.255307483147988e-01, -2.782874291519471e-01, 6.445815006351527e+00, 2.851370787126445e+00, 2.196651224169592e+00, -1.591005954615681e-01, 1.131516996703206e-01, 3.798038985286784e+00, -6.314138539432681e+01, 1.684486930245695e+02, -2.828919365433445e+02, 8.862433016036955e+01, 7.923474196685824e+01, 7.517901540555073e+00, 9.014569458423131e+01, -4.094822407645858e+01, 5.365446223044629e+01, -2.162763070975717e+01, 1.730490608004346e+01, -5.168483811813463e+00, -8.405291003137835e+01, 5.331822208665118e-01, 1.208843699611869e+00, -7.503355395461360e+00, -8.525810045499629e+00, 9.175808102207979e+00, 1.632368250383116e+00, -2.453106303046705e+00, -7.864154486410680e-01, -6.030053562499667e-02, 1.613590818624026e+00, 2.190041009101878e+00, 2.779702121194990e-01, -8.804030768682852e-01, -1.147258761496494e-01, 9.174337151264751e-02, 1.345789609712239e-01, 4.509878429267125e+00, 4.334983238282359e-01, 6.328006586569844e-01, -4.242862426158300e-02, 3.017529400061302e-01, -7.212612295926540e-02, -2.299753459705558e+00, 7.365757257315066e+01, -1.249562480950385e+02, -4.309804000983220e+01, 5.588629693650950e+01, -2.729175003706381e+01, 5.485624481565096e+01, -4.774696561613068e+01, 8.222104623652611e+01, -5.850843702421152e+01, -3.370117004635140e+01, -2.133368515179239e+01, -1.301512721484393e+02, -3.619024560510633e+01, -4.609809467581790e-01, 3.349480422771435e+00, -1.737912777187577e+01, -1.024955418295558e+01, 5.738853322763685e-01, -3.139686088001601e+00, 3.271510135522704e+00, 1.535508045686923e+00, 1.403134814231455e+00, -2.004139729760248e+00, 1.363553692550011e+00, -1.076481882818763e+00, 2.070541116399805e+00, -1.592281785206972e-01, -1.241681264135522e-01, -1.506098823279953e-01, 2.954832200205620e+00, 3.717096238999229e+00, 2.456929950872404e-01, 5.381458053981779e-01, 1.647086120915117e-02, 4.657446119663129e-01, -1.245874948998796e-02, -1.697417144365538e+00, -1.048330404722478e+00, -6.455277929752197e+01, -1.948878185371672e+02, 7.770793080403696e+01, 2.453067800322965e+01, 7.831494585996170e+01, 2.243985044472932e+01, 1.063803931521971e+01, 6.596702116407371e+01, -5.615014791245916e+01, 5.360180222819973e+01, -8.822320434496470e+01, -6.609538503912646e+01, -2.483526567200467e-01, 7.154415046339077e-01, -1.939040420592619e+01, 7.751136262076269e+00, 1.960041245377906e+00, 3.027745699769514e+00, -4.745924392627856e+00, -6.221224442687849e-01, 3.533424094344229e-01, 3.511318397981241e-01, 1.755718103221909e+00, -1.758709335012626e+00, 8.926349294943102e-01, 2.769702143082723e-01, -6.057168693477460e-02, -3.952772092434081e-02, 2.168823537629957e+00, 6.734394778893381e-01, -9.311049809854736e-01, 4.086268954191639e-02, 1.365005066782834e+00, -1.671188553388848e-01, 7.742114841156930e-02, -4.696424524289956e-02, -5.659157352887305e-01, 3.954663300668548e+02, -2.718649356150900e+01, -3.408451792014833e+02, 1.403169102522238e+02, 4.083403171344688e+01, 2.205804355979566e+00, 2.106003576267786e+01, 2.056936738103615e+01, 4.666642861951668e-01, -4.285568901579503e+01, -2.390373979572043e+01, -1.538227027629488e+01, -2.782353030325216e+01, -2.377937274646264e-01, 3.111194085744661e+00, -9.953516947435762e+00, -8.156664468210284e+00, -5.771524202460179e+00, 1.208711697808111e+00, 1.958194324449346e+00, -1.810348466842137e+00, 8.425280442325049e-01, -7.760625509329900e-03, -3.644643350124134e-01, -1.689495432379269e+00, 9.226830316817985e-01, 2.186772048770525e-01, -3.190492332306297e-01, 2.787471669071327e-02, -1.052461845522847e+00, 4.971940178283627e-01, -1.068083112436657e+00, 2.823207120719163e-01, 6.383967998582843e-02, 1.019512011360120e-01, -2.819286369707873e-01, -3.526397211042133e-01, -5.804091771811499e-02, -1.070176389803518e+00, 4.763252590257190e+02, -6.196083119285139e+01, -1.378679376224274e+02, -1.219218705244416e+02, -5.040324753760825e+01, -7.486266395725966e+01, -5.371869011419387e+01, 2.658506736573324e+01, 2.016270964347453e+01, -1.162049882357743e+01, 3.017048726459827e+01, -3.687291606032236e+00, 1.152423634796899e+01, -2.012336645637194e-01, 7.792963703532721e-02, -8.557766107985216e+00, -5.694134153131171e+00, -3.647452441891825e-02, 3.982000405263453e-01, 9.655633811652461e-01, -2.476293315382530e+00, 4.572016345617690e-01, 8.400393146641769e-01, -3.500733799560368e-01, 2.617645389545483e-01, -1.787855865420664e-01, -2.254131010927724e-01, -1.016378768251641e-01, -1.200825624279799e-01, -7.650136164097413e-01, 3.443476203168844e-01, -4.700919405814852e-01, -1.336601571788870e-02, 1.440999312684235e-01, 2.785667085254471e-02, 3.682945988699251e-03, -1.956306650885010e-02, 3.104085299444726e-02, -2.141876750895550e-03, 6.257666831113376e+00, 3.137943243266576e+01, 1.159861292256460e+01, -8.923800944394725e+01, -3.706779322141572e+01, -1.245523540123103e+01, -1.135593293488636e+02, 1.805075213017299e+01, 3.202677481421930e+01, 6.117945067096871e+01, 3.377639194445576e+01, -7.839629130014954e+01, 9.559378410150433e+00, 7.602015762070894e+00, 7.212085357956270e-01, -1.810921834439088e+00, 1.788864366236798e+00, 6.562563881786408e+00, 4.479172431944204e-01, -1.263937813601273e+00, 1.893290547774372e+00, 6.036939845766298e-01, -4.579213948587078e-01, -4.186799522127220e-01, -2.828846037664108e-01, 2.469783698503428e+00, 4.035077077849197e-02, 4.722144855555902e-02, 1.877100887637464e-02, 1.752573498413499e-01, 9.205281746128124e-01, -4.986463341994781e-01, 2.491492051422320e-02, 3.305426878212416e-01, 6.577001525086423e-03, 1.957428898254378e-01, -4.111168725437961e-02, -3.477900150338590e-02, -2.589216820541367e-02, -1.712671935985804e-01, 6.067972916503717e-03, -3.041876266811378e-01, 1.594696878168462e+02, -7.001425462692167e+01, -3.740188253079241e+01, -7.546438096812227e+00, 3.393241233451732e+01, -3.428496322263644e+00, -1.123983523295669e+00, -2.296387636578520e+00, -7.926766423053070e+01, 1.057986880036887e+02, -1.554899681758721e+01, 3.249756164356445e+01, -4.380743531368964e+00, 1.904461216347643e-01, -1.793717614067971e+00, 3.410825512375072e-03, 1.586784751641293e+00, -1.523854042006047e+00, -5.013876954424988e-01, 1.717228943626744e+00, -2.469770251578519e-01, -3.159791749872973e-01, -7.677000652035879e-01, -2.041576724121199e+00, -3.793450921088048e-02, 4.881717984864071e-01, -4.935440495795488e-01, 6.416031488463074e-03, 2.865784990563357e-02, 1.232212507961662e-01, -1.621822297775615e-01, -4.365046590348849e-02, 1.128719054740555e-01, -1.419840477317645e-01, 2.871552865562212e-02, -6.480263462257350e-02, -5.607472282024405e-02, 5.785867958904979e-02, 1.837891055157476e-02, -2.524103960621989e-02, 1.071343294673223e-02, 9.124436216586987e-01, -4.550726028194283e+00, -3.175198526639470e+01, 5.738037864583174e+00, 2.579892216292152e+00, 3.578536062411671e-01, 3.570744809735118e+00, 6.516440990477147e+00, 3.870942312161626e+00, 2.286144402796991e+00, 2.803706161581822e+00, -3.822500523702241e+00, -5.552744300445609e+00, -4.429164357876433e+00, 8.410294634201862e-02, -3.917165204333438e-01, 1.459499717387623e+00, 7.622978179628543e+00, 1.252172913532944e+00, 6.662958289461430e-01, -7.582750066500547e-01, 8.749290236197238e-02, -5.846034080004883e-02, -2.440066006846955e-01, 8.134518570302407e-01, -8.670182733621611e-01, 1.800706241534562e-01, 3.823256038397175e-01, 1.108209152961903e-02, 2.319201693507258e-03, 2.323160222470875e+00, 1.183457078578720e+00, 4.646128124393544e-01, 6.244484403622381e-02, -4.641414330970362e-02, -3.593159773055168e-02, -6.251957614593930e-02, 3.883833938209087e-02, 9.439352165185903e-03, -5.306571037298334e-02, -5.659883598206430e-02, 1.446947000439748e-02, -3.278682263052034e-03, -1.732823930871518e+00, 1.347515041995797e+01, -1.847650595242006e+01, 1.071199722375987e+00, -1.076958959733217e+00, -6.852330038519295e+00, 1.276968900289960e+00, 3.331239022777913e+00, 4.682633327097007e+00, 2.047220437052003e+00, 9.459288695425659e+00, -9.957240176372505e+00, 4.337450676504753e+00, 3.021285073731241e+00, -4.677692621097618e-02, -3.186305938830548e-01, -5.764685486274581e-01, -2.592893051464839e+00, 6.763551383637441e-01, 9.922574642004240e-01, 4.477765046723149e-01, 8.649352656195080e-01, 1.346106290852940e+00, 7.169907778697437e-01, 6.035305635725032e-01, 1.964497040070494e-01, -3.064945061760686e-01, 9.107884744884331e-02, 1.601177247441844e-03, -1.277683053064724e-02, -6.379336846866669e-01, -1.177820532864259e+00, 8.366445090855370e-01, 1.438077194151513e-02, -9.886305354719729e-02, 2.501956182778986e-02, 1.735638647703687e-03, 1.516521640661120e-02, 1.286633143075337e-02, -7.211482634847641e-04, 2.871155914826074e-02, 8.159580987338681e-03, -4.851190945498265e-04, -6.983931095192573e-03, -2.612750104674625e+01, 4.192446889947688e+02, 8.597594822499580e+02, -7.292771904004666e+02, 7.630804686314590e+02, 2.498847892194932e+02, 2.574804980914802e+02, -3.409443261788488e+02, 8.890226047750241e+01, -2.302665831043096e+02, -1.312824650541674e+01, -6.881472411903616e+02, -3.373510098911955e+02, 1.149994033328965e+02, -6.503213400269513e+00, -1.399507691532988e+01, 7.779482316660247e+01, 3.346598311796074e+01, -1.318409456912621e+00, 2.831350287074667e+01, 2.845043001217490e+01, 2.067135448111565e+00, -2.421030975327893e+01, 4.167725073224450e+00, 5.080007685999224e-01, 8.733335555568519e+00, -6.942187626080108e-02, -1.995509319019374e+00, -1.065468776498395e+00, 5.224375491551206e+00, -4.395517864267593e+00, -7.969515104930078e+00, -5.202311866622769e-01, 2.562120612438543e-02, 1.411148045732486e+00, 3.059885762570054e+00, 3.464475632592875e+00, -2.599930732312991e-01, 6.482532885641997e-01, -6.809070570320295e-01, 3.724742507115789e-01, 2.831395192616984e-01, -6.975863509099499e-01, 3.185205115203991e-02, 4.336535792172246e+00, 5.503155203343613e+00, -2.234538029748813e+02, -3.166207775372183e+02, 1.426685911533371e+03, -3.113050142016522e+02, 2.058133752547327e+02, -1.056170796602236e+02, -4.791630165280149e+02, -6.121445472184259e+01, 2.989396680151960e+02, -4.983662002084632e+02, 1.237000500632035e+02, -3.919563694160431e+02, -2.391911041682800e+02, -1.182385489904141e+00, -9.187884180741847e+00, 3.298881558731186e+01, 3.083486333029360e+01, 1.214978508714466e+01, -9.926574115389954e+00, 1.293654275938360e+01, 1.232930297296698e+01, -9.620966231983703e-01, 2.943683329235911e+00, 1.499787321304590e+01, 5.407146189762520e+00, 1.860126970331868e+00, 6.104898240097340e-01, -1.774964002548578e+00, 4.835647577980802e-01, -3.299236824251512e+00, -4.845179691778952e+00, 8.949616429110758e-01, 2.605301814695242e+00, -3.609135929685586e-01, -1.581891058387291e-01, 6.796257934870745e-01, -5.186677779033011e-01, -8.068952570811315e-01, -1.295944542861271e-01, -2.082394525763582e-01, -4.192342244478479e-02, -6.530984574168558e-01, 4.748718682974077e-01, 5.945984024013775e+00, 3.257866556308116e+00, -1.324240153313358e+01, 3.754054041353631e+02, -5.100935197022678e-01, 1.765900083575022e+02, 1.720258714879037e+02, -6.686147746348803e+01, -9.998281305783196e+01, -1.259441382620912e+02, -4.579197940494404e+01, 7.581001065946153e+01, -2.111050194424915e+02, -7.341371401837112e+01, 5.808804333760768e+01, -9.558609983865092e+01, -9.929675011330146e-01, 7.165220138660907e+00, 4.031415119988470e+01, -2.610686008321687e+01, -2.526703777129147e+00, 3.305565468138344e+00, 2.025015101028406e+00, 8.109160212911929e+00, 5.462049285084073e+00, -2.444072882978816e-01, 6.445624179762871e+00, 3.110426231640105e+00, -1.171346223986635e-01, 2.367582891696228e+00, 2.422647211719677e-01, 2.883409292967640e-01, -2.077157458705986e+00, -1.438380187979658e+00, 1.238980025707981e-01, -3.750182337011033e-01, 1.416089603468039e+00, 1.786647060366152e-01, 1.193998849280921e-01, 1.747347587124878e-01, -1.143807115536279e-01, 1.491091208103623e-02, -1.059297604180688e-01, -2.955126437966126e-01, 8.961967691499885e-02, -2.177799040751299e-01, 3.259870541324629e+00, 2.245489796038646e+00, 6.363433804280837e-01, 1.369202915179642e+01, -1.062826983746797e+03, 2.996062961876192e+02, -1.002056750026051e+02, -1.397704565254158e+02, -1.942603747964549e+02, 2.629426630035393e+02, -8.409530433442391e+00, -8.610288368749911e+00, 1.556737939592222e+02, 4.072476829015491e+01, 7.557900344769456e+01, -4.511372120427954e+01, 2.020403790813252e+02, 1.298456537487322e+00, 4.388061842957319e+00, 1.367426310795579e+00, -3.660901162886413e+00, 3.229274484076488e+00, 2.347703000785815e+00, -5.160257940863545e+00, -7.254208123844467e-01, -6.338524262449375e+00, 4.061191960082791e+00, -2.503781806152209e+00, -3.457576067520239e+00, 1.583220342531594e+00, -1.319654228539936e+00, 1.322147087974391e-02, 5.196390367168876e-01, 6.429211258542297e-01, 1.763337108405598e-01, -4.445368249967240e-01, 1.222243496563701e-02, 2.247876318021167e-01, -2.131485262761652e-01, 5.380967905561435e-01, -7.167939911580572e-01, 1.264477816992311e-02, -4.993856613925177e-02, -5.336925958069141e-02, 6.507776780230209e-02, 4.270085602524916e-02, 7.387066766875358e-02, 3.431579990004054e-02, -2.132138611106464e+00, -1.687687239396787e-01, 4.388591479146717e-01, -3.864508280374384e+00, 3.392376388782812e+02, -1.601500662286772e+02, 3.119297523582150e+02, -1.770448553355698e+02, 9.369487313450720e+01, -4.111970413177583e+01, -4.254744749381859e+01, -4.157489702238583e+01, -3.781490066408941e+01, 1.209957793813775e+02, -4.116804827893630e+01, -6.561907082922248e+00, -1.057721208951768e+02, -1.485355220204119e+00, 9.530411904898328e+00, -1.360406390921881e+01, -4.148507710611908e+00, 5.881460661329590e+00, -2.421886731956810e-01, -7.587747694057919e-01, -3.470297341642639e+00, -2.294807012052050e+00, 3.031373492755901e+00, 2.379312664719387e+00, -4.760009245652896e-01, 2.278205838811306e+00, 2.312183929176743e+00, -3.808294629866875e-01, 3.529215653557736e-01, -1.489152797548503e+00, 6.410241392554759e-01, -5.345285329181970e-01, 8.990635413156245e-01, -4.976393916090502e-01, 3.979466567013738e-01, -3.753041041460761e-01, -8.539846680832928e-01, -2.499377144910777e-01, -1.193337824351375e-01, -3.173221830225036e-02, -7.838429109778762e-02, 2.621122434738577e-02, -1.396781929120864e-01, 1.547407586559969e-01, -3.306903258732429e-01, -3.403053193615942e-01, 1.366395658675908e+00, 5.172318164450751e-01, 1.577727127632238e+00, -1.845164651660692e+01, 8.902941839126377e+01, -7.902948198295957e+01, 7.116715964596374e+01, 1.899934646263891e+02, -8.276428336296335e+01, 4.299606082104560e+01, 2.717058383939361e+01, -8.935650445769619e+00, -2.407653419036545e+01, -5.777615295324780e+01, -3.350021215946215e+00, 3.048497416350649e+01, 2.322230345390109e-01, -5.268479218249494e-01, -1.332200080368462e+01, -1.253702350788982e+01, 7.459256197016259e+00, 4.298046984301880e+00, -1.181734564482769e+00, 3.401058351053545e-01, -2.275176966072047e+00, 6.144705771892349e-01, 9.611101893978470e-02, -7.417223541991226e-01, 1.245933451160952e+00, 8.491979960090247e-02, 6.418098364019553e-03, -7.421893830657006e-03, -4.425899049413689e-01, 1.702627313001474e+00, 9.149708167234019e-01, -3.834895129710815e-01, -1.880361477155370e-01, -3.097607960179483e-02, -1.359339638680258e-01, 4.891542783646786e-02, -2.459781827022042e-01, -1.958193351731691e-01, 3.129633807744910e-04, 1.103469014243577e-02, -2.710370511395587e-02, -2.310823845735442e-02, 6.312743382808960e-01, 1.572005710787234e-01, -2.587789672830303e-01, 3.302898954399243e-01, 4.405961373310466e-01, 8.474394182501332e-02, -2.543499462148083e+00, 3.972357028252903e+02, -1.818061860348091e+02, -1.891716317236470e+02, 6.970765177095902e+01, -8.556769545707606e+01, 2.174403846230411e+01, -8.603494588217309e+00, 3.560319590895671e+01, -1.216082349285452e+02, 5.116748893072798e+01, -3.189039215784885e+01, -5.017651248413988e+01, 1.703112812746982e+01, -3.536108278875385e-01, 8.033294596983582e-01, -1.166904558438066e+01, -1.371785980579182e+01, -1.139985253256319e+00, -5.286152913109186e-01, -4.671969199935935e+00, -1.491544925170738e+00, -1.478690977392487e+00, 8.977738305366155e-01, -3.738087254673519e-01, -2.908023411599115e-01, 6.227661809152191e-01, 1.582606661739788e-01, -4.209599127062133e-02, -1.051246499735195e-01, 5.929125440991339e-01, 8.206587893117311e-01, 1.617231957277481e+00, 7.604825960139930e-02, 3.949711934763748e-04, 5.626334010818967e-02, 7.169935681075106e-02, 2.202417846219596e-01, 8.907598287934542e-03, -1.331657071719857e-04, 1.078529774591200e-02, -4.583011393988401e-03, -6.999302027214093e-03, -5.230232489211389e-02, 1.798888181305715e+00, 5.821876717176752e-01, -5.021711429948440e-03, 3.363983741568516e-01, -2.474305405188268e-01, -1.573124611598193e-03, 4.739425251537428e-02, 2.388475938784803e+00, -7.782878894647195e+01, 4.978073499971106e+00, 1.879808414639628e+01, 1.254177854579162e+02, 5.741648638654545e+01, 3.633525549973667e+01, -5.821491487632318e+01, -4.805487965477553e+01, 1.642255362138569e+01, 3.457623515855627e+01, -1.454725361176201e+01, 8.850006899336027e+01, -1.996913405256485e+01, 1.675100224328871e-02, 6.285079470596523e-01, -1.100601376766391e+01, -2.418667731045947e+01, 2.628990184531910e+00, -1.177181945711602e-01, -6.527052328920820e-01, 4.119549507110758e-01, -3.176486265150609e+00, -2.192052022393875e+00, -1.999396473815704e+00, -7.072481402208969e-01, -1.502453096429712e-01, 6.694286569645261e-01, -8.429350013357826e-03, -6.212056373251747e-02, -5.559676732286761e-01, 1.839258305030340e+00, 1.299357108835857e-01, 9.711449679116070e-02, -6.936526084763956e-01, -7.346659945580762e-02, 9.419403162011496e-02, -5.369441830568072e-02, 7.671248324359917e-02, 1.619462720636481e-02, 1.060639359323971e-02, -2.416760934929903e-02, 1.571981962808724e-02, 4.039566730291404e-03, 1.488849221753123e+00, 2.481309813115926e-01, 1.633990177996212e-01, 4.215061766506219e-02, 1.309966161547063e-01, 2.016461905539827e-02, 9.692339154099550e-02, 3.328815602525399e-02, 1.944445498130615e+00, 2.342243731206738e+02, 3.571627723920905e+01, 3.715201366471997e+01, -1.726585156936477e+02, 7.767036274938663e+01, -1.494272489841071e+01, -4.248237570772742e+01, -1.947690283881888e+01, 3.812090983361557e+01, 3.011590291635239e+01, 7.150878770692103e+01, 1.355256652948985e+00, 8.971436872585541e+01, 3.029925695299280e-01, -9.234380561281943e-01, -3.275843915281517e+00, -4.171541008983570e+00, 8.627139553008335e-01, -1.510223659502691e+00, -1.161080711020046e+00, -3.423301867129407e-01, -1.702899211662669e+00, -8.350765961858052e-01, -4.315865377619815e-01, -3.119405582217951e-01, -8.210398755910896e-01, -6.266479357151412e-01, -1.881860378863570e-02, -2.486397351801816e-02, 3.500669983046053e-01, 9.602448433287948e-01, -3.031270582027963e-01, -8.243510812385660e-02, -2.200068716315378e-01, 3.728051635710691e-02, -9.806911111064724e-02, -1.744844702917596e-01, -1.096298201987190e-01, -1.632073197008171e-01, 1.651372545198710e-01, 5.216277326560798e-02, -1.208239521210067e-01, 2.112245298051139e-02, 1.218165994614796e+00, -4.911064273009616e-01, 1.509681600019352e-01, -8.927484644964997e-02, 8.127240374682074e-03, -4.538072151081372e-02, -4.919763890280722e-02, -9.990508439049155e-02, -2.183543953433476e-02, 1.439286198214096e+00, -6.031361958342925e+00, 1.885802019802083e+02, -8.973412969499358e+01, -1.830046414461310e+01, 1.619387258073304e+01, 6.122449792989095e+01, -8.911243434454836e+01, 5.644231946185946e+00, -1.218985879024665e+01, 4.548364706260705e+01, 1.405896713965698e+01, 2.721650873156655e+00, 1.430267642438509e+01, 2.424697290571042e-01, 9.205094523381021e-01, -5.720061659100293e+00, -2.440598845736808e+00, -7.976273733912012e-01, 4.569172457193744e-01, -1.124993793390429e+00, 1.001511092504121e+00, -1.894264705125002e+00, -1.050851687747835e-01, -9.603385150603316e-01, -9.549398496412884e-01, -3.662933586922052e-01, -4.458196743351045e-02, 1.030026488145954e-02, 4.505248584015789e-02, 3.636906155976428e-01, 6.847300298261763e-01, -3.100704684797247e-01, -1.445077315360627e-01, -1.430373213893537e-01, 9.516721578378245e-03, 6.840798822725531e-02, -1.335494373377456e-01, -6.384225924887807e-03, -1.552381162528489e-02, 1.593870600709005e-01, 3.310974535392472e-02, 2.311887009781688e-02, -4.371587261846232e-04, 5.503857774950294e-01, -3.324080416409299e-01, -2.256854550004334e-02, -2.098312893169428e-02, -6.121155936063343e-02, -3.767158172067374e-02, -2.398087208795786e-02, 4.238806427847039e-03, 1.241226659083613e-02, 2.025076396736913e-02, 3.509038900337927e+00, -1.361432446254946e+02, -1.220438520824338e+02, 1.125508342925012e+02, -1.878254033860444e+01, -3.215299874195684e+01, -2.912976080127556e+01, -1.082252621292574e+01, 5.979855517823174e+01, -5.567061486578591e+01, 3.144349890253578e+00, 4.638475831483812e+01, 2.493899206567146e+01, -7.785079121955820e+00, 3.500952668243303e-01, -6.365374226752074e-01, 3.250710597731547e+00, -8.137250695806255e-01, 1.958322869598918e-01, -3.245670442115960e-01, -6.172296830196533e-01, 1.031260618235449e+00, 3.043222182529711e-01, 1.110846446633461e+00, -9.334134577069336e-02, -5.697792304973832e-01, -8.739928673840905e-02, -6.868587596058702e-02, -5.712839143789235e-02, 1.459944073463244e-01, -3.239295658110908e-01, -1.673070472176743e-01, 2.103023210931680e-01, 1.170035373925876e-01, 1.835545461751653e-01, -7.062289263684907e-02, 6.340694752453935e-02, 1.055641290630978e-01, 5.767095112739880e-02, 4.143257257372451e-02, -6.632219938006520e-02, -2.513281684492556e-02, -1.045023913424739e-01, 3.059580115138053e-03, -4.146857623370704e-01, 1.739843199265024e-02, 3.564467586965706e-02, -5.227522517071884e-02, -2.100470608525553e-02, 2.218550951831834e-02, -5.462260393096379e-02, -1.454995267986171e-02, -5.901553260083211e-02, -6.785203198781349e-02, 2.865529867660976e-02, -4.432539256432828e-01, -3.098009595015666e+01, 1.015941118101972e+02, 5.512857470201649e+01, -6.754852107175131e+01, -6.485158415864394e+01, 1.960926393780426e+01, -4.027505092270477e+01, -3.544059801395687e+01, 5.499976479630178e+01, -1.315016301666002e+01, -8.175940243677545e+00, -2.954654073463358e+01, -4.850121722357781e+01, -9.418895345605945e-03, 3.862788989403041e-01, 3.850034506293219e+00, 2.968871417033210e+00, 1.030196390115696e+00, -1.080405186291642e+00, -6.756403259890184e-01, 4.069711942662465e-01, 1.374735858278153e+00, 5.270098619476398e-01, 1.293530833435164e+00, 1.428820432711598e+00, 9.957260726882783e-02, 3.409735338665609e-01, -2.997224090844133e-03, 4.692943188435312e-02, -1.109195200309748e-01, -2.087198110675592e-01, 1.399670661675342e-01, 1.270846031476684e-01, 1.052713831245832e-01, 3.080161529281019e-02, 9.344171172235998e-03, 4.518511776037162e-02, -2.531240668373820e-02, -5.633890885247513e-02, -4.514553452907127e-02, -2.393474387736848e-02, 8.571739019785760e-03, -5.941351432368984e-03, -5.805177803922250e-02, -1.485224286128655e-01, -2.722583333252199e-02, -1.123299615350054e-02, 4.297955404646410e-03, -2.073310273391311e-02, -8.387632329233312e-03, 8.158867036030335e-03, 3.498820001401468e-02, 3.062350661103371e-02, -2.481689191620787e-03, -1.360032301943867e-02, -2.881662114588362e+00, -3.237785208843513e+01, -4.887739068369742e+01, 1.250478010079408e-01, -6.802757753498134e+00, 1.514710391028107e+01, 1.104831203837880e+01, 1.442109651959131e+01, 1.107396043965634e+01, 4.942564288828842e+00, 1.081642576093307e+00, 1.788676892946739e+00, -1.858455011587694e+01, -1.669716548666619e+01, -1.963941039294982e-01, -1.928907878568912e+00, 9.067807028082159e-02, 5.804343190705305e+00, -8.648562945795892e-01, 2.233704294578374e+00, 1.297200155834102e+00, -1.647770866714018e-02, -9.126499945432320e-02, 9.898245904926205e-01, 5.421118844078229e-01, 4.775612068207521e-01, -1.265617172012715e+00, -8.671702570862254e-01, -2.146909815724507e-02, -1.792481729124892e-02, 4.276845519733811e+00, 8.621056288182137e-01, -1.073629641592929e-01, 2.439003916035512e-01, 3.956631314940846e-01, -2.431179220724516e-01, -1.118157963578002e-01, 1.107090397419860e-01, 1.035244739230638e-01, 2.476995872065060e-01, -1.320091933209887e-01, 1.165792317613093e-02, -5.070758439075282e-03, 3.816665348247966e-03, 1.306286348475358e+00, -4.555152130401407e-01, 9.208524649393407e-02, 8.931901465934206e-02, 1.029578712586766e-01, -4.019928687070404e-02, -2.448601294702389e-02, -9.896561352610262e-03, -2.531409513746907e-02, 1.786843306948644e-02, 2.727996044162458e-02, -8.117190347673530e-03, -2.276795182752331e-03, -1.458670410777652e+00, -7.645033986987150e+00, -6.401177620528596e+00, 1.890796793220660e+01, -1.339779134390573e+01, -9.334241369084028e+00, -5.266778777589738e+00, 1.320984676565619e+01, -1.380246036980367e+00, -1.016422895219985e+01, 9.101543233959574e-01, -3.157660736386343e+00, 6.635457443514245e+00, 1.169962517320698e+01, 1.357453730390764e-02, -1.375529968263405e+00, -3.685614118467215e-01, 4.748208369514858e+00, -1.527410542491331e+00, 1.578100060345700e+00, -3.343430129391757e-01, -3.216191610297693e-01, 4.217994742955332e-01, 9.040195806419596e-01, 1.124088304542959e-01, 8.091514620927465e-01, 2.807238198746336e-01, 2.159990148491067e-01, 2.232177873418987e-02, -3.128738129557109e-02, -1.238406781874313e+00, 1.041581836597561e-01, -4.496607194515922e-03, 9.253812960178336e-03, -3.318127149590577e-01, -2.314635551384947e-01, -6.007646316198652e-02, 1.973864999599410e-02, -3.550589305088426e-03, -1.065717347158622e-01, 1.768907518161354e-02, 2.010024812317181e-03, 1.194112224807370e-02, -8.174862559889022e-03, -9.551670958955815e-01, 3.363411076102552e-02, 7.858447723895887e-01, -2.077214366609717e-01, -5.425196513781063e-02, -5.822740441630134e-02, -4.154450060180216e-03, -5.110760055020099e-02, -1.091024237779502e-01, -3.590618866508426e-02, 8.435164500646272e-02, -3.327118206302842e-03, 2.416286563805490e-02, 1.003304018451264e-02, 2.249341900669149e+01, -2.323088733636188e+03, 3.822276597341801e+03, -3.120532540295452e+03, 6.645586115406443e+02, 5.862079248162892e+02, 1.183452605003105e+03, -1.557597345726615e+02, -2.038032400245306e+02, 1.148550008837833e+03, -3.885861117028035e+00, -4.343589277141567e+02, -2.717487940658340e+02, 1.137317770812807e+03, -8.517110279196784e+00, 3.403735725823086e+00, 2.047280446482013e+01, 1.197016663944004e+02, -1.882017884431433e+00, 1.152313612512024e+01, -1.348012309931663e+01, 3.195514576395148e+01, -9.114268911441272e+00, -1.008395681515016e+01, 5.352439981402060e+00, 6.129436007557886e+00, -4.664371190989422e+00, -1.347214524322919e+01, -5.868106197252208e+00, 2.007102484360685e+00, -3.285578294607886e+00, -1.828327261063245e+00, 1.288403001832173e+00, -2.264803232499726e+00, 6.692424478191978e-01, -2.234245202035979e+00, 2.661088246779832e+00, 7.195792526028578e-01, -8.248440576716631e-01, -7.204583946997495e-01, 3.152846793104760e-01, 6.925926050550543e-01, 3.168581354727587e+00, -2.667706857329779e-01, 2.283864941023759e+00, -1.218100953050228e+00, 1.169749571983436e+00, -6.765388446544837e-03, 2.413534054813561e+00, 1.576851602059751e+00, -1.204153895339580e-01, 7.497218913165756e-01, 6.041424387755364e-01, 7.190557515007333e-01, -4.863931688642099e-01, -3.650659852019070e-01, 9.546481653900893e-01, -3.128659788872223e-01, -6.046258535859790e+00, 3.774049870734496e+01, -1.625033519785285e+03, 8.732930980846889e+02, 2.683069296219708e+02, -4.542284517496878e+02, 9.156061259854682e+02, 6.745463590247380e+02, -7.425525273842871e+02, -3.722347064229339e+02, 7.462753607627877e+02, 6.179240805596849e+02, 8.431432537223416e+02, 2.384466968844915e+02, 4.921784618216511e+02, 4.113576926135147e+00, 2.158937939586535e+01, 5.728221133063961e+01, 1.344324844492756e+02, 2.540304854778927e+01, -1.064029005034128e+01, 1.115401147310665e+01, 4.271085781238182e+01, -1.123296798893336e+01, -5.672913256487271e+00, 1.310192930659606e+00, 6.838918774092159e-01, -1.012242589904082e+01, -6.968603834587314e+00, -1.599240059379895e+00, 1.334250572111305e+00, -1.541926672668417e+01, -7.578340572029058e+00, -3.667087850148841e+00, 2.221687980660289e+00, 1.067362796589410e+00, -1.039426231611801e+00, 2.846372109317175e+00, 1.476834868821280e-01, 1.538790329464258e-02, 5.405556868253363e-02, 5.234566464521011e-01, 3.713625324812362e-02, 1.452068983503984e+00, -1.432672998295021e+00, -4.935370914745766e-01, -8.646174539811938e-02, -1.197266260041122e+00, 8.348529532222443e-01, 1.871837282162170e+00, 1.553047431707320e+00, 1.951769991541672e-01, 5.386113548559753e-01, 4.194930382153199e-01, 4.325011284003213e-01, -2.153017895094659e-01, -3.033832326563513e-01, 1.407551264858981e+00, -1.291593260233623e+00, 5.253716394828759e+00, 5.235831749074328e+00, -9.748799058636312e-02, -3.687035644829897e+02, -5.148455137894531e+02, 2.705696598333799e+01, 5.669763952353526e+02, 6.219644306505006e+02, -1.231301800841565e+02, -3.942269638844122e+01, 2.158306131887562e+01, 1.264225551912059e+02, 2.799226821560826e+01, -8.321410547114158e+01, -8.537410190423172e+01, -1.951716873148169e+02, 1.231565242464092e+00, -4.096778983313948e+01, 5.735055840897771e+01, 5.324387283895945e+01, 1.792851665713314e+00, -2.469126053457267e+00, -1.523327152794235e+00, 1.973426590373795e+00, -1.857897589055818e+01, 7.655737135847628e+00, 7.735692786785719e+00, 9.346266027151881e+00, -2.178160577169253e+00, 4.219977135184479e+00, 1.796832223805959e+00, 3.155590098853803e+00, -8.670736437550756e+00, -2.009734341660660e+00, -1.122972714005206e+00, -1.585206079056091e+00, -4.580921000481269e-01, -1.284120405999696e+00, 1.564123590240497e+00, -8.052972447408971e-01, 4.387570651265353e-01, 1.330898577485214e-01, -5.264120356887184e-01, -6.651309117740908e-01, 4.395128191343599e-01, -4.638128535929323e-01, -8.257449011462664e-01, 1.683045457086576e+00, -3.191563883171870e+00, 3.473185689232235e-02, 4.130167816358685e+00, 2.029530257745502e+00, 8.083764586275037e-01, 6.620946105127530e-01, -3.327471309304246e-01, -2.021470931718146e-01, 6.589133930397624e-02, 1.002581173514884e-01, 3.940400137180755e-01, -4.791844613914373e-01, -4.472210528707085e+00, 4.879912545737189e+00, 7.467938289062052e-03, 1.734845289658034e+01, 9.974501820199270e+02, 6.451868242838127e+02, -6.902150342355840e+02, 2.959800284994790e+00, -3.137718959737028e+01, -1.854592068490319e+02, -1.958440034957523e+02, 3.789003295956424e+02, 1.470403833782198e+02, -2.808384186860179e+01, -3.773106141429075e+02, 2.478485402395051e+02, -3.417471110100840e+02, 2.593816026695416e+00, 1.396903875142755e+00, -4.148804898775805e+01, 5.038660007478669e+00, 2.283891090469680e+01, -3.390529500017825e+00, -5.979208536958864e-01, 9.554462094980899e+00, -8.616058633603078e-01, 5.632260845447062e+00, 1.293825012038618e+01, 1.003102071959577e+01, -4.862412990276260e+00, 2.934252703045551e+00, 4.917940461050074e-02, -6.413570308872110e-02, 9.213992408402074e+00, -3.275346771413323e-01, -1.258851978177976e+00, -1.270093614963469e+00, 1.231014852495991e+00, -6.330721586004779e-01, -5.347451405600400e-01, 3.946443933306023e-01, -9.104905097782815e-01, -6.228830299679217e-01, 2.959736528279681e-01, 1.261488944982187e-02, -3.910801304965646e-02, 1.610228444555072e-01, -3.000064433780744e+00, 1.460995238279677e+00, 1.069921251763316e-01, -2.345857853207358e-01, -2.299700555180513e+00, -2.396637837989297e-01, -6.651296063700564e-01, -3.509871855727469e-01, 1.571806137243210e-01, -2.392304799430727e-02, 4.132631044858043e-02, 1.521828224617220e-01, -1.802816205755055e-01, 7.397755842676343e-01, 2.861882139529955e+00, 5.017255799964089e-01, -2.062583320605826e+00, -2.164094938830757e+00, 3.109580855537923e-01, 4.568494439192568e+02, -1.692703963998829e+02, -3.432048722158029e+02, 1.603623587518486e+01, 8.869260196942706e+01, 1.454135741813045e+01, -1.996036088785526e+02, 3.427367047843859e+02, 7.589455263882441e+01, 6.131874933354661e+01, -1.302809527980020e+02, -5.245495163025674e+01, 9.325566767322599e+01, -4.691191410280669e-01, -1.326163874043055e+01, 1.312956195886196e+01, 4.272167217134471e+00, 7.795701861742344e+00, -3.911022666669649e+00, -5.731922053066633e+00, 3.838088968472932e+00, -2.021092176739134e+00, 4.847634925251954e+00, 2.145232892970829e+00, 1.485507074029782e+00, -4.039147519285398e-01, -1.328234439358054e+00, -1.038793869549169e+00, -6.772581105762724e-01, 3.593833830087541e+00, 1.398876058530559e+00, 4.887696067583326e-01, 1.898436882451346e-01, 4.387110867703475e-02, -9.915029905501062e-01, -7.994971240446478e-01, -5.771932759409291e-02, -5.898220382165507e-01, -1.494802947757553e-01, 1.790677552683497e-01, 1.425803588863899e-01, -2.319094938225984e-01, 3.538255922007891e-01, -2.371007893333769e-01, -6.200482000422379e-01, 2.282583950912432e+00, 5.511254233475316e-01, -1.027402422078916e+00, -3.204442939787833e-01, -5.852659354021312e-01, -6.240347419780971e-01, -1.883888188555181e-01, -1.153244247540326e-01, 2.942200313487116e-02, 4.283755293906526e-03, 1.009241922397797e-01, -1.992444635746221e-01, 3.264339725903114e+00, 1.230796387640985e+00, -3.893036843687205e-01, -3.484712327371609e+00, -1.547652695235407e+00, 2.424997244455611e+00, 2.577592678666319e+02, -3.683676218831457e+02, 1.067127817789160e+01, -1.075604291400917e+01, -9.505782213435921e+00, 2.233039476188395e+00, 2.845904472693456e+02, -2.493872797230065e+02, 1.007935419165515e+02, -7.071972736615081e+01, 1.608431434121815e+02, 9.080124851031113e+01, 5.468236550965171e+01, 7.347617782172347e-01, -2.393052138237994e+00, 6.344079330615600e+00, 1.495933325329909e+01, -7.391543525181309e+00, 1.709881480890789e+01, -3.283894805676693e+00, -6.760733328605732e+00, 1.661717927890679e+00, 4.130185367311112e+00, -2.247864657955051e+00, -3.828789915943382e+00, -2.352376261501147e-01, -1.645533731047390e-01, 5.477173582678705e-02, -2.744761825627762e-02, 2.160588951154587e+00, 1.204407423372911e-03, 9.660584325136170e-01, -5.990780925466271e-01, 1.599401450391913e+00, 3.387743869401140e-01, 3.412850784833033e-01, 1.510569427961472e-02, 2.012277082227255e-01, 1.217818997818201e-01, 4.144513540584319e-02, 1.032692520402312e-01, -1.042730312207067e-01, -6.864115773517647e-02, -8.528548316740497e-01, -2.903909208829926e-01, 7.663922145904942e-01, 1.946026234775550e-01, -3.524648036103764e-02, 3.560050870897282e-02, -8.628966411380397e-02, -1.930310215177628e-01, -1.998602045228574e-02, -2.231606087588530e-02, -7.883158767818078e-02, 8.846652065094135e-03, 2.220213515398304e-01, 1.959279284803689e-01, -2.870336078865722e+00, -2.666060846903656e+00, -3.138354263245645e-01, -1.960027534991006e+00, -8.836977075451186e-01, -5.562108927175370e-01, -7.249379395917778e+00, -1.245453085766032e+03, 4.865156855807671e+02, 1.143491622784483e+02, -5.247703868327570e+02, 4.905199248905667e+00, 9.477871208060640e+01, 3.436161620682364e+01, -3.653501972819212e+01, 1.448329255525851e+02, 2.430831218615315e+02, 6.450369761423472e+01, 9.765695521515114e+01, 8.488343434338397e+01, -1.123425155978260e+00, -2.233704406507052e+01, -1.131570863292040e+01, 2.143716762280105e+01, -1.818201705271296e-01, -1.273329174975329e+01, 2.408044103028595e+00, -4.420617000072542e+00, 5.787524299107564e+00, -6.670630066470435e+00, -5.812009176797343e+00, -3.492526657694023e+00, 4.829194227918093e-01, -5.694183125031494e-01, -1.391186036332504e-01, -3.424331088274904e-01, 6.718196862481832e-01, 1.467274778260970e+00, 7.905222521646167e-01, 1.487786023463845e+00, -1.491054883074377e-01, 9.785182024836411e-02, -8.539993388046395e-01, 1.659628567273045e-01, -1.555608378432704e-01, -2.101492833022332e-02, 5.707161169950221e-02, 4.547464131378505e-02, 1.551076681263503e-01, -5.560542055642632e-02, 1.483632794342991e-02, -1.117445122144850e-01, 1.592921781645329e-02, 3.940092703335340e-01, 7.642925813167471e-02, -3.784155948158371e-01, 1.653813367701755e-02, -3.946873982250814e-01, -2.434429628210764e-01, -5.277162196051305e-02, -4.536999494143826e-02, -1.299989684676634e-02, 2.111301923361827e-01, 2.646921439746307e-02, 1.671950733916247e+00, 4.598348695704892e-01, 3.095017045065221e-01, -9.529226185203949e-01, 1.313949124039880e-01, -2.182783268773514e-02, -1.372172210833205e-01, -8.948024173314465e+00, -7.529032407244622e+02, -5.548953656207946e+02, 8.061565127283986e+02, -2.260799052424147e+02, 3.997672220784386e+02, -1.334691300763710e+02, -6.332581587822188e+01, -3.002314979781433e+00, 1.810845578415822e+02, 2.038925040757380e+02, -4.400292536211827e+01, -3.631125714925443e+01, 1.410781055196495e+02, -5.737395429412124e-01, -6.202818874975706e+00, 1.169426364062243e+01, 1.741149527945455e+01, -8.624500748689474e-01, 3.679807970087337e+00, 2.867920107086169e+00, 1.233617521555423e+00, -2.537501568248159e+00, -3.905919687428460e-02, -2.466843312300663e+00, -1.651582774648889e+00, 7.940478795375743e-01, -1.409341963613051e+00, -4.715700579674991e-03, -1.756380640832787e-01, 2.025092120597128e-01, -9.715701985111378e-01, 1.531169340388906e+00, 3.904107121587228e-01, 7.307397974727240e-01, 2.428343195841903e-02, 7.250022747045707e-01, 1.199700337983291e-01, 1.519998749603778e-02, 5.563885263248649e-02, -2.742134584024039e-03, 6.902645558258313e-02, 1.198271135198714e-01, 1.058257487010651e-01, -1.437308543798540e+00, -3.208796898553217e-01, -1.858384063261451e-01, 5.503791547687417e-01, -1.193639597999402e-01, -9.947923393538345e-02, 1.532202014551377e-01, 7.562238763377892e-02, -6.027537330031925e-03, 4.073546123417494e-02, -4.140393225225605e-02, -9.409075198094911e-02, 5.850653431743568e-03, 9.813937574050145e-02, 6.094142487045235e-01, 1.073043534217661e+00, -2.436436734901921e-01, -5.030906513152958e-02, 4.854565058248512e-01, 1.068098861779773e-02, 1.227796341053956e-01, -4.005401567224729e-01, 1.281141226692782e+00, -4.975142973752259e+02, 3.047727773218276e+02, -1.679422128152058e+02, 7.075796755546978e+01, -2.402707998994196e+02, 6.731364348849344e+01, 5.892259165467640e+01, -2.748789108000932e+00, -1.474529869852654e+02, 2.360466620345323e+02, -1.359037623774940e+02, 1.731996229080737e+01, -4.318633839279179e+01, -2.156431969396162e-01, 1.085468353242618e+00, 4.979849799496621e+00, 9.323404175778826e+00, -4.149314712069970e+00, 1.625819622120681e-01, 5.238133209166688e-01, -2.417584024742664e-01, 4.602082839969873e+00, 3.041476038182666e+00, -1.293182858534567e+00, 2.018248543403789e+00, 2.130082426285071e-01, 5.409761595254600e-01, -3.955408766215870e-02, -2.262374128407291e-01, 1.339120777163308e+00, 1.002163437506142e+00, 1.681337268189057e+00, -6.340455574911903e-02, 1.479015390919728e-01, 2.040840794013989e-01, 2.914298187919755e-02, 2.667625029805991e-01, 2.508452585215255e-01, 5.006005890056547e-03, -8.285339098206981e-02, -2.767786348953238e-03, -1.019188108063608e-01, 5.025018678086852e-02, -1.518894741379942e-01, -2.417435911355731e-01, 1.983679175832126e-01, -1.999505029217696e-01, -1.362468877730413e-01, -5.045945098861030e-01, -1.938553337493462e-01, -1.383296834993041e-01, -2.976666396138509e-02, 7.862114023787084e-02, -1.717006824290152e-02, -3.203518876424557e-02, -2.040866508587825e-01, -1.042257421822739e-01, 1.844555561298091e+00, 1.862534483126303e+00, 9.102569964594631e-01, -6.496846300716864e-01, -5.088210211436887e-01, 4.475075284511141e-02, -1.910716893084564e-01, -1.542679401884651e-01, -1.740195606865367e-01, -1.470018079957588e+01, 4.056806921784501e+01, 2.707497210248814e+02, 5.390286013854939e+00, -1.941623010632136e+02, -1.230896726900670e+02, -3.440936026596778e+01, 9.734062231813199e+01, -1.565177077356091e+02, -2.884107481080951e+01, 2.416005060274957e+00, 8.945500555732364e+01, -8.016331510580628e+01, 4.286482843623845e+00, -1.233097696012532e+00, -3.734714269015538e+00, 1.090037974169626e+00, 4.233882187934953e+00, 6.422871239821450e-01, -3.373607560767816e+00, -1.737185246111136e+00, -2.593769365538027e+00, 3.519265584605831e+00, 2.605817037602959e+00, -8.459343970801585e-01, 3.256140018493495e-01, 7.756788918377603e-01, -7.039515371848461e-02, 5.973695327654931e-02, -2.362223227198162e-01, 7.939709193726155e-01, 7.874529317690262e-01, 1.296468359218664e+00, -9.481662502770685e-02, 4.499455570311169e-02, -3.739324825953191e-02, -1.640700226426112e-01, -8.357559111059119e-03, 1.158206227908119e-03, -8.159147100267297e-02, -6.234067388568745e-02, 2.128316916513457e-02, -6.650296855990402e-02, 1.016179753206181e-01, -4.978786089800875e-01, -5.190475022773887e-02, 1.133473682476736e-01, -4.016446832818005e-01, -2.376108558437383e-01, -4.006750749008808e-01, -1.158690783450761e-01, -6.453271829402929e-02, -9.192997363784558e-02, 8.024001058653665e-02, -1.465657268511844e-02, -4.301459977576540e-02, -8.647939740873414e-02, 2.894442324677673e-02, 5.510181250432868e-01, 1.124841301201399e+00, 5.299449087263766e-01, -2.361904191668306e-01, -3.251626059678998e-01, 2.025169948660164e-02, 3.550215802761592e-02, -1.849057212886113e-02, -1.962978293736738e-01, -2.804896933337045e-02, -8.477280724989605e+00, -1.585526302520968e+02, -1.973520633293629e+02, 8.668934952294974e+01, 1.432795632634954e+02, 3.552373037532676e+01, -5.503982780087772e+01, 5.736412926115278e+01, -8.062486605874022e+01, 7.714603685538297e+01, -1.532715540590425e+02, 3.870797686177992e+01, 1.564818343992519e+01, -9.460165215170080e+01, -6.121762474507604e-01, 4.925569413102519e-01, -4.662984857736017e+00, -4.270495165386592e+00, -1.307071765201449e+00, 5.393753528883025e-01, 1.293653605101270e+00, -1.137620145506317e+00, -1.020729212592089e+00, -2.469362212472469e+00, -8.377493362114597e-01, -1.089230680121714e+00, 1.005133110517276e+00, 1.236428140841322e+00, 6.395627999301560e-01, 1.371877340583096e-01, -4.066719009914198e-01, -6.619002032049935e-01, -9.344441693859564e-01, 3.254402737614587e-01, 1.583688809993412e-02, 1.409905630270488e-01, -1.244762486453790e-01, -5.929214834949842e-03, 1.026283262090635e-01, 9.145418860010145e-02, -9.930355915441698e-02, -7.202504327871642e-02, -4.142516760916928e-02, -1.464495286112573e-01, -2.575519271614793e-02, 5.898100995427392e-02, -1.138138249533213e-01, 2.327364418452804e-01, 2.392580416423495e-01, 2.384788821382643e-01, 2.500677057742008e-01, 1.097051165596709e-01, 3.560524336296431e-02, -1.266552122943203e-02, 1.965433893792787e-02, 2.384679659060038e-02, -1.083347458498930e-01, -8.011984908434169e-02, -6.852220238831090e-01, -5.619924316390545e-01, -5.412457008662700e-01, 8.649473516869412e-02, 2.804676597633163e-01, -1.107909385347637e-01, -1.858089340880884e-01, -7.432527106888303e-03, 1.446547189946736e-01, 6.027319697667723e-03, 2.226284857850567e-02, -5.409221455684402e+00, 2.264815596353009e+02, -2.095988361475728e+02, 1.726683937470951e+02, 5.091453439083140e+01, -2.643221023183176e+00, 3.159109817001757e+01, 3.076952701594120e+01, -1.091928532987494e+02, -5.094981937464441e+01, -4.978303397285936e+01, 2.751959873549279e+01, -1.176461152415138e+02, -7.613391770940306e+01, -3.254778554197334e-01, 2.015335958775253e-03, 4.445489226873705e+00, -8.713092941426727e-02, 2.553008830919693e+00, -1.196269314266324e-01, 1.719608435261061e+00, 5.636157000391122e-01, 2.803116381756962e+00, 3.966879991614811e-01, 6.754379970511664e-01, -7.856746537819727e-01, 1.595567961243408e+00, 1.313961010924379e+00, -3.995502337649583e-02, 1.847738295982393e-02, -5.710911791389385e-01, -1.515445920229832e-01, -4.334823699249710e-01, -6.564284580263595e-02, -2.937114977505401e-01, -1.487952102766020e-01, -2.760305061218735e-01, -5.203290270733692e-02, 4.173922717273151e-03, 1.107890019767388e-01, -1.460401602665243e-01, -8.060890145878483e-02, -7.351156896962940e-02, -3.825256092324002e-02, 1.257132492946010e-01, 2.050368560077239e-01, 9.828400305317028e-02, 9.972445666482649e-02, 7.000544081111119e-02, 8.448744971510377e-02, 7.355537795971363e-02, -3.366246030128216e-02, -1.861565008603251e-02, -2.926917580101199e-02, 3.933359833982142e-02, 3.030936021749943e-02, -3.562920727998837e-02, 5.788585905372245e-02, -1.522728611963427e-01, -2.799039276125880e-02, -1.245469690788564e-01, 7.141384506587492e-02, 4.805606866744164e-02, -1.444666572357928e-02, -7.410091518486650e-02, 4.403346576632729e-02, 1.075369251553689e-01, 8.152690401748673e-02, -5.906086050110410e-02, -1.691792087628657e-02, 6.828192086151346e-01, -3.950115766669157e+00, -9.691334919121285e+00, 3.082214761204605e+00, 9.452339332623397e-01, -2.848507280368807e-01, -9.871696713069551e-02, 2.502865187452048e+00, 2.286483288652104e+00, -5.837241368486972e-01, 9.477300033478180e-02, -2.234568445056522e+00, -2.694549776424359e+00, -1.314529002260695e+00, 7.223646295597820e-02, -2.663310777193804e-01, 2.133201227915159e+00, 1.642991979608239e+00, 7.252169472692299e-01, -1.488261385639205e-01, 4.489550125467709e-04, -4.392348157574077e-02, 3.861057221282353e-02, -4.228149667265973e-01, -6.233248331370890e-02, -3.925097808138527e-01, 1.649907199314080e-01, -3.060034074795437e-01, 1.377896925257604e-02, 8.657347977628189e-03, 3.633208217448796e-01, 1.086066026814544e-01, 3.972229330016563e-02, -3.163990706807869e-02, 5.133821826080592e-02, -5.154717872821823e-02, 5.899047318436999e-03, -5.636639166975869e-03, -4.641337206136379e-02, -1.759637774046954e-02, -4.581919461749117e-03, -3.878349507511880e-02, 2.384418454428910e-03, 1.052872332303535e-03, -7.557099535523376e-01, -6.265976576687483e-01, -1.367323042625994e-01, -8.285817508898387e-02, -9.135576465304415e-02, -2.463552058651990e-02, 6.803366623181751e-03, -1.534070275222877e-04, 5.671046014932763e-05, -1.204019278334304e-02, -1.206239560327721e-02, -1.136607281452320e-02, -1.489512646946224e-03, 1.012981359438371e-02, -2.512482845550603e-01, 7.240967460223294e-02, 2.717708046424875e-01, 2.761301706623465e-01, -6.899112789840431e-01, 5.124403494390926e-02, 1.243654760204825e-01, -3.982575689533321e-03, 6.539061533636044e-02, -3.078998229804084e-02, 1.075907092917146e-01, -8.627117864363869e-03, 3.340718857410942e-03, -7.916919673314315e-02, 2.116325352132216e+00, 4.165352071043476e+00, 2.220767791841309e+00, 7.017908866179808e-01, -6.125387943209747e+00, -2.398040788814644e+00, 2.544422392135014e+00, -2.299224293161588e+00, -2.736358465199934e+00, 1.719365050497608e+00, -2.943098878494552e+00, 3.759570619565822e+00, 4.711951043927968e+00, 1.175991192666597e-02, -1.112401703862046e-01, 1.368302066949008e+00, -1.992872642074832e+00, 5.041199213636054e-01, -7.848134517828198e-02, 2.348238509252068e-01, 2.001559696926981e-01, 1.958038171688223e-01, 1.240750914620176e-02, -2.442088128149655e-01, 5.943045399057447e-02, 9.402083996624389e-02, -5.343650856915751e-02, 4.507033311785084e-03, -3.458299322804704e-03, -8.496625242987684e-01, -3.201553517241303e-01, -7.149216171707429e-02, -4.089099882630232e-02, -2.264247962895784e-02, -1.218349148995378e-02, 2.136398760147034e-02, -8.044603310640048e-03, -4.211727893801553e-02, 2.288898190700998e-03, 5.239186833950134e-03, -6.987918802148377e-04, 1.781444609793978e-03, -3.870290721393883e-03, 3.916291550137864e-01, -8.619625511390841e-02, -2.030676322364667e-01, -3.334699805423807e-02, 4.500228391445639e-02, -2.204418225065788e-02, -1.965020952328182e-02, -1.570319405233962e-03, 5.420806697523982e-03, -2.037501390537840e-03, -3.050284723478506e-02, 5.334490103998254e-03, 3.192503738123865e-03, -2.852877727590787e-03, -1.615406944000642e-01, 1.950498901822151e-01, -1.571197110625846e-01, 9.900193968253240e-03, 2.864299308645865e-01, 1.449772160344502e-02, -1.405188345613030e-02, 1.496182679648824e-02, 5.362850410339096e-02, 9.101735175454869e-03, 7.018291667403051e-02, 1.327143363135332e-02, 1.672255405804452e-03, -1.428998234063177e-03, -1.107619514585836e+01, 1.753899917666729e+03, -3.115534098827918e+02, -7.078131490910048e+02, 6.392318988340763e+02, -3.922876728815006e+02, 3.594878040207658e+02, 8.670853080982805e+01, -1.898596709255728e+02, -1.520682190248133e+02, -9.858873986195418e+01, -1.867586613185156e+02, -4.120922022885559e+00, -1.380906833516902e+02, -2.762828807200284e+00, 4.841602954949907e+01, -2.285979637793550e+01, -2.261286580979144e+01, -1.378435261434629e+01, 1.560096680656852e+01, -8.217856637346685e+00, 5.613638727690129e+00, 1.797174669648492e+01, 5.643114249094877e+00, -2.251776049846142e+00, -4.159313317116792e-01, 5.478951471943127e+00, 3.970217873544803e+00, -1.053060815133602e+00, -3.607057964005035e+00, -1.554757433749677e+00, 2.033519134411601e+00, 1.015958753990330e+00, -3.127905259496541e+00, -1.542387390868010e+00, -3.235814421283390e+00, -2.800729716111683e+00, -8.653352365147440e-01, -1.248947860347492e-01, 3.758065751307231e-01, -6.497587454748507e-01, -3.969541601956111e-01, -6.048078723929432e-01, -8.123375418432308e-02, -1.997883378671256e-01, 4.373510533914599e-01, 3.338215900722949e-02, -1.214395570938233e+00, -2.246308531144175e+00, -1.431913280419174e+00, -1.633920205417227e+00, -1.056373836798831e+00, -1.164592401451912e+00, -6.779821161924492e-01, 5.819183285729822e-01, 1.512233621191546e-01, 5.405466665320118e-01, 8.674293561113913e-01, 2.521055822046111e+00, 1.592653763988030e+00, 3.281393543060990e+00, -1.723784003423380e+00, -8.852121367953407e-01, 7.097588190298822e-01, -2.594087673711941e-01, 6.865120405501233e-01, -1.917442817035722e-01, 3.155193648759503e-01, -3.475369276311224e-02, -8.269340023347327e-02, -3.991669717905464e-01, -7.881708737573570e-02, -4.619660831799549e-01, -1.256431670298038e+01, 2.511498193538371e+02, 9.569966449828755e+01, 9.288638139409599e+01, 6.955015766467925e+01, 7.224535613611401e+01, -1.688588935630185e+00, -1.949878377121546e+02, -2.554018803815618e+01, 8.157146615567601e+01, -1.199236584544993e+02, 4.755851849911046e+01, 1.197793892509442e+02, -1.503136658095426e+02, -8.608160834171674e-01, 1.592762956611387e+01, 8.512483887821734e+00, -1.428161099990217e+01, -8.011384258031105e+00, 7.730054190029816e+00, -1.972844791915978e+00, -5.037101241867405e+00, 1.269388269067703e+01, 1.449798123922795e+00, 2.458568296656415e+00, 3.695944635745491e-01, -8.050085826708233e-01, 2.667036381557236e+00, 1.727405299005765e+00, 1.460684708066713e-01, -5.491279324791336e-02, 2.061963995169769e+00, -4.534111230951395e-01, -1.423571605889701e+00, 1.180102553683323e+00, 8.485505555944467e-01, -1.016875857277928e+00, 1.020991307492709e+00, 5.208736659093286e-01, 3.307018532634429e-01, -6.096612831624077e-02, -1.550020858916614e-01, 2.216220856459358e-01, 6.173493970988046e-02, -2.989046232482793e-03, -1.969951054148122e+00, -1.408446368531715e+00, 1.550363608154205e+00, 1.064642581649006e-01, 1.586287181329240e-02, 2.362305460646330e-01, -1.599560301431252e-01, -7.285790379802121e-02, -1.896360998774240e-01, 2.672732260039916e-01, 2.375413425340519e-01, 2.303287052429885e-01, 6.799924971129186e-01, 4.917726612069801e-02, -1.734434943951660e+00, -1.686703344001412e+00, -1.585403799258271e+00, 2.200998288438963e-01, 4.651386833849609e-01, -4.244865176492418e-01, 7.844382759386864e-01, 2.569345332976301e-01, 1.300302576199762e-01, 1.336190920076244e-01, -7.501678612157049e-02, 3.548602940480060e-02, -1.275491679890645e-01, -1.181089940961669e+00, 5.928759416049355e-01, -7.049517851898841e+00, 7.854750421610574e+02, 1.141163494106193e+02, -5.332687502931991e+01, 9.531448477345688e+01, -1.557567222038579e+02, -5.770257775116037e+01, -8.398609564090499e+01, -8.892115647883092e+01, 2.813846628923360e+00, -1.031879546519322e+02, -7.223291037174062e+01, 4.705932369207631e+01, -3.169185525242944e+01, -6.250048597242476e-01, 1.640444400051266e+01, -1.181759570379494e+01, -1.351927174276027e+01, -8.173991623025527e+00, -2.547536107336941e+00, 7.737170584497740e-01, 2.626432636826883e+00, 4.667949797007482e-01, 3.540357515827816e+00, 3.202298432320136e+00, 3.814689113410844e+00, -2.700495647091401e+00, -1.272991392999585e+00, 1.669154721519752e-01, -5.542829731524904e-01, 8.083619861189657e-01, 2.079274179474669e+00, -6.534515714283124e-01, 2.643509572610435e-01, -1.310886288780626e-01, -2.482706603830846e-03, 2.679759927361895e-01, -1.053995209049533e-01, 1.636342242451942e-01, 3.978793772592032e-03, 8.706290360935076e-02, 1.302171721406669e-01, 1.470735191967919e-01, -5.246828099357608e-01, 7.325499344465327e-01, -9.417647185211602e-01, 7.589851538241423e-01, -9.962289284642701e-01, -1.433298282159019e+00, -3.218918120129980e-01, -7.982293728826295e-01, -5.106863176254174e-01, -3.338382308998583e-01, -1.207669513237117e-01, 1.214779130760819e-01, 9.426872080608885e-02, 2.226337616578756e-01, 1.605770300933896e-02, 9.542362399473269e-01, -5.176422583334641e-01, 5.865319185955041e-01, -1.209673899454583e+00, -1.119256005563620e+00, -6.065057053337949e-01, -3.637915880329787e-01, -2.065348125835753e-01, -4.225957333406191e-01, -4.212204272925853e-01, 2.785333909968550e-01, 6.492264125837329e-03, 8.308245547488892e-02, -1.149392777124568e-01, -1.382921039942862e+00, 1.028597476947491e+00, -6.511900713873842e-02, 9.294192405999443e+00, -7.288991210953313e+02, 1.315616231159486e+02, 5.996804934697223e+01, -8.720448115555105e+01, -2.752132969893013e+01, 5.679865288019188e+01, 1.416589451544396e+01, 5.438021028785715e+01, 1.719491552270992e+01, 3.028544061670333e+01, 2.269483973972639e+00, -3.103137553203409e+01, -4.290550538575022e+01, 4.597927917091952e-01, -6.450442422579177e+00, -4.086596297289165e+00, 1.686014556611725e+01, 5.112879910622276e+00, -5.508546963319576e+00, -5.319853094070782e+00, -1.191420683101277e+00, -2.846999377276404e+00, -9.096169932530160e-01, 1.715875211845783e+00, 2.653287014683950e+00, -4.177779958923746e-01, -2.435568462328991e-01, -2.907469837828074e-01, 1.306926546964198e-01, 7.179874867004473e-01, -4.108610410788696e-01, 1.275542904890304e+00, 2.697280924357425e-02, 2.335838471413886e-01, 2.928310768426310e-01, -3.857780786523712e-02, 1.567693841573692e-01, -1.084012765481838e-01, -6.067970038403935e-02, -5.508986032194457e-02, -3.267213939263675e-02, -1.312839424710823e-01, 1.753780152692641e-01, -9.300817003143473e-01, -9.288900377829167e-01, -1.215663782503144e+00, 2.009090409743343e-01, -5.518937028089230e-01, -3.908549741262290e-02, -3.701893909297424e-01, 9.555971885325239e-02, 3.516051120962210e-01, 2.889949699453135e-01, -1.231280023896395e-01, -1.091385413554870e-01, 7.762604581540784e-03, 2.870112042190268e-02, -9.289340655726189e-01, -1.602271283897195e+00, 1.497578021045862e+00, 1.750784738189022e+00, 2.471159212492135e-01, 3.923012157193625e-01, 4.580820473195876e-02, -6.183678705140329e-01, -9.372312502851436e-02, 1.347573775719985e-01, -1.379491337856535e-01, -2.719201241489843e-02, -6.827746850021950e-02, 5.708916740639029e-02, 1.412480660260727e+00, 4.136374305859084e-01, 7.074874958168306e-01, -1.752717188237822e-01, -2.099881200510420e-01, -8.851361927413485e+01, -2.054480284604768e+01, 1.562873298004373e+01, -5.761779684258670e+01, 2.271057066557438e+01, 6.910485508184426e+01, -3.191109341891056e-01, -2.296643513547897e+01, 3.397798486195406e+01, 5.724990968050268e+01, -9.848099001311255e-01, 2.056872923924653e+01, -4.294322165915069e+01, -7.461369848124745e-02, -4.288041440150903e+00, 1.205577289494839e+01, 1.268092378422016e+01, 1.301045393580550e-01, 3.192039888998416e+00, -3.694224140298148e+00, 1.232660135952048e+00, 3.437446620136143e-01, -7.744327044980683e-02, -1.971105704496361e+00, 6.738443652496235e-01, -6.128052371484157e-01, -3.012135407055651e-01, -7.619359635599317e-02, 1.656478155177291e-01, 6.851101808029795e-01, -1.876427540569857e-01, 2.112132016987734e+00, -1.274069863953965e+00, -2.490431666656858e-01, 4.506533479719763e-02, 1.059426407192716e-01, 3.278517753173270e-01, 3.238829798075883e-01, 2.119093906853826e-02, -7.776597712956775e-02, -4.009771514565984e-03, 2.088811466702641e-02, 1.466445197374709e-01, -1.402583150244664e+00, -7.708198966468446e-01, -8.084441110057787e-01, -4.079025363710262e-01, -3.745131256826068e-01, -2.110643582700297e-01, 7.085348859195184e-02, 1.607894875168772e-01, 1.282482215568718e-01, 1.720440487405542e-01, -4.632018350323260e-02, -1.996651907596650e-02, -3.896463231872694e-02, -2.889382861304828e-01, -2.009394651500588e+00, -1.286739992979456e+00, -1.105921213689526e+00, 1.616891187682522e+00, 9.962068224351970e-01, 3.939441204710373e-02, -2.416328506210282e-02, -2.862527563112503e-02, -9.735913382601966e-02, -4.888460803270159e-02, -7.084557673298923e-02, -1.530826483197645e-03, -6.723675709175539e-02, 3.615817336050044e-02, 1.889704504249863e+00, 2.554213283722991e-01, 6.637029030737135e-01, 6.729421486006597e-02, 1.205244081509492e-01, 1.921181186001472e+00, -8.189209968516001e+01, -9.096154734002068e+00, 3.121880076512939e+01, -2.272276103959419e+01, 6.402131230226337e+00, 4.761732518135217e+00, -1.375604957302609e+01, 2.747095971539709e+01, -1.152662123534176e-01, 7.777692078843112e+00, -3.515318212319490e+01, -9.982870473284219e+00, -1.167858203297588e+01, 2.441602926034800e-01, -1.437954740187425e+00, -8.800518684537468e-01, 5.959546191507682e+00, -1.288305244959997e+00, -4.628772336955490e+00, -1.797086696951822e+00, 8.292999026066871e-01, 1.271356583338811e+00, -1.403749664795304e+00, 2.379331910295519e-01, 6.455755591378655e-01, 2.777195520436340e-02, 6.181018438289480e-02, 4.572641590716586e-02, 5.693787229796895e-02, 1.294336784313492e+00, -1.316206837213409e+00, 6.331249041671568e-01, 7.771391632013409e-02, -1.570533192294717e-01, -2.609025057427219e-02, -2.418015401305038e-01, 1.515081525835962e-01, 7.759506213515367e-02, 9.421227218603857e-02, -7.298285002803273e-02, -2.983270483791392e-02, -1.404446239154039e-02, 3.847020030684102e-02, -1.421113102231195e+00, -8.128934208004824e-01, -4.229431979794582e-01, 7.139336341296484e-03, -1.566632905426264e-01, -1.103739308200528e-02, 1.537989133513201e-02, 3.296730610294706e-02, 1.014780927186043e-01, 9.614373275918886e-02, -6.551433745919883e-03, -2.366018282021210e-04, -1.103566482345132e-01, -2.280751286133894e-02, -9.812843708955640e-01, -7.737072768101509e-01, 1.392929609300675e-01, 1.028371410727878e+00, 2.158900173386982e-01, 1.865909507644009e-01, 2.299796776999728e-01, 1.095556011821669e-01, 2.086328085259642e-01, 2.508087251221013e-01, -1.340033464226526e-01, -5.487718423021985e-02, -2.925168598470425e-02, 2.082116783420303e-03, 1.196694746782442e+00, 5.473455030182451e-01, -2.363787347130873e-02, -1.450497520663848e-01, -1.062675885593714e-02, 1.518342617863784e-02, -5.903900357336098e-01, -9.334625435676496e+01, 2.147180384611587e+01, -5.733429250990906e+01, 2.047592684020604e+01, -3.036681384952383e+01, 3.977724805997536e+01, 1.101065356833966e+01, -1.703270531031439e+00, -1.127280730178258e+01, 1.344946370194216e+01, 1.332432544924701e+00, -7.493003125780715e+00, -3.878676222709637e+01, 1.149230101731109e-01, -2.728061609278245e+00, 8.552609347181017e+00, 6.147607560171236e+00, 2.868208860915252e+00, 1.842051899197571e+00, -1.422436464061756e+00, 1.100745253075147e+00, -1.338899929756766e+00, -3.298421273478068e-02, -7.183567812654679e-01, 1.899027824387651e-01, -2.895370042721269e-01, 1.285899800337583e-01, 1.094672086963435e-01, 2.264372461615414e-01, -5.613658544162517e-02, -1.261287433693914e+00, -3.694702555950817e-01, -2.482390524692314e-01, -2.386688041573341e-01, -2.057475852125641e-01, 2.883876170045863e-02, -1.046162118380794e-01, 6.762981262494061e-02, -6.864623387216612e-02, 2.763784347698017e-02, 2.012010994721409e-02, -1.628296304437092e-03, 6.890577860178083e-02, -1.381761579382393e+00, -1.015265847855408e+00, -3.061073517506863e-01, -4.227251589313171e-02, 4.154728791341734e-01, 8.787799764468832e-02, -6.885378740778421e-02, -1.142531663724003e-02, 1.468983689891604e-01, 8.284133256779226e-02, 1.727493230674546e-02, -4.876859897100394e-03, -1.419398028626255e-01, -1.842589211164725e-01, -1.254908840477233e+00, -6.095731757041694e-01, -2.077205320010091e-01, 9.842881722320213e-01, 8.334129398345527e-02, -4.270696042718249e-02, 5.032373569365887e-02, -2.226807797780448e-01, 8.617879694013095e-02, 5.991409800199947e-02, -7.086490519949254e-02, -3.830714354485837e-02, -8.594120786032512e-03, -6.653873262853493e-03, 9.625356267231231e-01, 6.950908402185103e-01, 3.846527889087889e-01, 3.211882761866293e-02, -3.304642698168488e-02, 4.616396901349482e-02, 2.018662486047119e-02, 1.676402727533004e+00, -1.712607931984632e+02, -1.591871557342169e+00, 8.460491367848668e+01, -1.277972312492416e+01, 1.707700783629479e+00, 3.167695431702065e+00, 1.413486513393189e+01, -4.363982489546737e+00, 7.085595583251918e+00, -7.991562509541969e+00, -6.865527366543114e+00, -5.290515799458585e+01, 1.093911106918617e+00, -3.699698129880669e-02, -7.244063671754550e-01, 8.011849982580570e-01, -1.117053933322335e+00, -1.295703335840746e+00, -1.127941709462509e+00, -1.315464429414472e+00, 1.370766944815609e-01, -8.781387666547431e-01, -8.284845375349698e-01, -4.637857600885641e-01, -1.222939965855987e-01, 4.772874121751444e-01, -1.261022749137153e-01, -2.778539753359644e-02, -5.634076228734702e-02, 5.716619232707497e-01, -2.250096977233597e-01, 3.498535512017713e-01, -6.019385751623143e-03, -7.791180970027427e-02, -6.662358522703245e-03, 2.587983112902330e-02, 2.596142698762826e-02, 6.616352397496712e-02, 9.979880651626014e-04, -5.507496574035748e-03, 1.574298997813502e-02, -1.480116681226950e-03, 1.843424865570738e-02, -3.785966805353020e-01, -4.232447670541125e-01, -3.344788219870752e-01, 5.598137678911538e-02, 8.937213333531613e-02, 9.852730010181473e-03, -2.165984816285395e-01, 1.325478332541111e-02, 1.204734880502634e-01, 4.835559617744027e-02, -2.927624225165604e-02, 1.355984856026621e-03, -6.985474999120152e-02, -6.536200762083687e-02, -1.045413359793291e+00, -6.680877587739570e-01, -2.043149411302745e-01, 5.106574083903345e-01, 2.072772319897122e-01, 2.854651194467749e-02, 3.532481259214432e-01, -8.402747033288455e-02, 2.573684101325769e-02, 9.751328138257865e-03, -2.083159599635283e-02, 1.541413726829373e-03, -2.390924805781147e-02, -4.602466525645344e-03, 3.357765469881010e-01, 1.785747526663660e-01, 4.089439883276867e-01, -1.640022001289055e-01, -1.239546034397194e-01, -6.670060480506201e-02, 6.567108816372139e-02, -8.566147011285495e-03, 1.326489945799502e-01, 1.752096536372934e+02, -5.594534615780371e+01, -8.382589044484070e+01, 2.733452404446926e+01, -7.340317949926146e+00, 6.154925690259303e+00, -1.763848725629756e+01, 2.968974313004404e+01, -2.860626013954395e+00, -3.941839870420323e+00, -1.730786502013189e+01, -1.060435675687258e+01, -2.508425789128052e+01, 3.008004086275725e-02, -5.907878552634735e-01, -3.324822149042450e-01, 4.688691028514946e+00, 1.271432758302769e-01, 3.997739575561780e-01, 7.684972322770972e-02, 1.355535014584675e+00, -2.271815927142502e-01, -2.251844739381741e-01, 6.050983493685436e-02, -7.521204601456050e-02, 2.985940592832360e-01, -8.691125070269788e-02, -4.750508723969880e-02, -7.074322909450773e-02, 1.546421494528996e-01, -8.424705659727673e-01, 1.811939841781988e-01, 1.634927332965136e-01, 1.034613210959088e-01, -7.821383041485902e-02, 1.415916502011418e-01, 1.364467621232183e-01, 4.139703669668546e-02, 9.166306836761949e-02, -6.962434908861025e-02, -2.046978756156912e-02, -5.010889487632984e-02, 3.756386912980654e-02, -6.193761023269729e-01, -2.703393507061047e-03, -1.959537333073644e-01, 1.076712403663015e-01, 1.976983620338976e-02, 1.249253071122611e-01, 8.194312439313605e-03, 9.415951738514382e-02, 4.187684103183980e-02, -1.339870186464298e-03, 9.656650642964630e-03, -2.489067169725130e-02, -2.387311887970154e-02, -2.264644405427015e-02, -6.264729032146104e-01, -6.426453372190520e-01, -1.944158529842879e-01, 2.546653856750594e-01, 3.194555118694987e-01, 1.908005091402201e-02, 2.640374052910851e-01, 2.063173399572414e-02, 2.206750402818434e-02, 7.835149435636146e-02, -1.784654259156007e-02, -9.611203012232094e-03, 2.114985810234983e-02, 3.125757318508131e-02, 5.175450678694457e-01, 2.574261899273519e-01, 2.877555109354005e-01, -2.683612036910302e-01, -1.144550871326663e-01, -9.015350352821037e-02, -8.991715309393652e-02, -1.022960225866707e-01, -1.260872189549887e-02, -1.302064481303367e+00, 1.278913479463226e+01, -5.544601487582690e+01, -3.226610784380981e+00, 6.754127905333829e-01, 4.808127009658839e+00, -9.296140977415632e+00, 2.924378879060690e+01, -1.408494114290457e+01, -1.323419438666561e+01, 1.176728463468752e+01, 1.984267478936812e+01, 1.486542765795168e+00, -4.590605119783351e+00, -2.170983437955106e-01, -4.774512716862478e-01, 1.040370129089714e+00, 2.478298488860661e+00, 2.832418572160871e-01, -4.969853346354777e-02, 2.129855025902531e-01, -2.457286183430293e-01, -4.047458041405248e-02, -9.660400919610291e-01, 2.779283215837419e-01, -5.932639308900442e-02, 3.182917508119957e-02, -1.437951409932280e-01, -4.746279914361139e-02, -2.597854237327195e-03, -8.720889574343752e-03, -6.234767303096604e-01, 7.146938809937660e-03, 2.166081392920006e-01, 4.199748992482583e-02, 2.486593353695095e-02, -1.046361235927554e-02, 5.342159198012630e-02, -1.036097649000255e-02, 3.530957802360648e-02, -5.331571809588027e-02, -1.974825113824796e-02, -2.271148887190836e-02, 2.276658823583647e-03, -9.092654516189196e-02, -8.823661083824648e-02, -6.362530480039591e-02, 1.479061271149948e-01, 1.237814618967005e-01, 1.116288154590457e-01, 4.036229577636690e-02, 2.018980079114573e-02, 2.727590490857430e-02, -2.204278970797067e-02, 2.518560639216656e-02, -8.651241118564849e-03, -1.885194413387534e-02, -2.252246762853819e-03, -4.190399268012713e-01, -4.910476830764479e-01, -1.717311728645924e-01, 2.359598945645189e-01, 1.548635808461612e-01, 1.150837480315809e-01, 9.572538814421129e-02, -2.273725124732364e-02, 8.610570630939167e-03, -1.816414281685084e-02, 1.015953003871145e-02, -2.771105378633366e-02, -1.046741293424027e-02, 1.128293998378280e-02, 1.362238665624551e-01, 2.571171623916170e-01, 1.574631599178824e-01, -2.876147490983905e-01, -1.286155022296649e-01, -1.372880099034706e-01, -7.723346227903381e-02, -4.214298971031961e-02, -3.582707099095565e-02, -7.566099421126923e-03, 1.804427341048627e+00, 1.527652448419822e+01, -3.443886137865080e+01, 4.075123158530069e+01, -1.485960418645515e+01, -4.701760180018120e+00, -1.007252634863071e+01, -1.898426198629256e+01, 3.366755168652474e+00, 1.323307587747777e+01, 3.184676729254051e+00, -2.660084420174477e+01, -1.218493955037781e+01, 5.593523711473756e+00, 2.075930681446772e-01, 1.098114470703570e+00, 5.107883085860402e-01, -2.358738816411844e+00, -6.198810968271509e-01, 1.521417521073303e+00, 6.978726495936787e-01, -1.822789920322924e-01, -9.123415513155209e-02, -1.552119413351351e-01, 1.280889961667829e-01, -4.303689412787643e-02, 1.176443476556405e-01, 1.801783737403781e-01, 1.396389758891146e-02, -1.139858229423320e-01, 1.799446940079756e-02, 4.351912306716733e-01, 9.363985796833812e-02, -2.477627041235120e-01, -7.952330900459181e-02, -3.381955211102167e-03, 3.523277103555363e-02, -1.563486746611358e-02, -9.900546224933256e-03, 7.231414557442480e-03, 4.313148013744488e-02, 1.498163405669111e-02, -2.947730197969128e-03, 7.376821260210846e-03, 2.582522404169789e-01, 2.057949708147593e-01, 1.118077759496750e-01, -5.040386012252180e-02, -8.479988954295345e-02, -8.357267811397477e-02, -4.389587094280318e-02, -3.500761854001579e-02, 5.341203194353429e-03, 5.506566893041958e-03, -6.392080231904135e-03, 8.867526398591764e-03, -7.525331934961192e-02, 2.121136588507359e-02, 4.030721502854330e-01, 2.433039146866576e-01, 3.413928901427761e-01, -1.950588573573628e-01, -1.983121974692433e-01, -8.007753924750179e-02, -2.749400513131718e-02, -3.642679933775259e-02, -6.211828328879435e-02, -1.555391868189242e-02, -2.383211975039495e-03, 2.495936273692734e-02, 1.987441703501497e-03, 3.247864179683519e-03, -2.092650767882041e-01, -3.192726614563315e-01, -1.616322157151286e-01, 1.528263336195457e-01, 8.774934914279725e-02, 6.563347841405333e-02, 1.864937178760472e-02, 3.847407597530236e-02, 1.564622124189400e-02, 1.356118507862477e-02, -1.262256839657946e-02, 1.259803622449490e-01, 1.273528430813826e+01, 1.280190234322968e+02, -9.225279349276530e+00, -1.751589653851918e+01, 4.914292206064510e+01, -5.312820412661783e+01, -1.151250293295619e+01, 1.691370708578925e+01, -7.768189946367035e-01, -3.834132930170976e+01, 3.906645643490965e+01, 8.429222388298793e+00, -2.012006199714380e+01, 7.360741963008528e-02, 4.621203528821252e-01, -2.085859266486011e+00, -1.597547858325768e+00, 5.706655561571994e-01, 3.809249882150674e-01, 2.177182365958788e-01, 1.300334746788397e-01, -8.329509455942679e-01, 2.337663663750421e-01, 1.057889299941030e-01, -5.622823358954372e-01, -3.512781840525827e-01, -3.833195947507372e-02, 9.340865697517459e-03, -1.352216932936326e-02, 1.262360754278062e-01, 2.034232583024466e-01, -3.221602212666792e-02, -9.568188422288013e-02, 1.470173391224986e-02, -1.000154844794324e-02, 5.458407204967768e-02, -1.592357096861185e-02, -2.845865056761967e-02, -1.218802583387640e-02, 6.277041811844719e-02, 1.867181096049508e-02, 1.240698026677008e-02, -7.328430304037936e-03, -9.399151658872227e-03, 1.568485073187788e-01, 1.356839103774826e-01, -5.236805924768181e-02, -3.315724289685183e-02, -1.274128512986918e-02, -1.528012173478562e-02, -1.508968935564543e-03, -1.215943059139701e-02, -9.549594508281776e-03, 4.253079672416543e-03, 1.509797209264080e-02, -8.579308773272691e-03, -2.321073802653444e-04, 1.496520539508940e-01, 2.913033578856543e-01, 1.918386542239252e-01, -2.291914724085611e-01, -1.011858855663543e-01, -9.329496668056687e-02, -1.541448483710425e-02, 2.547064981026613e-02, -3.527814391325565e-02, -3.729698973040185e-03, -4.019306776471427e-03, -4.404255691504771e-03, -7.160714162697255e-04, 4.107914601693029e-03, 2.156315842301233e-03, -1.628984253332617e-01, -1.203732652753478e-01, 1.135298376070199e-01, 3.684213813568048e-02, 3.161122683102503e-02, 1.487438245112551e-02, 3.120126615713540e-03, 2.604274047999386e-02, 1.849127074396772e-02, -2.043967439556293e-02, -6.409654581134123e-03]
