elements:      [Si]
cutoff:        7.0
pair_type:     gaussian
feature_type:  gtinv
model_type:    4
max_p:         2
max_l:         12

gtinv_order:   4
gtinv_maxl:    [12, 6, 2]
gtinv_sym:     [0, 0, 0]
gtinv_version: 1

electrostatic: 0
mass:          [28.09]

n_pair_params: 6
pair_params:
- [0.5, 0.0]
- [0.5, 1.25]
- [0.5, 2.5]
- [0.5, 3.75]
- [0.5, 5.0]
- [0.0, 0.0]

n_type_pairs: 1
type_pairs:
- atom_type_pair:      [0, 0]
  pair_params_indices: [0, 1, 2, 3, 4, 5]

type_full:    1
type_indices: [0]

n_coeffs: 3912
coeffs: [-1.071797389328600e+00, 8.735806478042224e-01, 6.911762831735639e+00, 1.298270203493103e+01, -3.580225223937495e+00, -1.380854328859187e+01, -5.860770867521777e-02, -3.326575696341996e+00, -3.417018678866812e+00, 9.934279620126560e-01, -2.642554565692587e+00, -5.776892651698534e+00, -2.613125846847819e+00, 2.794934600355202e+00, -1.748549851737351e+00, -2.812849912440688e+01, -3.606890476145291e+01, 4.239558181614965e+00, 7.804762309573498e+00, -4.571043173389325e-01, -7.203982104633446e+00, -2.990551637782266e+02, 1.542963128995265e+02, -1.139333782230946e+02, 2.384505816742439e+02, 2.945453211472034e+02, 9.925572347290777e+01, -3.721960600053299e+01, -1.261616070135799e+02, -5.978772117850055e+01, -1.490550564745060e+02, -1.786561461754371e+01, 9.067646101067658e+01, -2.416516824445041e+00, 1.914001275277448e+02, -1.514116226213904e+02, 1.072555826514348e+02, -6.517507620546078e+01, 4.606939550008285e+01, -1.239244980087001e+01, -9.211029943058774e+00, -1.000846546713535e+01, -1.115845100233750e+01, 7.882370793151111e-01, -1.463548951060081e+01, -5.762011671539747e+01, -5.715349915093373e+01, -7.173674169976744e+02, 2.104187937733806e+02, -4.972414659186107e+01, -4.046394773781008e+03, 7.903471006211793e+02, 1.037263944510896e+03, 4.608944672825443e+01, 5.102785420153730e+01, -9.786017762700165e+01, 3.492608308758235e+01, -2.578224904824440e-01, 4.548505973897250e-02, -1.956921405162292e+00, -8.851954904748126e-01, -2.627359812308404e-01, -1.072228676612457e-01, 2.200382823402836e+00, 2.582061897718961e-01, -2.521346201601784e-01, 1.685146615351547e-01, 5.315699125730762e-01, 1.802759079790146e-01, 2.781262660305920e-02, -3.028653921153389e-02, -7.694408496349305e-02, 2.455202559013935e+00, -1.471588705190886e+00, -7.379685599993067e-01, 1.547252352654603e-01, 2.600878414365718e-01, 1.164527407476337e-01, 3.482697637565389e+01, -3.148521952586152e+01, -3.647586300786745e+00, -2.129077685958547e+00, -1.071296894296467e+00, 3.207498901919643e+00, 7.234341899866131e+00, 8.707625605255013e+00, 2.293051750564922e+00, -1.505085509232520e+00, -3.171517954194814e-01, -4.994823563230644e-01, -1.768940063206097e-01, 1.445761924158407e+00, 6.162504884013665e-01, 1.151390139839410e+00, 3.641111879621405e-01, -1.836254312354332e-01, -6.478134769749229e-02, -3.466854496016983e-01, 5.403388224644904e-03, 1.104875509723725e-01, -1.598930059878055e-02, -1.275520444197906e-02, -2.960327677159934e+00, 1.647396609649402e+00, -6.153532777073163e+01, 1.923493162095487e+00, 3.658058749308644e+00, 2.976813014461304e+02, -2.092701350793917e+01, -3.017826812491745e+00, 5.553526538265086e-01, 6.148579185187608e-01, -1.179161981864658e+00, 4.208405790840385e-01, -7.666910577941943e-02, 7.185469134810045e-03, -1.253306433309547e+00, -3.216651008014971e-01, -4.554065585637608e-01, 6.110766356726192e-01, 3.691944962587563e-01, 1.352769271999296e-01, 1.520571273097352e-02, -2.615637930666639e-02, -2.938779525101497e-02, 2.238684878125614e-02, -2.954900064210506e-02, -8.462690567020537e-03, -1.854145113809424e-03, 1.761185773415817e-01, -3.115888028575627e-01, -3.839436420314706e-02, -3.343158440909823e-02, -7.088221901369464e-02, -1.181568227193210e-03, -7.995765491942457e-01, -3.554152222337439e-01, -6.462081058480508e-01, 5.071251998397083e-02, 8.480972888590723e-04, 6.794618577894611e-02, 1.186164492461289e-01, 3.340120356611327e-01, 7.497065106653751e-02, -1.464505178433389e-02, -4.196775485824226e-02, -1.833516252445347e-03, 1.750910605540275e-02, 1.573203643461669e-01, 1.205148133174003e-02, -4.766977430957475e-02, 1.533375600872789e-03, 2.167762513600273e-02, -9.580019355538996e-04, 7.057188259890667e-03, 1.502023391913382e-04, 1.883145550923253e-03, 1.825019484584987e-03, -1.050245521220792e-04, -4.833332658837509e-02, 1.481582230701702e-01, 2.774806505164558e-02, -4.701963463157376e-02, -5.456176415667644e-02, -4.440063844698532e+00, -2.603299869456577e-01, -3.190646799572587e-02, 7.303793229725418e-03, 8.086193985692304e-03, -1.550770639586865e-02, 5.534710895950849e-03, -4.305570746009364e-02, 2.776750833445027e-03, -1.795729129617371e+00, 2.075082760579660e-01, -5.152252742514402e-01, 2.242068107920372e-01, 1.140913034337790e-01, 3.978502917358128e-02, 8.359642120034361e-02, 4.452426541831622e-02, 5.954093545315909e-02, 2.061929896035892e-02, -2.895189120045002e-02, -1.160917582189116e-02, 4.834026032767385e-04, 2.274337093169334e-01, -4.161663276835244e-02, -3.009926060186411e-02, -2.553114202773194e-03, -6.211407786927234e-02, 1.636447752388182e-02, -2.944882540059802e-02, -5.188603659699125e-01, -3.158010521863197e-01, -2.017515418827552e-01, -7.855025984750787e-02, 3.608031272086002e-01, 1.572239308768432e-01, 1.702144368013470e-01, 2.110175841407225e-01, -1.644828012071601e-01, -5.955249684663447e-02, -3.195354513930636e-02, 8.754546327673304e-03, 3.127997744291679e-02, 5.429711119819666e-02, 8.881882497539995e-02, 3.717109159227908e-02, -3.687170367085923e-02, -5.604556440940498e-03, -2.817944783379265e-02, -3.440253570595543e-03, 1.061930338748246e-02, 8.986461334374997e-04, 3.776644554096456e-04, -3.963096631788135e-02, 3.399625374086600e-02, -2.520504764236066e-02, -8.347742265816764e-02, -7.004236230792499e-02, -5.699835912660646e+00, -3.972725152551158e-01, 4.189052426395049e-01, 7.678747118115614e-02, 8.501546754016552e-02, -1.630400444121963e-01, 5.818883652779715e-02, -2.162307321129420e-02, -7.223070881438014e-03, -2.072007360060925e-01, -2.853708917834199e-01, 6.986873817582424e-01, -3.332040212595608e-01, 6.390749726057621e-02, -1.870385610722139e-01, 2.048115011452716e-01, 3.111561321305494e-01, 2.668433654188327e-01, 1.847259752259844e-01, -8.404532596727818e-02, -3.917783278821668e-02, -1.520196890255510e-03, 1.106034199814421e+00, -3.555536770408595e-01, -2.554914218247928e-01, -4.869397259562442e-02, -6.250496030833039e-02, -1.183631799953820e-01, 6.921824083085879e-01, 4.307342193164491e-01, 2.688721096262065e-01, 1.230337465620443e-01, 1.141398625562633e-01, -2.382248874392784e-01, -3.772737288227423e-02, 7.249563519794916e-02, -2.614837833269708e-01, 4.965047337578376e-02, 1.000575519976414e-01, 4.576714045469656e-02, -3.113611188611550e-02, -1.280000096809300e-01, -7.498622030250865e-02, -1.314080490172450e-01, -1.617412018470459e-02, -5.905267727282879e-02, 5.406404280124207e-02, 1.381267233941382e-02, -4.455576953235323e-03, -2.091652335762251e-02, -4.312059987954466e-03, -1.107003480968306e-03, -1.612091535910774e-01, 1.149681728908626e-01, -4.757518837752127e-01, 3.779821715415288e-02, 2.368461955875233e-01, 1.927364011795493e+01, 6.765079956293001e-02, 9.008877782563548e-01, 1.822053154651870e-01, 2.017297994109330e-01, -3.868717707905698e-01, 1.380729058426632e-01, -1.945110603822785e-02, 4.927791440383767e-04, -2.045802366167191e-01, -1.033966715495037e-01, -3.766966281111150e-01, 3.778143003489205e-01, 2.269302421216894e-01, 7.578276920366003e-02, 1.717741212523459e-02, 4.532159293452906e-03, 9.085304245972595e-03, 2.065721028574316e-03, 1.179193537070424e-02, 8.488669505400344e-03, 1.229748331654013e-04, -6.157860688656784e-02, 1.311301493403049e-02, 9.886173491585911e-03, 2.006453213760536e-02, 6.101788051140065e-04, 4.189528736014929e-03, 7.038439522107721e-01, 6.414445012275960e-01, 2.599849747236173e-01, 7.202605486976953e-02, 4.047912650093151e-02, -1.784955865345043e-01, -1.859467212877433e-01, -2.152381459939589e-01, -9.187152106046576e-02, 1.914179735418928e-02, 3.600139169799391e-02, 1.788299277566496e-02, -1.065330546278012e-02, -4.535179543512387e-02, -1.841627404082714e-02, -5.623762093539418e-03, -1.069116702024523e-02, -1.141103899858315e-02, -7.214177727702271e-04, 7.522273626743570e-03, 2.870158653345254e-03, -3.331434038988108e-03, -8.288739627015049e-04, 3.981050668255243e-05, -9.380209681041005e-03, -6.944195254729391e-03, -8.374030968507774e-02, 1.251007102155327e-02, 3.880614751866838e-02, 3.157917381505550e+00, 1.340859710653137e-01, 3.945287684582678e-01, 1.344568112460824e-03, 1.488623020568727e-03, -2.854732442355174e-03, 1.018835126832980e-03, 8.735807389318080e-01, -1.748544379079909e+00, -1.463550373335002e+01, -2.812849623006461e+01, -5.762011832199666e+01, 6.608711864950470e+01, 3.606890785165838e+01, 5.715350056355371e+01, -1.546036911794770e+01, 2.971122976459354e+01, 4.239555643140826e+00, 5.006200749990068e+01, -1.678309273177967e+01, 1.273714668356617e+01, 4.352430682383456e+01, 7.804762984901880e+00, 8.680812431744363e+01, 2.988387068787581e+01, -1.196331612152075e+01, -1.398381979755624e+01, -9.726263985744804e+00, -4.571051651853159e-01, -1.991273063127113e+00, 2.021199523776598e+01, 7.312181361385123e+00, 1.648135164564018e+01, -3.442019964554012e+00, 2.498776633222809e+01, 7.203981105588899e+00, 5.840597613286820e+01, 1.977018534930223e+01, -3.162124194819563e+01, -1.012009279270218e+01, -3.586449746287913e+01, -3.556562056298354e+01, -5.379787029409192e+00, 8.812401005234085e-01, 7.944299668261565e+00, 1.633198150726057e+01, 7.087496284225251e+00, -2.216662705682612e+01, -1.499976820177307e+01, -2.592785570271728e+01, 6.393362646111040e+00, 1.632356096324682e+00, -9.682646553011567e+00, -5.846448039669349e+01, -6.160881667517184e+00, -1.319749893186540e+01, -2.083229167661160e+01, -7.821515750817492e+00, 5.488481317982878e+00, 1.270702210115557e+01, -2.599578607259509e+00, 3.417278060302199e+00, -1.408791054927764e+01, -3.515821258014292e+01, -1.012096648160775e+02, -1.505736307241032e+01, -7.343989329647957e+00, 1.390953540597182e+01, 3.782207612498997e+01, 9.460418314076030e+00, 5.379660749226117e+00, 2.102883269538203e+01, 3.372247296892699e+01, -7.278167891069970e+00, 4.604875018616761e+01, 5.485058880928320e+01, -1.963299956464203e+01, -6.958050055698426e+01, 2.765673860495423e+01, -1.379155327463564e+01, -8.550229762747133e+00, 2.514663263094952e+01, 1.645848545881272e+01, 1.324149748007022e+01, 4.489247686193261e+01, 7.315909391987580e+00, 6.713071139762073e+01, -8.440548198730520e+00, 8.856630353094878e-01, -2.499948079811677e+01, -2.313246720098719e+01, -1.102187359172874e+01, 1.486562701548067e+01, 3.801403086652519e+00, -5.281443717182827e+00, -2.617196150762228e+00, -1.709184687813225e+01, 9.287460944259267e+00, 4.826857260545371e+00, 1.192049665487140e+00, 1.006574242942222e+02, 5.946909526519915e+01, -2.866165069793708e+01, 5.578625769993105e+01, -1.394388481163770e+01, -2.714511110034289e+01, -6.047052794301790e-01, -1.962590685291680e+01, 3.997397280757584e+00, 2.133391044433338e+01, 1.612661649827691e+01, 1.147687928895518e+01, 3.248277179402017e-01, -1.250947853849884e+00, -1.053467350813567e+01, 2.463612534164808e+01, -5.522031356453763e+00, -4.261421968969817e+00, 2.239623440064305e-01, 7.490714919332414e-01, -4.735865745675523e-01, -4.667293893287051e+00, -2.896883929820831e+00, -2.459452878316108e+00, 2.047875321569175e+00, 3.801530106790537e+00, 4.548506287192247e-02, -4.216827504677790e-01, -3.870883361816891e-03, -3.498187409744178e+01, 3.077863579679882e+01, -3.440880745597534e+00, 1.497642227787259e+01, 1.022080482243146e+00, 3.788061855831570e+00, 3.952851171868597e+00, -6.960014109528495e+00, -3.546376485394126e+00, 2.676754212793411e-02, 8.550289217567260e-01, -2.948169999874442e-01, -7.694414460946152e-02, -1.275536078018295e-02, -2.934366519864895e+00, -6.392143899957939e+01, -1.173579007132738e+01, 2.789027449554698e+01, -3.862843569155309e+01, 8.224405230945229e+01, 4.390773334385515e+01, -2.063554168546696e-01, 6.329366272807118e+01, -3.841702419861585e+00, -9.415534794981353e+00, -1.053460703089306e+00, -5.739405342205631e-01, -6.634035854860777e+00, 2.455202678362542e+00, -2.960328248202432e+00, -4.861835444331457e+00, -4.790908844956443e+00, -3.306831989750884e+01, -1.780045611926338e+02, 7.557148035105557e+00, -2.022934699331967e+01, -9.465127282940392e-01, 4.541407323247705e+01, 2.328615035643169e+01, -6.368323198106910e-01, 1.333750036869998e+01, 2.834374360174316e+01, 1.382727587612618e+01, -5.975550976135796e+00, 4.302397013661990e+00, 1.471588506791306e+00, -1.647396876437834e+00, 3.508120632294662e+00, 3.580044871260414e-01, -1.487664378134587e+00, 2.190254750363952e+01, -5.998340232110142e+01, 1.170200581718738e+01, 2.820710893607883e+00, 2.925166187233594e+01, 9.689644960396263e+00, 5.962252898912482e+00, 4.526041573426868e-02, -9.704386702659220e-01, -6.847520673929758e+00, 9.863278990069889e+00, -2.295313901014064e+00, 1.189939725073480e+00, -7.379689885379762e-01, -6.856965125275175e-02, -1.453309610229584e+01, -2.701628648507916e+00, -9.704756021347397e-01, 1.945541490647589e+00, 1.196718287052807e+01, 1.975781860666438e+01, -1.359720492465016e+01, -2.144203568917661e+01, -6.393081932559026e+00, -9.103688312282358e+00, -1.323974991698317e+01, 5.208233132329490e+00, -1.096902656194197e+01, 2.683651955425901e+01, 1.221261862886814e+01, -2.230153021998350e+00, -4.627104845264056e+00, 1.547251431839504e-01, 1.567854820743266e+00, 1.062098512335223e+01, 8.503621037237897e+00, -5.087408190129720e-01, -1.263382103239505e+00, -5.295320508239796e-01, 6.439745714058968e+00, 2.893381796185144e+01, -3.161634991247568e+01, 8.388388590012262e+00, 9.900831769432861e+00, 1.089834036846718e+01, -1.314249449866577e+01, -6.367793736378486e+00, 1.664007447827183e+01, 7.228382019345230e+00, 1.088336400866765e+01, -1.887368573476507e+00, -2.392885468729578e+00, 2.600884169784133e-01, 1.049156485875125e+00, 2.535521257390728e-01, 2.915512133721360e+00, -2.963324124370190e-01, -1.599721077411924e-01, 1.186859939417380e-01, -6.970295474438282e-02, 2.221493519488978e+01, 3.873442245335393e+01, -5.408017076165391e+01, -1.138886990524952e+00, -2.616631391708123e+01, 2.798779810040112e-01, -7.149135992045681e+00, 5.739785054991763e+00, 6.169986778008652e+00, 1.084575487745885e+00, 4.661751545354016e+00, -9.376314736996695e-01, 1.892534277636337e-01, -1.164521788912502e-01, -9.814493033470718e-02, -6.825244867797704e-01, 3.294774143392234e+00, 1.004188283639958e+00, 2.322995422048851e-01, -3.488128496942626e-03, 3.471497726994341e-02, 9.669877302353277e-01, 5.772742078946348e+00, 2.031825097728008e+00, -5.893933718796897e+00, -8.351321934635585e+00, -9.844235865769516e+00, -3.966033158547206e+00, -6.413827645545892e+00, 5.641717147143125e-01, 7.570646275407349e+00, 3.956399755972848e+00, 2.966665668318929e+00, 8.448005341926140e-01, -2.503444428052812e-01, 7.699440134071552e-02, 3.201825107071722e-01, -3.258593569008057e-01, 1.718723987067305e+00, 7.042328005776214e-01, -6.661737038376465e-01, -1.099171406742307e-02, -1.025877470882007e-01, 3.913325658900212e-02, 7.866291889226181e-01, -5.433896017232823e+00, 3.291978227372817e+01, -2.230585199603441e+01, -1.271310135179763e+01, -1.294504159770974e+01, -3.106147292958584e+00, -1.338514683572296e+00, 2.447031905188353e+00, -4.788588174410640e+00, 1.013288003565425e+01, 1.027123055073799e+01, -2.147096967755617e+00, 2.351825379184077e+00, -7.088566724265012e-02, 2.601867007655134e-01, -2.760876317702283e-01, 1.396079379998627e+00, 1.163149978190953e+00, 1.371238453565069e-01, -1.306329533040912e+00, -3.915756512636240e-01, -2.925306686203163e-01, -1.445242651732543e-01, -3.526695284363380e-01, -1.208966908505366e+01, 3.872740546949885e+01, -2.380293027391423e+01, -6.591081849083381e+00, -9.809553377752954e+00, -4.113600023028154e+00, 7.779831355284251e+00, 4.791782803571385e+00, 2.843580455915286e-01, -1.041416211546905e+00, 4.919223749664325e+00, -1.956095408951803e+00, -5.958074140489025e-02, -1.955218211807354e-02, 9.476243801469329e-03, -1.409445730972013e+00, 7.483341735343917e-01, 7.058278458814413e-01, -1.103321464353550e+00, -1.002283128259206e+00, -6.042559069576963e-01, -3.569409677120383e-01, -2.865401520784033e-01, 9.640612197385731e-02, 1.193771722357222e+00, -7.073121705861696e+00, 1.153567180843356e+01, -5.556813141767013e+00, 2.162952526221888e-01, -1.586560207169744e+01, -5.917483338085364e+00, 5.852774181771598e-01, 2.083952293589861e+00, 3.907998769098350e+00, 6.538986316318270e+00, 3.019094679610741e+00, -5.087027040961244e+00, -1.498123858298030e+00, 1.109422599675814e-01, 4.709738460399396e-02, -5.220845335117881e-01, 4.124416812569017e-01, 1.335788543860423e-01, -3.472879098687295e-01, -6.151539200329259e-01, -3.128804277698097e-01, -1.037708381740894e-01, -2.330241019046914e-01, -4.458681993827593e-02, 5.434918204811299e-02, 1.937108760181792e+00, -1.729258237636150e+00, -9.766831401801898e+00, 6.801219887867283e+00, 6.475472641531237e-01, 3.226252837133189e+00, -5.007144797525576e-01, -1.910679838208496e-02, -6.561759590931348e-01, 1.517499729875049e+00, -1.725378169128505e+00, 6.993075356180295e-02, 2.603182882839721e+00, 8.693484157712272e-02, 4.298450519255333e-02, -1.200460345657336e-01, 3.607729954183159e-01, -3.809305409864100e-01, -2.048238683078912e-01, 2.768633147827866e-01, 3.461094420222984e-01, 1.254227384012853e-01, -2.298585309564500e-02, 1.899817957001574e-03, 4.172618639022971e-02, 5.868456881759056e-02, -6.209638807088259e-02, -1.925796510414567e-01, 1.394111417837910e+00, 6.419667303868211e-01, -1.931715423075604e+00, 1.904482674773566e+00, 1.267237728245842e+00, 2.051315552793331e+00, 1.544477119170413e+00, 7.196315961391420e-01, -1.822112392365776e+00, -2.101617295237797e-02, -1.904640946874826e+00, -4.646994176745239e-01, 5.289655272491203e-02, 3.217220434178229e-02, -4.147095147221787e-02, 1.139248239577019e-01, -1.581716044790578e-01, -1.902402617114315e-01, 2.194905474692595e-01, 1.475487573691567e-01, 5.450344654290001e-03, -7.401693546085798e-03, -4.009666042834870e-02, -6.580658734846814e-02, -1.226181104680165e-02, 3.301238017098127e-02, 3.861287847759421e-03, 2.083726527924764e-01, -1.966686990110291e+00, 1.626815956146507e+00, 1.206074272208887e+01, -6.571891239851393e+00, -7.713483873683089e+00, 1.883580620173598e+00, -8.919233974458677e-01, -2.089010376386276e+00, -1.453423465802888e+00, 7.692627212816283e-01, -1.202944456438499e+00, 9.089025049142404e-01, 4.425463458712663e-01, 2.174527382970018e-02, -2.216845332121289e-02, 1.670874825531011e+00, 5.327808727956100e-01, -3.877175629352058e-01, -5.164080981296655e-02, -2.592408472940610e-04, -3.934877186839132e-02, -7.297772382741409e-02, -9.611875359039139e-02, -1.069097425888361e-01, -9.831993209910940e-02, -1.511377669885390e-01, -1.586387382030422e-02, 7.185469207047937e-03, -3.872733616785701e-02, 1.766098061923578e-01, -1.161760031445655e+01, 8.942080851164658e+00, -4.842849077432109e+00, 1.103741194864159e+00, 1.454213884716533e+00, -2.621033674722359e-01, -3.762366763107159e-01, 1.669814934124864e-01, 1.052814345584604e+00, 3.588632076135991e-01, -7.759308504576899e-01, -1.905129155784586e-01, -4.966254934323434e-03, 1.403700709007753e-03, -5.816185423706947e-02, -3.327721805459102e-01, -1.572079499837752e-01, 2.568492838242689e-01, -1.054256991640559e-01, -4.611397883391935e-02, -6.864489194896489e-02, -3.024116946824212e-03, 7.944196727792110e-03, 9.499522744390972e-03, 1.713134112874248e-02, 1.684538111586694e-03, -1.854151644774715e-03, -1.050244204949007e-04, 5.628490924809439e+00, -1.193721898706807e+01, -5.002484801401066e+00, -5.828952883456695e+01, 3.814132101101687e+01, 4.629179426917069e+00, -5.351460305259671e+00, 2.535355548401911e+01, -1.235187280695383e+01, 1.642531807997801e+00, 5.071520953359552e+00, 1.011006935388339e+01, -6.427848961337052e+00, -2.464385632195315e+00, 2.770433335246465e+00, -2.366239320354910e+00, 3.088888176677561e+00, 2.934204737795772e+00, 5.593251377719146e-01, -1.890195014341840e+00, -2.634722893514901e-02, -6.493034979693149e-01, -3.202061831782175e-01, -2.269752925303008e-01, -1.942817097426604e-01, -3.317246342811329e-01, 1.332849404490124e-01, 4.078323478157623e-02, 1.761186285969433e-01, -4.833346027857597e-02, 7.251666005781167e-02, 4.601851911949338e-01, -3.916791843140569e+01, -3.488612831527873e+01, 9.128983961315726e+00, -1.599670016910642e+01, -3.190213344889472e+01, 2.029586306127413e+01, -9.047298113021314e-01, 1.207500339158649e+01, -2.525045004143844e+01, 2.705174038524621e+00, 2.329676794501773e+00, 2.548390212358127e+00, -2.470447625242263e-01, 9.963097452012594e-01, 2.780153185881862e-02, -3.464802686470553e-01, -7.073402073669315e-01, 7.752988100278960e-01, 4.058559442968260e-01, -1.360981431177638e+00, -1.042191379627960e+00, -6.365861697756293e-01, 4.067553753434304e-01, -1.514572254082819e-01, -1.627332308632021e-01, 2.260182657714598e-02, 3.369925280323724e-02, 3.115888434601888e-01, -1.481581873726060e-01, 3.550814926726588e-02, 4.708135375654849e-03, 2.333080265694981e+00, -1.963039613394436e+01, -2.732520897504252e+01, -4.358300280656857e+00, 8.066044878140634e+00, -7.232244286383334e+00, -2.983418346525695e+00, 6.063931569825778e+00, 7.987787314841834e+00, 6.245317616170214e+00, 4.498241844436726e+00, 9.110494641014252e-02, 2.172556117742527e+00, 1.401113044958821e+00, -2.265809551478322e-02, 5.446060168688760e-02, 3.957378564158256e+00, 9.671040481624336e-01, 1.175195196735076e+00, -3.029728337747873e-01, -5.920735156830231e-01, -6.503981855521144e-01, -4.831276989620479e-01, -1.782222542830866e-01, -1.708739342590875e-01, -3.474877012123546e-02, -6.034360341627971e-02, -3.237304963482295e-02, -3.839437814448793e-02, -5.079435014061476e-02, -9.648507287407068e-02, -1.278835528022446e-01, -1.767144051066798e-02, -2.881218315561747e+00, -5.545839173945513e-01, 4.400898227946402e+01, -5.983397582492666e+00, 1.037447913857915e+01, 1.231662371553355e+01, -6.737559538237325e+00, -9.096178161242237e+00, -1.055078305692747e-01, -3.581828903213967e+00, -2.984561683989899e+00, -3.650145987780845e+00, -1.317104557432617e+00, -1.929825592012589e+00, -5.031275039490046e-01, 2.203254071651527e-01, -1.733406029442218e+00, 5.168729542884027e-01, -9.596810578651308e-01, 3.776464674417153e-01, 7.132793443046597e-01, 6.564170060095239e-01, 6.076721886028451e-01, 3.699179437464333e-01, 1.600572868142668e-01, 1.302732402527996e-01, 1.813931224258173e-02, 3.769139288420912e-02, -3.343159436087865e-02, 2.673709512311550e-02, 4.381099184500691e-01, -8.949106429419439e-02, 7.187670143030597e-02, 5.954605597275237e-02, -1.399023168515206e+00, 8.743004907369658e+00, 2.407400796103851e+01, -1.024740992837818e+01, 2.934430305971682e+00, 6.594720288861748e+00, -5.735574873158053e+00, -5.977338804914780e+00, -1.797553221950914e-01, 3.419548428185975e+00, -8.175236357534839e-01, -3.582122799009198e+00, -1.894640081450664e-01, -5.509321424097212e-01, -1.214103457964346e-01, 3.368764731249357e-01, -1.433846176898970e+00, 3.152690881146034e-01, -1.328067507098240e+00, 3.900932559838027e-01, 5.443751931270728e-01, 7.099553446631752e-01, 4.363575570100452e-01, 1.871636819993643e-01, 1.384310454421870e-01, 1.748549462788464e-01, -3.004654727732569e-02, 3.773071356269503e-03, -7.088225090387792e-02, -2.553023105063628e-02, -1.732764860906603e-01, 8.177912548972892e-02, 5.727956029684528e-02, 8.680970118683282e-02, 1.639498964607539e-02, -5.626481572392051e-01, 1.319903064367743e+01, 1.234548781919855e+01, -1.091478965661350e+00, 3.410102112480954e+00, 1.330339362033249e+00, -3.865167246717150e-01, 3.164900362321606e+00, -1.392892549985779e+00, -5.020137175565338e+00, 2.468792653150563e+00, 1.126232539529438e+00, -9.595094268061946e-01, -9.998969590570641e-01, -1.141068948835283e-02, 8.165482544758813e-02, -1.272866813969787e+00, -3.660821518705109e-01, -1.365895397722526e+00, 3.389166350669661e-01, 1.763266573397371e-01, 1.098185352453719e-01, 2.195113471998154e-01, 1.791628814107525e-01, 7.705783433225596e-02, 6.535559386555917e-02, -2.297779771475767e-02, 1.177758704588611e-02, 1.181567453907641e-03, 1.694027974747706e-03, 2.324318456599431e-02, 3.650158021020202e-03, 1.322416136535479e-01, 5.896804147137694e-02, -2.377919424671110e-02, -3.114463489053250e-03, -9.796120558179426e-01, 6.297540875872901e+00, 1.764814907793584e+01, -1.290016040743378e+01, -1.910263185972692e+00, 5.643049771573819e+00, -3.534684061967702e+00, 9.924526189124658e-01, -3.096197262460319e+00, 8.378479443828580e-01, -2.160060915308872e+00, -8.754636269127568e-01, 4.702052866740614e-01, 7.242575870781560e-01, -1.203410846172043e-01, 2.715683954930733e-02, -1.287165814343413e+00, -2.060867698568356e-01, -5.881613587421651e-01, 1.795431447055281e-01, 1.149476860258784e-02, -3.299243388026337e-02, 6.870254165515385e-02, 4.954303209384632e-02, 1.547413930696172e-01, 7.220693239504486e-02, -3.791995172044357e-02, -2.511165158622189e-02, 9.286983799169020e-03, -2.918586955079396e-03, 1.124768136545765e-01, -6.946716238299383e-03, 2.990474154676772e-02, -8.202759007969081e-03, 3.347317395190189e-04, -1.912775975774548e-02, -1.400635586017436e-02, -2.514051127948128e-01, 3.585114417783144e+00, 2.040813454789259e+00, -2.878154273738612e+00, 7.607735598347175e-01, 4.517269798384888e+00, -3.774145645098395e+00, -2.359084336212028e+00, 1.632764218448614e-01, 8.269361363745993e-01, -1.172528413528228e+00, -1.039016929330956e+00, 3.094530999781653e-01, -1.908677719596809e-01, 1.091930829861840e-03, -6.365809983398704e-02, -4.177065460342630e-01, -2.061613067590326e-01, -3.075356256207950e-01, 8.344937072854533e-02, 2.367400466611864e-01, 2.130453644911381e-02, 1.519880608815844e-02, 7.650187487120778e-02, 5.541892581426345e-02, 2.718839328240158e-02, -1.620858568378542e-02, 2.648752484381925e-03, 7.192230777472678e-03, 2.173866010270486e-03, -1.053490498048054e-02, -1.146556308461379e-01, -8.428739349619423e-02, -1.469453449239837e-02, 3.286359038234349e-04, -1.220085174635051e-02, -9.182599009346095e-03, -6.659403178515269e-03, -1.769852445753622e-01, 1.396181028859796e+00, -6.865289546582056e+00, 8.013739204629099e+00, -1.176198440598014e-02, 1.554963545133939e+00, -8.613764726112838e-01, -1.106973211334707e+00, 1.319262103642017e+00, -1.589610804157710e+00, 5.120580041073952e-01, -9.034695391147107e-01, 2.634897133898322e-01, -3.018612699935280e-01, -1.038136955625821e-01, 5.609363344691408e-02, 3.085652281736011e-01, -4.523150247945938e-01, -1.078361273223256e-01, 1.912497664024478e-01, 2.208587105375201e-01, 4.097554429576796e-02, -4.022509449664106e-02, 6.183557957967658e-02, -4.846339909300730e-02, -2.661549106263715e-02, 9.891262905994619e-03, 2.667872233641082e-02, -1.224895301668969e-02, 9.712956716385109e-03, -4.770797531753262e-02, 4.384722579266266e-02, -1.275238327316377e-02, -8.222105275297847e-03, -1.793161828863135e-02, -9.757850294406855e-03, -1.373487031701799e-02, -3.584165551305463e-03, 5.917512773720769e-03, 1.805525777826330e-01, -1.066440259133370e+00, 1.292533835560341e+00, 3.296604556892503e+00, 1.262711090806085e+00, 6.813803422980341e-01, 9.502934099065481e-01, 1.000110779347972e+00, 1.732162332286165e+00, -1.818224401053098e+00, -5.662778534479289e-01, 1.732865454435673e-01, 9.481976772717636e-01, -6.361600584549073e-01, -2.969165392186879e-02, 9.090948205360173e-02, 6.090550131017716e-02, -1.727703253936188e-01, -6.229255612119822e-02, 1.341192559020460e-01, 1.398757544252367e-01, 2.619511318958054e-02, -8.075941475567542e-03, 8.374612905154688e-02, 5.774490113833353e-04, -4.196025077160861e-02, -5.817800759531267e-03, 2.638038359405106e-02, -6.117128312472625e-03, 5.536593582313972e-03, 1.093033932059018e-02, 2.574937542158189e-02, -2.210444751877221e-02, -5.528709876618723e-03, -8.388155453354910e-03, 1.161820215307616e-03, -4.245328722192070e-04, 2.294346046344092e-03, 1.312270377608107e-02, 9.754458542292684e-03, 7.798006715626434e-01, 1.064829464946787e+00, 1.744828529624359e-01, -3.857292305803496e+00, 6.635624819434154e-01, 1.458635513474153e+00, 5.593026531106069e-01, -7.618055219346171e-01, 4.502659065774691e-01, 2.381618294492481e-01, 6.982529637428986e-01, -1.002050757671332e+00, -8.962749029166554e-02, 1.192757670843080e-01, 2.903819691063097e-02, -6.227406008959479e-02, -3.865241125485609e-02, 1.656364678413970e-01, 8.193528020758418e-03, -9.098090928711823e-02, -5.262110753855891e-02, 3.858998937341667e-02, 4.813051892369359e-02, 2.057856121093473e-02, 1.208802464877471e-02, 3.944708121383064e-02, 4.822974250287473e-03, -6.444304842037639e-03, 7.059522416797298e-03, -4.134833862669586e-03, -6.001450921602375e-03, -2.352561668553422e-02, 3.012838674271053e-02, -2.586826267861988e-03, -1.064703164237314e-02, -1.103150926499769e-02, -4.662114530466449e-03, -6.068214662121365e-03, -7.755092703290824e-03, -1.058551150569008e-02, 1.100436341579294e-03, 3.763437631056801e-02, -7.693220706874290e-01, -2.080307556610024e+00, -4.802994265971332e-01, -1.897030942035918e-01, -6.154413475743928e-02, -1.275563593253252e+00, -8.835386118466646e-01, -7.102559050622066e-01, 2.582869522203580e-01, -2.334816642456699e-01, 4.881236578669800e-01, -2.488550541603406e-01, -3.077790070816919e-01, -2.784092714703292e-02, -3.720595788290280e-03, 2.139636436522863e-02, 6.375830098000390e-02, 2.492598694060398e-02, -6.894451519573021e-02, -1.787329980228287e-02, 3.986365152012162e-03, 8.679820189645660e-03, 3.785120280242408e-03, 1.808679728020298e-02, 4.665721191037907e-03, -2.003715883644706e-03, 3.353868381789587e-03, -5.503276750136157e-04, -1.140461644436675e-03, -5.223615639663432e-03, -1.154504136946505e-02, 1.077146668651492e-02, -5.439032689335337e-04, -7.716862789430561e-03, -5.071671764004095e-03, -9.564563231864774e-04, -2.886775153113977e-03, -7.109716272886196e-03, -6.219043457867076e-03, 2.069751521198963e-03, 1.865077638861881e-04, 5.244107428055560e-02, -1.749562455666967e+00, 2.440358324435276e+00, 4.736504623216944e+00, -4.573085286055304e+00, -7.130518691620300e+00, 3.422274470711343e+00, -1.142737908858111e+00, -1.925218643831209e+00, 9.183391742361453e-01, 1.104935785493765e+00, -1.005770841529481e-01, 1.249080266414273e+00, -1.960036371716698e+00, 6.739620652856185e-03, 4.704934136623277e-03, 4.630685672526581e-01, -5.369251969610029e-01, -8.608812976954888e-02, -3.022586932496229e-01, 1.777999984600829e-01, -1.372100843971560e-02, -6.263140469698475e-02, -3.881746911909629e-02, -1.239002281707631e-01, 4.440651556642476e-02, -1.124033897901747e-02, -3.702674420767398e-02, 3.173760221054479e-03, -8.447811738193169e-05, -1.154812121548389e-01, 3.950001949656715e-02, 4.485958105028167e-02, -6.124677921051072e-02, -7.260180185005851e-03, 1.255204008759769e-02, 1.775875896668408e-02, -7.566194201388719e-04, -1.574154818678961e-02, 5.838165983188600e-03, -1.502457827956167e-02, 2.279116592934876e-03, 2.776750549936088e-03, -3.917393384117566e-03, 2.651901978439870e-01, -2.276230835003692e+00, 2.963321054668432e+00, -2.160550427965113e+00, -1.595104320153294e+00, 1.187442947973446e+00, 2.529669935457081e-02, -7.064789632295984e-01, 3.091839197868744e-01, -4.868678344734948e-02, 8.438443223651083e-01, -8.425969318861577e-02, 3.323428184983727e-01, 2.397270247784576e-04, 1.754990488993172e-02, -3.179986001631194e-01, -2.984770443073099e-01, 4.632445134218975e-02, 2.065435777129057e-02, -4.326295475356875e-02, 6.684187526240224e-03, -2.314959689711243e-02, -3.671791681721571e-02, -2.934977219944162e-02, -4.550568955823605e-02, 8.859326524919648e-03, 3.068240236237022e-03, 9.418459582399442e-05, 1.049904867649988e-03, 8.185681235869202e-02, -2.789096388423974e-02, 2.641794527961901e-02, -1.022561650441031e-02, 1.793924355501124e-02, 2.264932937027522e-03, 7.875158798227380e-03, 9.448757716076604e-04, 3.235267630345849e-03, 1.859051356522406e-04, 5.844729044201974e-03, 1.029732501756299e-03, 4.834031705861652e-04, 3.776625610364034e-04, 9.302367651544956e-02, -2.305920266498219e+01, 3.022685555624788e+00, 2.992915590444447e+01, -4.808550236042382e+01, -8.089272501436410e+01, -2.573571007429170e+01, -1.042507051116896e+01, -3.175359707751831e+00, -1.669563336866520e+01, 6.861616083067899e+00, 1.851214571395513e+01, -1.007925159225556e+01, -1.479809601579975e+01, 5.615243566529871e-01, 1.046992519511330e+00, -8.451619151592924e-01, -8.423092263052276e-01, 4.715314045584046e-01, 3.994673600810332e+00, 1.330083249036927e+00, 1.967566993704278e-01, 4.635515327685347e-01, 5.205705780484158e-01, -1.117689521014716e-01, -3.944707709573278e-01, 3.248570815558250e-01, 3.559478802401719e-01, 9.455922349064989e-01, -4.739192419967562e-01, -4.986851562395885e-01, -1.691790285411113e-01, -3.638257853199559e-01, -3.538778802625263e-01, 1.595583236941508e-01, 1.310265283420580e-01, 5.505405409229733e-03, -6.183889356098182e-02, 4.075401946651939e-02, 5.710624805491758e-02, -3.582897074700707e-02, -3.310051139328760e-02, 2.274337703838402e-01, -3.963091715800350e-02, 9.309178070476014e-02, -3.072627008280832e+00, -3.411699253017148e-01, 4.853815048576905e+01, 1.206084989910560e+01, -1.102375049710263e+01, 2.641208640262622e+01, -3.509182711111228e+00, -1.143926947807998e+01, -1.395520895327927e+00, -1.530630475332839e+01, 4.108983488804305e+00, -1.840639693851176e+00, -3.023639489830351e+00, -3.139598443902323e+00, -2.440792123586567e-01, -7.922201004126090e-01, 1.228741711313039e+00, 9.212806547218326e-01, 9.235470026217250e-02, 1.455561073447558e-01, 2.452987828791043e-01, -3.346570723191871e-01, -4.510693313158806e-01, 7.160230168382378e-02, -3.431421152621651e-01, -1.571753943324856e-01, 1.750021944339006e-01, 1.264266734887536e-01, -1.905342106339585e-01, 1.743665818530527e-01, -1.769018098198316e-01, -2.685238731632080e-01, 2.407739770200811e-02, 1.078104987622289e-01, 7.417722181349996e-02, 7.476995026750516e-02, 5.818882435477604e-02, -3.876077035645970e-02, 8.975904943725129e-03, 8.197887547021299e-03, -3.065017235567050e-03, -1.105117176744993e-02, 4.161663849669441e-02, -3.399623070727214e-02, 2.603151080437595e-01, 4.950036448982537e-02, 3.443676885614665e+00, -3.321292633540779e+01, 5.508825304059505e+00, 1.544978297751303e+01, -1.794730120480739e+01, -3.039032281522418e+01, -5.965457765350241e+00, -9.032082051026649e+00, -1.100196807470805e+00, -4.126071192369067e+00, 3.228961064003788e+00, 7.853116827391641e+00, -6.457520477049415e+00, -3.358905822162792e+00, 5.552615615323229e-01, -1.191069122207753e+00, -1.684087486740522e-01, 1.929366098271992e-01, 5.716444689245993e-01, 1.596894906981457e+00, 1.525828347277330e-01, 1.827186862340603e-01, -1.444519304385438e-01, 9.963009747429362e-02, -4.979140276521323e-02, -1.304399105263702e-01, 1.294548330264997e-01, 9.203816884987812e-02, 2.729668440460516e-01, 2.251723806428773e-02, -2.122650105744827e-01, -5.144814703148082e-01, -1.501497219500460e-01, -1.962266971230841e-02, 1.398799860560144e-01, 1.642963671148679e-02, 6.321152278410423e-02, -4.564286285245207e-03, 2.403068865263739e-02, 1.827524753585045e-02, -1.220505754171632e-02, -1.695555053458695e-02, -3.009925329422921e-02, -3.403807265133079e-02, 7.097704577272530e-01, 5.873003168791303e-01, 9.521472990731883e-02, -4.018437102499985e-01, 1.294763169916075e+01, 2.252700391054119e+01, -1.791860270714084e+01, 5.009093631913084e+00, -3.524171102867343e+00, 1.361854427314077e+01, 1.384717428579581e+00, 8.628199859739173e+00, -3.670192108453484e+00, 7.331312501660801e-01, -1.608036992363435e+00, 6.213498223917425e-01, 5.610368804440691e-01, -3.088181389183989e-01, 1.438764311233009e+00, -6.675743349024603e-01, 3.655685388550287e-02, -6.662150663958123e-01, -2.793504684435489e-01, -2.635211219349906e-01, 2.099241099454648e-01, -2.498057998472185e-01, 1.777288315930996e-01, -3.700372424743665e-02, -1.324554222556824e-02, -2.509653707004701e-03, -2.528963621802524e-02, -3.231485450937572e-01, 5.152205416318349e-02, 7.999098136889220e-02, 1.756493981744178e-01, 1.155232525349370e-01, -3.759997035716477e-02, -1.947789751469374e-02, -6.312906537609055e-02, 2.438324472922322e-02, -8.429748121188647e-03, 3.108126290923555e-04, 6.620296312295794e-03, -1.686662858717024e-04, 6.804097083365838e-03, -2.553136437166376e-03, 1.538847168746727e-02, -1.795231661826352e-01, -2.767186567592371e-01, -1.388989433363560e-02, -1.983686701651735e-03, -5.929684869399724e-01, 1.348256366876744e+01, -1.334261294321505e+01, -1.816150995280664e+01, -3.239574004084032e-01, -5.706341449667428e-02, 9.125854720358650e+00, -6.722575815167475e+00, 6.568097073663076e+00, -5.578264993552788e+00, -6.259872365514720e+00, -4.796725792024965e+00, 1.052192731410384e+00, 1.757279793550701e+00, -1.082845244339009e-01, 6.535653145389410e-01, -2.062026121477482e-01, -8.601754729437923e-02, -2.634798499471308e-01, -1.303482500445401e-02, -2.067118039398336e-01, 2.573084640598646e-01, -3.295660425704962e-01, 5.248334652594278e-02, 1.156037158004883e-01, 8.422863691400495e-02, 2.853677824473614e-03, -6.418243232600450e-02, -1.850068510461854e-01, 3.261931950707782e-02, 3.142022370941650e-01, 2.300121343730377e-01, 1.513379900857936e-01, -1.536840598348841e-01, -2.523345204752811e-02, -7.265577765344533e-02, 2.687794623156204e-02, -1.323640295934896e-02, -5.219157173972311e-03, -5.259838103196538e-03, -1.266741150576983e-02, 8.668051924796194e-03, -6.211406120608627e-02, 2.255244668491418e-02, -2.650584413099451e-01, -2.468310367091034e-01, 1.503552808046591e-02, 1.735679067793380e-02, -1.106528877359142e-02, -1.975614827574338e+00, 2.432320079981330e+01, 6.808990605504368e+00, -1.681515772999319e+01, 2.518537853525341e+00, 2.562787049507691e+00, -3.601425945201326e+00, 9.072002082372849e-02, 4.091222962828939e+00, -3.019920239362242e+00, -7.066242600747848e-01, -6.402840042507788e-01, 3.829607452944259e-01, 4.741163197975204e-01, -1.925688842844290e-01, 4.510051298252455e-01, 1.296347450041830e-02, 6.124034589991175e-01, 3.033347476481226e-02, 3.233171162687225e-03, 1.769797658146040e-01, 2.324222254647445e-01, -5.214646403357040e-02, 6.432835238929155e-02, -6.636485918989171e-02, -4.581319274897812e-02, 2.125161382150867e-02, -1.712370559451142e-02, -7.077677438424250e-02, -4.197584903381758e-03, 2.311121677187008e-01, 2.141043498962285e-02, -5.402375039554285e-03, -5.680587234949995e-02, -2.230662871059640e-02, -3.534973172292988e-02, 1.042849221831878e-02, -2.369902383043406e-02, -1.921952275077277e-02, -1.354915457659439e-02, 3.299596334431017e-03, 4.771791406886505e-03, -1.636446190835266e-02, 9.252886546880466e-03, -1.300864277298806e-01, -1.863520075372353e-01, 3.633683544202922e-02, 7.053456569513321e-02, -2.250148448147805e-02, -1.095730551347401e-02, 7.373634201261767e-01, 2.049636131936991e+01, 1.389333198078415e+00, -8.864152313661506e+00, 2.801840206858158e+00, 6.851000583187510e+00, 1.836252662924446e+00, 3.118122493770792e+00, 2.810605241924805e+00, -5.548507089728345e+00, -1.319073395887419e+00, -7.088928035856580e-02, 1.229378515985889e+00, 1.971150376632476e-01, 4.556940201910684e-02, 3.513626751714437e-01, -8.527858909773381e-02, -2.748677479166355e-02, -4.870569524109759e-01, -5.915384868189952e-02, 1.610456262440429e-01, 6.051430621516001e-02, 6.262096939945283e-02, 1.570554035203011e-01, 1.356241900151872e-02, -2.061378244591194e-03, -3.994466297218182e-02, -2.368267218757200e-02, -2.382726734615444e-02, -5.841324188911125e-04, 2.688898730661874e-01, 2.461741050120337e-01, 8.948177085600550e-02, 1.390805758350844e-02, -4.663437828819277e-02, 1.428411572528834e-02, -1.226176550094945e-03, -1.396105216344022e-02, -1.671305748171417e-02, -9.473417234571156e-03, 1.398321609613861e-02, 1.019305516853069e-02, -3.426407882303537e-02, 1.204059427197747e-02, -1.194969774683560e-01, -1.482540647332826e-01, -5.780341409199848e-02, 2.118962314170654e-02, -2.657571450150389e-02, -1.329295195830431e-02, -6.463127561259819e-03, 3.199901239325568e-01, 1.295955484488221e+01, -1.492306368550709e+00, -1.400751402871818e+01, 6.652278351337610e+00, 5.290701387220263e+00, 3.131262424025906e+00, -2.479937125620606e-01, 1.443128542550513e+00, -4.163619773446043e+00, -1.849253751147643e+00, 5.349632068365350e-01, 4.139618194830492e-01, -3.533979664131966e-02, -1.125514517847019e-02, 1.575946412734957e-01, -1.043030276496605e-01, 1.563667458645731e-01, -5.212993295043334e-01, 3.833925685800384e-02, -1.935792977347280e-02, -2.552551820251597e-02, -7.713551077629686e-02, 4.132100313347099e-02, 2.801807092665413e-02, -2.003551246486746e-02, -1.484752001825606e-02, -8.169912392882438e-03, -1.831861509087697e-02, -8.506992785220782e-03, 1.114464227842162e-01, 1.040496360918411e-01, 1.153816390129591e-01, -1.480680756157921e-02, -2.647462992830801e-02, 2.617312359451307e-03, 1.740802577679695e-03, -6.745449069471303e-03, -5.354770661404359e-03, 1.489095177238788e-03, 2.109911635250683e-03, 2.284306598119362e-03, -1.596274715948254e-04, 8.612267707773450e-04, 2.208162724343194e-02, -2.159822940921546e-02, 6.065992012210671e-03, 2.442121738840777e-02, -5.566291175877021e-03, 3.339507070389307e-03, -1.169833264935691e-03, -2.941997508472954e-03, -6.335335771012152e-01, -4.283552475099281e+00, -7.965294597382573e+00, -5.985988881292966e+00, 2.755489940967414e+00, -1.635179614476310e+00, -2.094397884918664e+00, -3.379957190259251e+00, -5.520765082789840e-01, -8.288030184500615e-01, -4.630613845752594e-01, 6.327755979703014e-01, -9.443377208379670e-02, -1.059969318403228e+00, -4.301296054387226e-02, 6.521357121237253e-02, 1.698543632238013e-02, 1.632973949743609e-01, -6.350837829240111e-02, -2.552389043821732e-02, -4.219573353941065e-02, 2.653082327326262e-02, -5.961390249436562e-02, -7.289488620683281e-02, -4.015414300564663e-02, -5.265530874576074e-02, 1.618212614922634e-02, 1.823723425568636e-02, -1.904584070662169e-02, -1.014013054892071e-02, 3.272642993623274e-03, -3.947784296725966e-02, 6.230230028685262e-03, -1.822219605223727e-02, -8.706633459764770e-03, -1.040705381286316e-02, -1.538647540101104e-03, -4.133677182008827e-03, -2.024285851509903e-03, 1.627826739394219e-03, -4.013899984854090e-04, 4.783570181252040e-04, 3.742690210017687e-03, 4.515613340390687e-03, -1.839839802254995e-02, 1.475197480950298e-02, -2.029604804997150e-02, -3.770409702259057e-04, 4.374433762135752e-03, 1.894134935151137e-02, 4.771404473347369e-03, 1.022630810844812e-03, 3.755676397961402e-03, 4.585023819188971e-01, -6.127551793600693e-02, -1.310880314978413e+00, -5.997464966485783e-02, 3.971067295675425e+00, -1.020815924462026e+00, -3.574661932862100e-01, 1.320530494512101e+00, 1.401327559463695e+00, 1.185257198752561e+00, 5.597680857916786e-01, -4.591759727630481e-01, -2.827411491545600e-01, -2.267056989171289e-01, 1.379725684122266e-02, 2.713038627798454e-02, 8.276267045320275e-02, 9.463929941329566e-02, -2.961318182608938e-02, -3.141452968296540e-02, -4.157094392652931e-02, -1.553318776091062e-02, 1.755562966252368e-02, 6.316525436629902e-04, 2.526653467084949e-02, 4.265943943366138e-02, -4.019838020766634e-03, -8.018272117570713e-03, -9.867600239380367e-03, -8.265126447706810e-03, -7.043970974681163e-02, -5.302041878124220e-02, 1.279563812930426e-03, -2.065771405474582e-03, 5.242448936858884e-03, 1.805074837364722e-03, -8.382560531371595e-03, -1.072466868820228e-02, -1.142189806508859e-02, -7.633261574567591e-03, 4.692508245276569e-04, 2.138046246712193e-03, 2.572503200102750e-04, 4.699033449847905e-03, -2.227818009188679e-02, -5.548350552341375e-03, -1.292547348120631e-02, -1.020470208656326e-02, -4.842884347544955e-04, 7.530899623075045e-03, 6.111262599680215e-03, -8.126156752793728e-04, 4.641865326868766e-03, 2.769619445754182e-03, -3.787655838964485e-01, -8.753897275388952e-01, 9.670810396913829e-01, -4.882347651190768e-01, -6.747993935214529e-01, -6.077352103006950e-01, -8.717365954842686e-01, -6.324635766689919e-01, -5.917418578790763e-01, 6.283315653162480e-02, 2.367587388727072e-01, 4.582448116500311e-01, 3.031822717951868e-03, -2.841071987320055e-01, -8.746712057379227e-02, 4.201242742248937e-02, 7.559125584808590e-02, 8.199569356226161e-02, 8.099486328166146e-02, -5.938429887782277e-02, -2.001637706448824e-02, -2.103843382578307e-02, -2.113498619050217e-04, 1.922637928468452e-02, 2.855599888084407e-02, 2.105736594328972e-02, -1.443367349189576e-02, 2.837212346713831e-03, 1.837886420733473e-02, -6.526813544616318e-03, 3.185145353773243e-02, 2.444994801489291e-02, -1.125952793559792e-02, 3.686085995216807e-03, -7.099867358043480e-03, -6.634498467072658e-03, -4.771771219965328e-03, -2.710870960671228e-03, -1.984134047744513e-03, -2.856362470359363e-03, 2.821377527985343e-03, -1.394099503965650e-03, -5.964038546634767e-03, -4.361932354430037e-03, 1.788326578260808e-02, 1.414137997598912e-02, 1.591447168413903e-02, -1.135079123287560e-02, -5.217173506483426e-03, -8.156396644579587e-03, -5.764635884368209e-03, -2.002597247169286e-03, -3.218845873564978e-03, -8.491354926000837e-04, 5.139423013624157e-04, -1.698698599784861e-01, 1.016190448493118e-01, -8.205788056866654e-02, -3.221965660382400e-01, 9.330928808326435e-01, 2.294077207395291e-01, 4.666425413244900e-01, -2.149945677237806e-01, -6.363581577999631e-01, -5.191453792541632e-01, 3.728977507058022e-01, -1.100724113716046e-01, -5.643158737255767e-01, 6.164340481657200e-02, -5.616383002446670e-03, -1.516806529777258e-03, 5.054063361125755e-02, 8.952290770488185e-03, -3.952246046938433e-03, -4.743852122727581e-02, -4.010989526643793e-02, -8.513008055247963e-03, 1.211345432374191e-02, 2.911478616207014e-02, 5.848314238765898e-03, 1.701112198008332e-02, 4.145951330128518e-03, -4.464293425929584e-03, -2.420551055833099e-03, 1.688057229508912e-04, 1.199071546546405e-02, 2.829228198258970e-02, 1.477684732649940e-03, 4.151908407251654e-03, -1.877511017834453e-03, -3.812169354177141e-03, -6.315889316271663e-03, -3.031370821222125e-03, -6.133122652805469e-04, -3.074885045779300e-04, 6.643970063671810e-04, 4.062026913869388e-04, -1.119876912813713e-02, 1.625034993274510e-03, 2.367809133189474e-02, 9.544813900620246e-04, 1.049539268754553e-02, -1.619762205709075e-02, -1.147496103447957e-02, -8.343050700359301e-03, -4.508306652507295e-03, 6.506905916527797e-04, -3.398343827160245e-03, -1.890269455249828e-04, 4.808570959627884e-04, -5.764853924581878e-04, -2.546017015290386e-01, -1.493909231293332e+00, -8.476530141685808e-02, 6.505963101591173e+00, -4.562678423347189e+00, -6.059723884773082e+00, 3.813620299726638e+00, -1.050183823613767e+00, -1.705248133021965e+00, 1.923883424820180e+00, 1.024614402850279e+00, -4.685894160779946e-01, -5.826553082290012e-01, -4.018473621422509e-01, -2.555542183200293e-02, 1.178066922364656e-03, -4.624409834667815e-01, -9.775518225678261e-02, 1.531651188217358e-01, 1.159957311102380e-01, 1.646440159362492e-01, 1.264726097112040e-01, 1.345551989454124e-01, 3.585170067319397e-02, 2.220637387795696e-03, 1.076040668736365e-01, -8.945381979727145e-02, 2.603266720965258e-02, -1.117345463636054e-03, 6.072716659787144e-04, 4.938858604074799e-01, -3.486084882149667e-01, 1.597930061239002e-01, 3.806849512016883e-02, -1.236077726889929e-04, 3.275589677504821e-02, 3.705347079408889e-02, 7.759386909559307e-04, -1.442602092751694e-03, -9.938532215942888e-03, -2.039002500656164e-03, -9.899797055982752e-03, -3.883319136802947e-04, 8.845495640649253e-04, 7.628773496996502e-01, 1.606275814302653e-01, 2.039114295671992e-01, -1.470682936747865e-01, 1.816035066980363e-02, 4.406824320242143e-02, -3.354766705794242e-02, -6.472654107806897e-03, -2.615265461357480e-02, -6.058090636649222e-03, 6.626881747546964e-03, 1.223704270310102e-02, -7.223071110875664e-03, -5.549430640672101e-02, 1.058626845031194e+00, 2.459298863036851e-01, 5.597120051561420e+00, -4.433053298863642e+00, -3.182092217027267e+00, 7.176537962232995e-01, 4.133253561567293e-02, -1.049764995448903e+00, 2.834932919491181e-02, 3.800405395769937e-01, -1.011862447639556e-02, -1.899139590410364e-01, 1.229384416766120e-01, -3.467790652150622e-03, 3.598623949776848e-02, -8.202767702366631e-02, 2.338110037899655e-02, -1.267609434927904e-01, 1.867322680671450e-01, -1.363519845295965e-01, 5.556634638422932e-02, 4.263005882724619e-02, -6.408843929428581e-04, 2.064666364292582e-02, 1.436005024797586e-02, -4.694658566666299e-03, -7.648574010984298e-03, 4.772199782253379e-04, 1.924258993380821e-03, 5.294999026455510e-02, 2.953953863915134e-02, -3.623163371826423e-02, 2.168876760427852e-02, 2.921576114228093e-02, 4.025332731698300e-03, -3.656199358651088e-03, 6.891829934622683e-03, 4.296591942970260e-03, 2.737194844003428e-03, 1.607803559392586e-03, -8.781623092027701e-04, -1.427894869387949e-04, 1.843362039535177e-04, -2.946905911455613e-01, 6.410830702077162e-02, -3.221114217934781e-02, 4.819392891369127e-02, -1.854236766667226e-02, -1.947363576537389e-02, 1.326138465330283e-02, -2.948407380500643e-03, -1.050626824908737e-02, -4.107922265008766e-03, -2.416843110858067e-03, -1.527763648346166e-03, -1.520197598020638e-03, -1.107005262248390e-03, 9.135099356169935e+00, 3.935888641566393e+01, -2.621444017525376e+01, 2.400938207194828e+01, -2.162898344578537e+01, -3.966059940775695e+01, 3.652756692576067e+01, -2.209266122678130e+01, 3.828290286539004e+01, 3.287113896573673e+01, -3.439407506040948e+01, -5.132255336084358e+00, 9.190696080899691e+00, -6.997711118778238e+00, 1.878465429259839e+00, 1.571840574516123e-01, -1.366976477451233e+00, -4.437397175026442e+00, -7.196643427068771e-01, 1.824942882107131e+00, 2.960373493975980e-01, 1.622099220582289e+00, -9.575398086845152e-01, -1.127805392569120e+00, 4.767775727213580e-01, -1.218965212198600e-01, -8.571245271134104e-02, 1.771293289575556e-01, 2.633176384191752e-01, 5.442295909986915e-02, 4.837351340799112e-01, 1.157368276666881e+00, 4.527327047604193e-01, -1.235461870838084e-01, -1.371945071522723e-02, -8.988225449678162e-02, 8.226242769269404e-02, 7.573771400208119e-02, 2.479008027159823e-02, 2.981832261425920e-02, -1.480865092854351e-02, -2.420065120028998e-02, -1.977020832468796e+00, 3.518761604076402e-01, -7.575990330031008e-01, -5.629760630692177e-01, -4.117201374630947e-01, 2.359960286052865e-01, 3.062552163270941e-01, 1.835655595312546e-01, 1.612749446738755e-01, -5.852498164423016e-02, -3.552926811374749e-02, -8.090726303091728e-02, -1.125085486000291e-02, 4.828483546085305e-02, 1.106034149427237e+00, -1.612091275765815e-01, -3.147842721566973e-01, -7.694779634542821e+00, 4.086603067375304e+01, -7.255898633555580e+01, -4.625817266113248e+01, -2.735546424208218e+00, -6.449184859018519e+00, 2.988363720412930e+01, -2.183053984187553e+01, -1.610857171877304e+01, -1.622394904093984e+01, -4.918319968835914e+00, -7.470778385129403e+00, 7.752278088615514e+00, 1.472073871703654e+00, -5.129289327967058e-01, 2.036045633594750e+00, -1.786820459896264e+00, 1.028206830053398e+00, -5.592266910259005e-01, 2.976789180514601e-01, -1.028802595901284e+00, 1.142029551413929e+00, 3.916685823066801e-01, 6.624540311138225e-01, 2.406296346866994e-01, 1.450324794953587e-01, -1.155968869164345e-01, 7.102419787498677e-04, -3.469501879966794e-01, 9.311679861770172e-02, 8.072160969374120e-01, 8.175803811473097e-01, 2.572846261878850e-01, -1.646704832655469e-01, 2.036581112455584e-01, -1.456887846654572e-01, -6.451344606951588e-02, -6.158472431608586e-03, 4.466360761197515e-02, 3.810814369537752e-02, -2.259293029713918e-02, -1.137057916378396e-02, -8.358327462144963e-01, 1.412837469411402e-01, -8.162679892924768e-01, -7.660595744769192e-01, -9.151667953434861e-01, 3.194067304027527e-01, 3.629152946495441e-01, 3.470413142421714e-01, 3.436495548834219e-01, 2.357908072984816e-01, 2.508470073218050e-02, 1.967097677558014e-02, 1.168839670170038e-02, -8.345946718339574e-03, 3.555534880705799e-01, -1.149683259164758e-01, 3.924789315585739e-01, 1.174570711047646e-01, -3.046881216568841e+00, 6.461925621575335e+01, -6.932766133679330e+01, -5.460247648963051e+01, 4.795518442498076e+01, 9.260190886166150e+00, -3.698526709051674e+00, 2.353518853069746e+01, -8.771187768949577e+00, 1.427247243332410e+00, -9.007099934585908e+00, -1.165176908090137e+01, 1.443656117322530e+01, 4.278504408807620e+00, -2.490045608536336e+00, 3.770935521687874e+00, -4.730818456656131e-01, 1.969546439882564e+00, -2.173194643871047e+00, -4.647935137000800e-01, 4.688251493846076e-01, -5.262354670454399e-01, 7.980386146973273e-01, 1.436597287616434e-01, 4.999215079127066e-01, 3.467082390272912e-01, -3.577677428169290e-01, -9.528134278145439e-02, -2.704042206518303e-01, -1.090031257993268e-01, 7.360265673119816e-02, 3.701568805626764e-01, -6.823837361791239e-02, 5.308829749009372e-01, 1.745154901844179e-02, 2.125944280627953e-01, -1.923038754602129e-01, -1.054887047038067e-01, -1.402049081161715e-01, -8.047663432149654e-02, 7.057747282523598e-02, 2.392455446109898e-02, -2.770168510639756e-01, 7.982887210490518e-02, -5.914952110700957e-01, 1.386033046515753e-01, 2.741081845234754e-01, -1.375189117991359e-01, -1.973840108353052e-01, 3.207452618556764e-02, 2.538022981452910e-01, 1.516523787398752e-01, 4.109739724230942e-02, 2.159291221362777e-02, -7.754169105443205e-03, 2.134303754894999e-03, -2.554914935233953e-01, 1.409639109750334e-01, 3.012998724282774e-02, 4.732837561236090e-02, -6.861667441991688e-01, 2.550012564814776e+00, -1.513013245152971e+01, 4.791822130673008e+01, 4.563661612028167e+01, -2.476858453136956e+01, -7.471110610865745e+00, -9.911277376540150e+00, -5.770246383324571e-01, 5.709499272908281e+00, 7.055824268202930e+00, 2.228593568805476e+01, 6.675079369328160e+00, -1.186207098650278e+00, 9.070084067528221e-01, 1.576912098842816e+00, -3.378934568941955e+00, 1.595664399191192e+00, -5.173388022439201e-02, 2.166630067869532e+00, -5.014001140945857e-01, -1.749577519675859e-01, 7.938659254365610e-02, 1.134677354461361e-01, -1.990989321328297e-01, -2.017561845144294e-01, 4.636789797528039e-02, -7.474702970745103e-02, -8.545748037709271e-02, 4.649210972548115e-01, -1.545302558106565e-01, 1.612717543796097e-01, 1.218112034062133e-01, 2.818559413696431e-01, -2.105854055099692e-01, -2.753150738430364e-01, -2.173901481586457e-01, -6.892911183415451e-02, -2.780420120011502e-02, 5.825617591621822e-03, -1.469794895389868e-02, 2.182108083051628e-02, 1.315740166941323e-02, 1.758019080864914e-01, 4.550755658843391e-02, 2.134162714587910e-01, -3.958983430023660e-01, -4.703159077026517e-01, 9.050754455464824e-02, 3.357577157302621e-01, -5.958516536587345e-04, -1.341707944169525e-01, -7.735106831208520e-02, 4.708227786752585e-03, 7.389186685321241e-03, 1.461631408818152e-03, -2.590295917340995e-03, -4.869397564632682e-02, -1.331531882354714e-01, -9.754202498110034e-01, 7.917014934239597e-01, 4.085684070911970e-01, -4.912680715134483e-02, 8.771758425860197e-01, -5.275011145658119e+01, 2.229917232986638e+01, 7.237605355234185e+00, 1.474465034512150e+00, 1.136522249144587e+01, 9.937425074262311e+00, 6.038666111053640e-01, 2.064556209558528e+01, -5.080312554580579e+00, -6.852680299978327e+00, -8.322410737324081e+00, 5.734011626608965e+00, 3.791469513745797e+00, 1.920381539049463e+00, -2.406981401655512e+00, -3.525941100688130e-01, 1.743027317792792e-01, 6.515950080546663e-01, -7.482823128762418e-01, -7.374129140767949e-01, -3.519226290143123e-01, -4.622795763426656e-01, 2.061264443517292e-01, 4.223236679958962e-02, 1.267330656780232e-01, -7.732429283617150e-02, -3.422736087089424e-02, 2.100190354654898e-01, -8.715403517323340e-02, -2.598794457501102e-01, -2.251229391584837e-01, 1.814987712569281e-01, -1.506731609899006e-01, -9.269517806350928e-02, -1.448247570164841e-01, -4.179954252776016e-02, -6.849774659917474e-02, -5.103289787910511e-03, -8.200462904080720e-03, -2.533632692908031e-03, -1.942350016902651e-02, 1.694484153788038e-01, 9.157076103494871e-03, -1.031499266211819e-01, -3.676136238955451e-01, -4.479371153831436e-01, 1.558291302005684e-01, 1.955802541403621e-01, 1.833841311797503e-01, 3.899803744874129e-02, -1.831745546529016e-03, -2.696749002747070e-02, -1.534930914804034e-02, 4.090737792061886e-03, 2.108709966112472e-03, -6.250509015154523e-02, -3.134738599808271e-02, 6.182001250830174e-01, 3.475853531317389e-01, 7.154973521621601e-01, -5.118413349841813e-01, -3.899952283471634e-01, 1.068976857954969e+00, -5.512570432562546e+01, 3.709695298757985e+01, 6.157761895653133e+01, -2.317042417972704e+01, -3.922628094066341e+00, 2.078873367521068e+01, -3.244265059225341e+00, 4.104234968422791e+00, -1.853938009601457e+01, 3.759134058308893e+00, 5.547227204689141e+00, 1.105874022140479e+00, -2.632570353221061e+00, 7.443750436756978e-01, -1.506684243344933e+00, -2.010221576123800e+00, -3.179179455725065e+00, 4.471441525844864e-01, -2.029806555371793e-01, -8.554056527324881e-01, 7.437235985864711e-03, -5.267456728751748e-01, 8.022746746631336e-02, -4.260606993618405e-01, -3.775441494785786e-01, 1.336634140548296e-01, 1.258328362978156e-01, 3.261017283629035e-01, -4.014008219839945e-03, 1.016573547769185e-01, 3.184182086226880e-01, 3.167946927255293e-01, -1.176883347669918e-01, -4.929232706693646e-02, -5.974997934910502e-02, 4.117244407638457e-02, -1.886557801662567e-02, 4.975914837226827e-02, 3.833373175812522e-02, -1.338179168666671e-02, -1.792243716789868e-02, 1.122573906332606e-01, -2.590617872367054e-03, 4.120531455164068e-02, -2.478133054373789e-01, -2.697576767048331e-01, -4.890918121964866e-02, -2.139220176892330e-02, 2.216536664482874e-01, -2.581346044465387e-02, 3.147500890959126e-02, -1.360112355187809e-02, -1.375573730514499e-02, -5.677018428531098e-04, -2.546397292341265e-03, 1.183631264195011e-01, -6.899958509795852e-02, 6.740615323420246e-01, 2.048988644935553e-01, 5.507748178793631e-01, -3.128631817797907e-03, -3.214113355119962e-01, -1.689157181850577e-01, 2.860418845215960e+00, -1.586748185940072e+01, 7.693574336136127e+00, 3.128704099879846e+01, -4.040340354670345e+00, 2.330025982457892e+01, -7.881115889050776e+00, -9.774261559316356e+00, -3.491927885057041e+00, 1.862262453265433e+01, 3.275451956187764e+00, 3.322159515250715e-01, 3.884975743426633e+00, 2.697246541909176e+00, 6.668236784863095e-01, -1.054536587795800e+00, -2.573187062181240e-01, -1.155121330886406e+00, 3.964288099192750e-01, -4.977601518198411e-01, 2.463200318692363e-01, 4.376224943040880e-01, 7.971162633345039e-02, -6.207813336332741e-01, 9.757274462643789e-02, 1.081258925065804e-01, -1.286441271538546e-01, -5.163685100672689e-02, -7.013723125361956e-03, -8.243169049057067e-02, -1.282839666139148e-01, -9.744872934104931e-02, -1.310507857016198e-01, -3.432499724618254e-02, -9.268980134954592e-02, -6.950761111871567e-02, 5.285489007811254e-03, 6.112590482345773e-02, -4.447682964414125e-02, -3.913446356161771e-02, 3.077931409873875e-02, 6.396063248614624e-03, 1.531776676530872e-01, -1.729291285640044e-02, 1.473032056898377e-01, -1.075229708354128e-01, -2.831926367488090e-01, 3.505059791315184e-02, -8.182996413662462e-04, 1.077688856561651e-01, -6.101488110817520e-03, -2.003871843088178e-03, 1.294675714355939e-02, -5.471474337745312e-03, -7.732407470767360e-03, -2.182286918144222e-03, 1.021254043039367e-01, -1.091801747164708e-01, -2.523364627122835e-01, -5.226344204290523e-01, -1.394158342242024e-01, 2.043461031007578e-01, 2.479063723587930e-02, 1.682496999746581e-01, 5.921953036705603e-02, 1.678687374779416e+00, -9.770559238377571e+00, -1.357600289379372e+01, 1.464857017144407e+01, -5.251865570808699e+00, 1.745395276250246e+01, -1.807512694935576e+01, 3.331780649119914e-01, -1.072103168909853e+01, -2.455757760491397e+00, 5.411204065198051e+00, 2.520807550907528e+00, 1.032049740789349e+00, 1.672339454112267e+00, 3.374027405538709e-02, 1.031305898545596e-01, 8.885442026217291e-01, -5.340256840954862e-01, 2.433665209769367e-01, -5.410927238267422e-01, 6.127203830243195e-01, 2.934233155643155e-01, 4.384046958881759e-01, 1.386573132610544e-01, -8.862721340461084e-02, -3.288333997078115e-02, -7.094513444497300e-02, -7.227291665754265e-02, -7.409777505646244e-02, -5.391330835896769e-02, -1.243785772582388e-01, -2.064415998061379e-01, -1.247173910660003e-01, -2.318359872529554e-02, -1.335801905942995e-01, -5.915613843773959e-02, -4.232235097908780e-02, 3.055532319667570e-03, 8.165517263748748e-04, -4.106136883011101e-03, 1.300078504738312e-02, 1.230968572476443e-02, -1.407044125390147e-02, 1.645170467611834e-02, -1.682396875727808e-01, -1.645138396016876e-02, -1.972978735418915e-01, 4.581825739402014e-02, 6.827655354412123e-03, 4.830146206646606e-03, -1.630964988204970e-02, -1.500978618125876e-02, -5.384812922670193e-03, -9.905720795466654e-03, -6.184553736771301e-03, -5.098303893444381e-03, 5.177473489575377e-02, -2.770748730908159e-02, -3.847214253865114e-02, -1.065866207667792e-01, 1.042054366018342e-02, -1.929649517717836e-01, -7.457668390354842e-02, -5.926218886331627e-02, 5.260178931320484e-02, -8.308393394351162e-03, -9.030185119640094e-01, 1.449181126228720e+00, 1.349042335693585e+00, 3.275383217393810e+00, 2.592310993101633e+00, 2.764760441300104e+00, 1.435084472317631e+00, 3.531774159284041e+00, 1.297322697239177e+00, 1.890445549101504e+00, -2.492286121319014e+00, -2.250323267504180e+00, 2.866106850612473e+00, 1.173933285412389e+00, 2.854451313275482e-01, 3.330685704575068e-02, 3.799495543529446e-01, -1.597007177572564e-01, -4.498661867503093e-02, -7.132022488121417e-03, 5.334612636637603e-02, 2.995764446874801e-02, 4.990298853538699e-02, 4.251983883285840e-02, 8.362591547055657e-02, 3.180712769428471e-02, -3.528009015617732e-02, -1.063586090110892e-03, -9.832101738131384e-02, -2.263231385848372e-03, -3.384062653930772e-02, -3.652194358517167e-03, -2.525224159679528e-02, -1.893915439361091e-02, -2.205509336908163e-03, -3.200394265941541e-03, 2.866415451511047e-03, 1.555235364545665e-02, -1.046365527596648e-02, -3.186489821397938e-03, -1.320071820818599e-03, -6.672961285651448e-03, -4.840815231143088e-02, 5.877704422052945e-03, -2.266389978685522e-02, -1.296407672447170e-02, 3.903952376109394e-02, 7.429016809378560e-03, -3.503168395192622e-03, -1.096463413177401e-02, -1.740106771664100e-02, -5.159761673771450e-03, -7.214145004336441e-03, -1.899760980722919e-02, 9.463530385174659e-03, 2.492264495450557e-03, 8.591149368198915e-02, -1.505646752147855e-02, 1.317819100196950e-01, -3.724427053277122e-02, -8.272745318323868e-02, -2.141145312370175e-02, 1.243987741334423e-01, 7.654415914929338e-02, 9.028658540229183e-03, 3.131598530289746e-02, 3.389156554639220e-03, -2.395660989995121e+00, -1.884870037003422e+00, 4.023575770171083e+00, -2.051085756207630e+00, -7.592511308172303e-01, 5.628347584176072e+00, 5.830158859727049e+00, 4.197502403664857e+00, -5.566450526228341e-01, -2.592038050625335e+00, -5.773216288151098e+00, -2.940379767705942e+00, 3.431231307462493e+00, 1.231433131616269e+00, -2.004719508054252e-01, 1.768645615728377e-01, 2.692399035383753e-01, 3.104657901436721e-01, 1.959950925358729e-01, -2.476866501324703e-01, -1.940186707448733e-01, -1.310294136473993e-01, 2.007996624936052e-02, 6.057388699508699e-02, 9.061690462500009e-02, 4.510390639785661e-02, -6.361972100822637e-02, -2.296442405263853e-02, -1.413125648095655e-02, -2.533301451459544e-02, 5.187718369702551e-02, 5.925537800059821e-03, -2.104659073183260e-02, -1.772678058837255e-02, -8.133838279684700e-03, -7.919446675282568e-03, -1.730099468833247e-02, -1.306775701921278e-02, -2.060654700577400e-02, -9.727039580942421e-03, 8.968089298407549e-03, 7.754565623424569e-04, 4.914226086349878e-03, 1.478908946317382e-03, 7.031562726113292e-03, 2.602108021189891e-02, 1.900780142342847e-02, -8.455409870549117e-04, -1.916463167638405e-02, -2.381576980974514e-03, 9.994984850733420e-03, 7.630705237029104e-03, 6.000306957826485e-03, 3.270737572340290e-03, -4.663744516221511e-03, -3.174710062464579e-03, -6.395796998882565e-02, -3.168587022373698e-04, 2.056221934739909e-02, -2.528361356811618e-02, -1.004389792810667e-01, 1.720864981351152e-02, 8.363639590954018e-02, 3.251917161674639e-02, 4.829014763923982e-03, 9.494236030491279e-03, 2.755634731324024e-03, -3.344630743781288e-03, 1.112295640701417e-01, -3.816873638175100e+00, -6.194211125772175e+00, -2.246812812875308e+00, -3.903166887199253e+00, -4.104935875166985e+00, -3.321028079653430e+00, -4.728453292368530e+00, -1.282649125885153e+00, -1.480564859812718e+00, 1.222788560763488e+00, 1.750494366603145e+00, -1.407707386401997e+00, -1.122349569106907e+00, 1.796194863869322e-01, 3.048584615331011e-02, -2.520941294283143e-02, -3.288675520517457e-03, 8.234547095072761e-02, 9.305194206959237e-02, 9.396100777272409e-02, 7.641917989280739e-02, 3.027619177818678e-02, 2.990958334459417e-02, -1.472986923291440e-02, -2.859196836545725e-02, 3.225940529870432e-02, 2.701490541989986e-02, 6.797061117830037e-02, 6.405350506018501e-03, -6.436212797039159e-02, -1.952548918687571e-02, 1.186346254042152e-02, 1.616520672371618e-02, -5.503418080468713e-03, 4.725137296789603e-04, 9.910252434737686e-03, 1.024096076740528e-02, 1.289944209049578e-02, 6.306692076050074e-03, -6.588107903629327e-03, -1.903376299207218e-03, 8.330200285036390e-03, 2.442832227767709e-03, -3.110177493540106e-03, -9.635498734988332e-03, 9.850319961552076e-03, 2.611781114060301e-02, 1.644076924626274e-02, -4.981977208620060e-03, 3.445714952716918e-03, 3.723901715080747e-04, 4.052179169495157e-03, -2.914951556799473e-03, 4.858918876123022e-03, 3.879331481846588e-03, 1.547328562392912e-02, 1.237785607512130e-02, -7.205948167306830e-02, 5.879439639334853e-03, 2.018082418217343e-02, -2.502677421210990e-02, -4.252518891489514e-02, -2.994927637607615e-02, -7.627228281090602e-04, 3.313738181854264e-03, -2.023184319154216e-03, 6.127487699858905e-03, -1.719564532827366e-03, -7.110064150759466e-01, 1.290880298217730e+00, 3.873538365264054e+00, 5.798441010603497e+00, 3.694206116459458e+00, -6.501735812943124e+00, -4.682678263565425e+00, -1.340643678758859e+00, 1.520472031253814e+00, 3.481472869775723e+00, 3.214793971717274e+00, 3.301133329342043e+00, -2.576328500336327e+00, -1.836771862408084e+00, -4.078085135540678e-03, 1.631058487843166e-02, -8.357895063302231e-02, 3.795086224906954e-02, 4.938719627403088e-02, 2.409455697400685e-02, 5.065102143149003e-02, -2.303594327560150e-02, -3.960894064905648e-02, -5.101266480246192e-02, -2.043091206104246e-02, -3.883957369208416e-02, 3.818758570776821e-02, 2.946266377311858e-02, 3.975850505294505e-02, 2.685257828894300e-03, -2.738795182228599e-02, -2.286613517220627e-02, -1.760392491858018e-03, 1.183977227530850e-02, -5.934617797892974e-03, 9.579336452069309e-04, 4.347036015856536e-03, 7.065653139853264e-03, 4.618431387419069e-03, 2.834852517118196e-03, -3.291392659766548e-03, -1.089480651002551e-03, 4.482909188840489e-03, -1.635406921373383e-03, -8.795931022473455e-03, -9.933417901660274e-03, -5.071528122496526e-03, 2.069607101234223e-02, 1.624564861930084e-02, -3.721119690106030e-03, 2.525088224525812e-03, -8.838796574880915e-05, 5.338352485046657e-03, 9.596484105574960e-04, 1.713760289693102e-03, 2.796504216192621e-03, 1.220327452393009e-02, 1.212251154649842e-03, -7.478540336602191e-02, -2.108867642144558e-02, -1.414818687287029e-02, 3.915265450013991e-03, -2.358305049046813e-02, -1.825146989974596e-02, -1.543208480390024e-02, 4.785866362518464e-03, 1.032012422678628e-04, 3.493276785806816e-03, -2.448343014582463e-03, -5.404041708977050e-04, 7.794521537853960e-03, -4.882740793519380e-01, 3.889654970130596e-01, 3.525299528534334e+00, -2.539124322044374e+00, -3.125780784122963e+00, 1.349894529487943e+00, -5.290669645256795e-01, -7.489894175811709e-01, 1.806392538478410e-01, 3.657807915349112e-01, 9.364335875294041e-02, 7.657982711776267e-01, -5.166838215339645e-01, 3.026371878420302e-03, 6.203961448742557e-03, 3.046985806526873e-01, -8.321653927339018e-02, -8.371032400323428e-02, -1.136673657552261e-02, 3.299590597099867e-02, -1.687575667915464e-02, 3.410327743322877e-02, -9.678198190609815e-03, 1.194805097128958e-02, 1.792824568962889e-02, 5.582319059272892e-02, 2.180599401236901e-02, 2.256805188123872e-03, 8.807762814148448e-05, 8.047146238260677e-02, -2.569269986831007e-02, 2.397021240142547e-02, 1.591225992212602e-03, -2.051945655067765e-02, 1.697873421333801e-03, 7.701889893073060e-03, 5.510070655726406e-03, 2.725900866148858e-03, -1.412877244195899e-02, 3.395064862648086e-03, 5.581341467654725e-03, 1.123446336870064e-03, 2.072783615442285e-04, 2.816138106123345e-01, -8.055106689115091e-02, 8.230135549749476e-02, -7.141034059021731e-02, -4.566818993424064e-02, 2.334138046662657e-02, -2.166942653312965e-02, 8.809027912096266e-04, 4.328063312576669e-03, -1.506857654520792e-02, 5.673024889953904e-03, -3.684202089448816e-03, -1.038697276397918e-03, -2.092192429064719e-05, -4.945412507998031e-01, 7.923660829337006e-03, -6.123383101654766e-02, 2.252089487857981e-01, 4.644065519454506e-02, 1.144489030161162e-01, 9.053960872201856e-02, 1.024106626803910e-02, -2.093454279323997e-02, 9.454542924075542e-03, -2.774933399811068e-02, -2.373161598882598e-03, 4.927791846089432e-04, 1.816015367316200e-02, 3.364079989384564e-01, -8.257039493869650e-01, 1.488518620519419e+00, -5.141030406205429e-01, -4.034249048338581e-01, 1.553572255510869e-01, -2.280994691358113e-01, -2.691244698873128e-01, -1.033857374785187e-01, -1.391699755087784e-01, 7.045991581321995e-02, 2.646341718059366e-02, 5.982163414229683e-02, 1.376559308223611e-03, 6.743349439596691e-03, -2.667028831518408e-02, -5.427145093464460e-02, -1.587265926403761e-02, 3.290003888481056e-02, -2.311812105022257e-02, -1.149296435366465e-02, 2.200256813995711e-03, -1.042374892916268e-02, -6.569970681086212e-04, -1.100369574418139e-02, 1.044040086520788e-03, -6.420300740300229e-05, 2.907446002519793e-04, 2.998544696599121e-04, -9.004825325211319e-02, 2.444561763438374e-02, -1.209937305680930e-02, 6.616941709484636e-04, 8.708391878682838e-03, -1.238234639633314e-03, -2.552895244227119e-03, 1.117506164308827e-03, -4.487820015096873e-04, 1.826900356106014e-03, -1.936096945113298e-03, -2.852326554417465e-04, 1.452159331157184e-04, 1.066264105739463e-04, -1.670874057056304e-02, -9.278366697704441e-03, -1.213067183278204e-02, 1.447706067361783e-03, 1.052165818312342e-02, 3.726302173363255e-03, -3.027689381936846e-03, -7.565260301847554e-05, 3.911918866011489e-03, 1.948415708007342e-03, 2.076579843751992e-03, -1.941917185849205e-05, 2.201511193736002e-04, 1.098050805481855e-04, -3.820163153555809e-02, 1.093622916730278e-02, 7.308323224053924e-03, -1.324655202438036e-02, -3.124035265110618e-02, -4.563744060258830e-02, 1.043657911203020e-02, 1.487973868235372e-03, 1.181041013643613e-03, 6.142578470681390e-03, -7.041850124204603e-03, -2.577414216417604e-03, 1.229743266849887e-04, 3.981066102812305e-05, 3.131582227103115e+00, -1.293230633269757e+01, -3.512294594497362e+01, 1.810220328213481e+01, 2.271483973357305e+01, 2.276117658224164e+01, 1.603830545446540e+01, -1.058867136984548e+01, -9.052909725518186e+00, 1.088524533516070e+01, 1.958983430073674e+00, -2.955314530040093e+00, -3.378997773438357e+00, 6.346912061397505e+00, 4.569731618520573e-01, -2.393416119538929e-02, 8.221997442543227e-01, -1.415269536017744e+00, -5.314716886468073e-01, -9.421511829244147e-01, -7.414955463110520e-01, 4.123182311815675e-01, 3.323090855214900e-01, -2.261014694277649e-01, -6.221020982209370e-03, 1.104884918802377e-01, 2.071387750763676e-02, -1.863954305293363e-01, 8.185856938850820e-02, 1.272887583228565e-01, -4.480468482031859e-01, -3.678836429099672e-02, -2.956854359934687e-01, 4.338958771663092e-01, 2.651576206899112e-01, 2.241532390451120e-02, -2.369551776612345e-02, 4.096192362768349e-02, -1.126399669115226e-03, -4.243284196312562e-03, 8.757651484387619e-03, 2.991263942323526e-02, 4.236268723900997e-02, 7.246056227901917e-03, 4.711522995269827e-01, -6.543289385919832e-01, -1.984597051774915e-01, 7.638530451810877e-02, 6.325298078728397e-03, -5.788509521735584e-02, -7.241676303679183e-02, -4.448845857577882e-02, 3.795265158453908e-03, 4.545221412736829e-02, -2.049021511735710e-02, -2.367106151056020e-02, 8.993235804417832e-02, 1.110562162942157e-01, 7.881818479705086e-01, 8.465846777408148e-02, 3.116997096845346e-01, 2.529982107773981e-01, 1.108205399935693e-01, 1.760086511955534e-02, 5.236731659167071e-02, 3.783988734420307e-02, -4.208279428898330e-02, -5.891247789613374e-02, 6.894800476291259e-02, 5.340002022175092e-02, -6.157857893608930e-02, -9.380203182505303e-03, -5.157621063227665e-02, 9.264554270392932e-03, -1.574927184922523e+01, -1.291108765005935e+01, -1.445324623945406e+00, 2.023178147069375e+00, 1.198758274272130e+01, 6.817899901697473e+00, -6.781077231555090e+00, 5.326743334552009e+00, 1.060298064958725e+01, -1.089815916149417e+01, -3.566910721143850e+00, 3.602662415498155e+00, 1.220846458939979e+00, 7.054562329142994e-01, 5.827778279025668e-02, -1.611451378030187e-01, 6.302611163831850e-02, 4.340283422588063e-01, -7.380680566166716e-01, -1.947135893666463e-01, 4.486314027450155e-01, -2.153815553745942e-01, -3.372016545267733e-01, 3.237515245432422e-01, 1.375720367470137e-01, -1.355574754969553e-01, -4.506671314368445e-02, 4.628486282028456e-01, -5.450229205898194e-02, -3.424614809720814e-01, -3.127521788233625e-02, -3.546435349470373e-01, 1.360690318134117e-01, 1.690038598421026e-02, -3.267164632558616e-02, 7.366437642268811e-02, 4.704873130682954e-02, -2.379906025936299e-02, -5.975096781785631e-03, 1.021446075574300e-02, 8.678417012183891e-04, 3.460706061508899e-02, -4.400642766335501e-03, -1.890243052913052e-01, -1.478866774857587e-01, -2.147215573963868e-02, 1.960097736142793e-01, 1.452629938211234e-01, 1.716219765276514e-03, -9.705748456771963e-02, -3.653415082932260e-02, 2.443831155910452e-02, 1.968856102140656e-02, -2.106870097872950e-02, -5.765469148290508e-03, -2.903605171892633e-01, 8.625162330883947e-02, -1.310591940493613e-01, -4.276043329603910e-01, -5.156175214284697e-01, 1.317946205871970e-01, 3.006476397439339e-01, 1.544201703412044e-01, 3.847767419268026e-02, 4.398807955324518e-03, -1.756511749769513e-02, -2.913401493868127e-02, 2.045165005617445e-02, 2.011891108284407e-02, -1.311299664148125e-02, 6.944195767683538e-03, 1.480557305018199e-01, 8.666876357351107e-04, 1.469928872736352e+00, -1.602616930523491e+01, 5.203424033858936e+00, -3.756022827758959e+00, 1.386205051494242e+00, -6.573947183558556e+00, 6.158826493736122e+00, 1.287473981111837e+00, 1.694143969429643e+00, 2.448955386974042e+00, 9.313850516125756e-01, -5.770938423640430e-01, 7.196113676383716e-01, 4.015287885261709e-01, 3.659318716931884e-01, -1.703672592155498e-01, 1.184514066311390e-01, 7.438026261804302e-01, 1.656923729493503e-02, -5.517722205540795e-02, -1.889367375637037e-01, -4.723964516407098e-02, -3.077939288959264e-02, -1.392975040784391e-01, 1.025063952648790e-02, 9.203280968084933e-03, -1.292383134794609e-02, -1.402272306744323e-02, 7.436894330986968e-02, 4.282933748986123e-02, -5.761427557165812e-02, 6.250367668400478e-02, 1.429678036930853e-01, -1.300230733847303e-01, -2.445072951449263e-02, -5.201491315664657e-02, 3.641603054645824e-03, 5.631053365119695e-02, 1.488951458642219e-03, 6.637197455117226e-03, -7.295475378617824e-03, 1.319787745030588e-03, -7.292985175932432e-02, 5.701875811012233e-03, -8.827853270784115e-02, -3.242770987057840e-01, -1.452653861951446e-01, 6.878963458693334e-02, -3.465440659642178e-04, -2.050672713570493e-02, -3.536216471868405e-02, -5.243224348347571e-02, 2.330498235870278e-03, 3.712300241340167e-03, 1.558920008115911e-03, -2.502463218673718e-03, 2.125908011868926e-02, 1.545196607209290e-02, 1.374826177571340e-01, 3.672239328901275e-01, 9.211995549394687e-02, 8.521524711366711e-02, 4.182532637520716e-02, -1.489719821329915e-02, 1.436001657674501e-01, 1.089454270461399e-01, -2.391003724892286e-02, 9.556415651455962e-04, -7.252998068579309e-03, 4.855007000848312e-03, 9.886174182845316e-03, 7.874396110815434e-03, 1.264927260820351e-01, 6.719655347193004e-02, -2.594048195609086e-02, -1.188376450679036e+00, 1.852664786690769e+01, -8.376418589102599e+00, -9.357875354146546e-01, -3.800337913639174e+00, 1.895061984662552e+00, -3.566349358830445e+00, 1.385263636242946e+00, -2.285019914653628e+00, -1.976787950827318e+00, -1.106331672745549e+00, 1.348699664918279e+00, -1.189554586923377e+00, 3.724872877290353e-02, -5.381971919834119e-01, 3.203416064226186e-01, -3.906304770922810e-01, -4.723194283983705e-01, 1.615404094310096e-02, 1.843253657738866e-01, 1.452451749048523e-01, -7.468839371066438e-02, -1.073721633367612e-02, -1.991462625813377e-02, 6.297557585355278e-02, 1.878480806769212e-02, -1.268243632745408e-02, -1.688879121431553e-02, -9.327910292367292e-02, -3.033661038892824e-02, 1.106458790744267e-02, -1.055564186219516e-01, -1.356224672945059e-01, 4.730882800946117e-02, 2.477365031115309e-02, 2.541523178138198e-02, 1.143775129077090e-02, 1.171007998073649e-02, 1.367233854486794e-04, -1.811909984442782e-03, -3.620146698212781e-04, 1.964123004458686e-03, 6.348800929974203e-02, -6.547573516141283e-03, 1.628857547478051e-01, 1.858720112531289e-01, 1.434933244776993e-02, -1.047810486702914e-02, 1.226333671896015e-02, -1.837634421286297e-02, -6.929981463252992e-03, 1.199695270983492e-02, 7.668391317460589e-03, 7.225752249969723e-03, -1.330972166261249e-03, 1.299055300204102e-03, 4.956763980270804e-02, -2.977251422199083e-02, -6.379142255672481e-02, -1.134136503750604e-01, -1.023521788266478e-01, 1.034577906653593e-02, -7.423551661284566e-02, -5.403187739549493e-03, -3.316483020350648e-02, 8.435296574197157e-03, 7.820183763740458e-03, 7.158812356364661e-03, -1.153536905972221e-02, -9.148020670203285e-03, 2.006451350868410e-02, -5.992195491927648e-03, -1.881842719772420e-01, -7.921854214985506e-02, 7.063630527411047e-02, -2.064916944586165e-02, -9.110199757409874e-01, -3.628453032201768e+00, -2.494636189771506e+00, -1.566832227847942e+00, 3.204726670732509e+00, -1.427121365498394e+00, -2.540978735586482e+00, 6.155468923151489e+00, -3.405099944192498e+00, -8.017008431545386e-01, 3.653322958986970e-01, 1.207941583761338e+00, 1.292387707072526e+00, 1.371532402203776e+00, -3.143704567803305e-01, 3.635374036448533e-01, 1.138100304848816e-01, -1.882050188777697e-01, -2.812140855237129e-02, 6.529492426741793e-02, 4.826899253910071e-02, -2.210038380217922e-01, 5.231578394024241e-02, 3.932455453975094e-02, 7.571267244196960e-03, -3.114131389965370e-02, -4.685388968462059e-02, -3.034206024354734e-02, -1.384489110489391e-01, -1.602839523991152e-02, 5.549853597587300e-02, -3.682695159300619e-02, -3.736482427709578e-02, 5.199393196587285e-02, 2.497377246323741e-02, 6.033775882024730e-02, 1.069813483271558e-02, -2.395608472192923e-03, -7.153433561253328e-03, -3.672625389602098e-03, 1.629427234262212e-02, 7.166987451747696e-03, 2.940836650556162e-02, 1.021170691512239e-03, -8.648219464173948e-03, 1.168291726443562e-01, -3.951214096292116e-02, -2.233517673142900e-02, -1.991161128619908e-02, 4.341911547817739e-03, 2.304914468165667e-02, 2.125505623815032e-02, 6.593209629365089e-03, 1.638040346144192e-03, -2.410240262313457e-03, 3.371370811458139e-05, 9.524941897979572e-02, -2.946948017244184e-02, 1.004581676470897e-02, -1.169922131044740e-01, 1.142251340844973e-01, 1.771065569535388e-02, -8.247172362293703e-02, 4.207245579737627e-02, 4.543026548352495e-02, 2.016808479456637e-03, -1.410202296788595e-02, -1.848184550789389e-03, 1.085345004121182e-02, 2.136002103246932e-03, 6.101612973151391e-04, 9.550795287214462e-04, -4.378387688350362e-02, -4.231308291911719e-02, 2.650784446509246e-02, -2.205538107083092e-02, -3.693271104847510e-03, -5.727330415289753e-01, -2.032355953519299e+00, 2.439886120915943e+00, 2.993367644685587e+00, 1.417350779704432e+00, 2.925995086642694e+00, 1.499394708261815e+00, 2.157777791369992e-02, -1.367152475693569e+00, 4.360364866567621e+00, -9.694998053004450e-01, -9.678495766919555e-01, 4.431455550191877e-01, 4.544743530463223e-02, -7.357689106717860e-02, 6.733170237074222e-02, -1.311589707400390e-01, -1.869886257861183e-01, 4.569230028624293e-02, -5.768217448729335e-02, -4.990772724717374e-02, -6.049108416675523e-02, -8.416561256365954e-03, -1.021198029192575e-01, 1.345742532535971e-02, 1.367302231127798e-02, -6.478961475974017e-03, 7.302338851974129e-03, -2.370628470293514e-02, -6.506810009597921e-03, 2.847856720608771e-02, 5.668212651695530e-02, -5.057061738929555e-02, 5.221342747690503e-03, 1.626930438574459e-02, 2.739891573769521e-02, 4.519424270937426e-03, 2.557883283159591e-02, 1.249013096119715e-02, 7.286531378052210e-03, 1.466726549130696e-03, -1.734694249866644e-03, -3.837496173377754e-03, 2.027609240981951e-03, -1.881163138448176e-02, 1.279738419650365e-01, -1.236724404047135e-02, -2.140470064606454e-03, 2.925476305208716e-02, 1.687652471662144e-02, -2.106525524856136e-02, -8.198173802512887e-03, -6.785072837970668e-03, -4.865950274316589e-03, 3.580651303910365e-03, 3.365318835286636e-03, 7.811151998299360e-03, 4.058627757490391e-03, -4.031457362433259e-02, -6.104329158237522e-02, -1.332802243478753e-01, 8.018246445119592e-02, -1.494665296090333e-02, -4.274633671264839e-02, -2.859271009688701e-03, 7.671160085116747e-03, 1.034016003875098e-03, -3.548538981969119e-04, 8.382703142922438e-03, 3.425649745957812e-03, -4.189518998923627e-03, -7.430374047508895e-04, -6.341751539066750e-03, -7.169079965191383e-03, 4.029039919226100e-02, 1.017173563528160e-02, -1.985245802781946e-02, -1.297375934181981e-02, 1.253419049135127e-01, -1.717852304959613e+00, -1.726857862486511e+00, 1.364285185327276e+00, 6.400431142085348e-01, -1.643115251105308e+00, -8.823807199097002e-01, -1.621754893779251e-01, 1.058949030521281e+00, -1.085723035321809e+00, 1.085475836172678e+00, 9.694173439311324e-02, -1.032583183300936e+00, -9.531095904157134e-01, 1.201909231384101e-02, -6.663132702201668e-02, 1.803771597110147e-01, 9.449656115405823e-02, 9.838805925344503e-02, 2.436047980423311e-03, 5.666801751585807e-02, 3.767657185559958e-02, 1.681834409111355e-02, 3.453276171091238e-02, -3.609052421247071e-02, -1.480641903052046e-02, 4.015417058182583e-02, 3.546742567074337e-02, 7.818107375580797e-03, -3.351755473330886e-03, -1.054186360448163e-01, -6.192758804445698e-02, -2.327332667959722e-02, 8.425657484405016e-03, 8.803688295404750e-03, -5.152734580297803e-03, 4.705263831902333e-03, 3.673382495240541e-03, 1.153568275483968e-02, 6.845120819904707e-03, -9.852147818827669e-03, -7.046091126294857e-03, -6.593287284357285e-03, -2.348852427030562e-03, 2.318807636137631e-02, 5.660378602310665e-02, -2.297435713368475e-02, -1.138084799753566e-02, 2.772780701503130e-02, 1.094509959596215e-02, 1.131837773261389e-02, 5.618102942426203e-03, -1.079085440663654e-03, -1.201026479910720e-03, 2.216940370417821e-03, 3.588581800375040e-03, 2.495354787820760e-02, -4.386091981325566e-03, 2.329979115593153e-02, -4.496273015112812e-02, 1.718391396793871e-02, 3.145852356013049e-02, -3.484006412011837e-02, 1.038484970956389e-02, -3.707711331701000e-03, 4.490997717924616e-03, -6.465665415817021e-04, -6.119146614320865e-03, -1.421686047878877e-03, -5.329379631778061e-04, 9.086392355744448e-03, -8.528003357879891e-04, 2.912648441116500e-02, 9.989626419524077e-03, 1.754492276980215e-02, 4.224486499265405e-03, -1.736660717239426e-02, 7.240616695227103e-03, -3.339129953295674e-03, 7.838372659501255e-02, -6.218402064415505e+00, 2.269080111777861e+00, -5.746514070937732e+00, -5.986986889992827e-01, -2.114130622903193e+00, -2.405366790788311e+00, 1.197985191954999e+00, 1.918017324034289e-01, 3.167060132872564e-01, -1.030808397083214e+00, -1.401255851841552e+00, 1.015426604875063e-01, 1.059568340012166e-01, 6.139415307079874e-03, -1.124558696211372e-02, -1.404531424999281e-01, 1.651819534793294e-01, 9.905977884541990e-02, -2.667342933343107e-02, 2.576290309664914e-02, 1.489215646250652e-02, 3.888172082452299e-02, -2.007045812541115e-03, 1.711385981478268e-02, 2.904428059660795e-02, 9.091872147151139e-03, 4.148495783116032e-03, -2.000005118987807e-03, -1.941788275083130e-04, -8.883851963380695e-03, -1.391439890271039e-02, 1.206745987434431e-02, 4.340183089567325e-03, 2.252341467788074e-03, -2.245444388651306e-03, -3.721533133613305e-03, -2.925910726035045e-03, -5.668708516685592e-03, -5.816914514554383e-03, 2.814742788193104e-04, -1.164171527531178e-03, 1.109098686351488e-04, 1.558321569714077e-03, 2.092695649237444e-02, 1.654050800033922e-02, -1.923535333171576e-02, -1.592656444244186e-02, 1.664700704442470e-02, 7.289878292259242e-03, 6.843031169259080e-03, 7.808756142720152e-03, 4.435326754715902e-03, 4.930740440303756e-03, -1.658686011506388e-04, -1.443816781080016e-03, -1.738400879644442e-03, 5.056831369457501e-04, 6.771859313517900e-02, -7.955653008477909e-02, 3.413647948798886e-02, 5.130878046934500e-02, 3.031161226989030e-04, 8.758241279969608e-03, -6.135315636689669e-03, -1.401012787729015e-02, -1.154247537163072e-02, -4.714689755141452e-03, -3.158003810372824e-03, -2.470751435942433e-03, 3.269026235596206e-05, -4.911387012968064e-04, 5.263772250634649e-03, 1.864155601400387e-02, 7.526182386272434e-03, -3.709064745479234e-03, -8.952515179218518e-03, -4.960419289581021e-03, -3.740526759258030e-03, 7.673332663269890e-05, 2.128526732773897e-01, 1.008231641401938e+00, 2.525195446951026e+00, -1.655649934332329e+00, -1.297706738718087e+00, 6.700935723476422e-01, 9.090486955596085e-01, 6.662660170212470e-01, -7.805133330695703e-01, 3.414343819714604e-01, -3.208526688727232e-01, -1.231823655292780e-01, 8.539552947185484e-02, 7.429243965214339e-01, 6.068689035187891e-02, -6.313605362732919e-02, -9.487832592679332e-02, 4.585547215287575e-02, 1.910339167896826e-02, -3.482752545770136e-02, -4.413562018361603e-02, -2.487183949291799e-02, 3.220642669937938e-02, 2.547271251837303e-03, 2.349760518386526e-02, 3.008298030199514e-02, -1.574541323773982e-02, -2.228132197373547e-02, 3.566380173061665e-03, 7.206410340005105e-04, 1.346509115244288e-02, 1.096629153853705e-03, 6.837151497524665e-03, 5.925645425514654e-03, 5.390316685775960e-03, 4.453937573231682e-03, -2.361252572605631e-03, -2.785265932948900e-03, -4.185184710031102e-03, -4.842537719410177e-03, 3.236038428078295e-03, 2.545313457946522e-03, 1.036864616107581e-02, -4.574031475187138e-04, -4.793917325295735e-04, -1.916605969097906e-03, -8.038789778651091e-03, 1.189274908834479e-03, 5.148597819136091e-04, 2.298624112949699e-03, 7.103176473040031e-03, 1.066663472973129e-03, 1.312163272421258e-04, 3.634941345715069e-03, -1.612267358723458e-03, 1.831574470155189e-05, 2.692403811188074e-04, 1.785277777973524e-03, -2.230173727341093e-02, -9.078214654564211e-03, 9.390735526979216e-03, 6.779042593706587e-03, -2.816884043785307e-03, 1.492934134832796e-03, 3.779721585669158e-03, 2.810657889454830e-03, 5.502662655598890e-03, 2.346180803466690e-03, -3.791010122377589e-03, -4.317793112860041e-03, -4.019576461338077e-03, -1.458641135044714e-03, 3.683305717117587e-03, -5.574917287758885e-03, 2.716957240322219e-03, -2.257114644156074e-03, 1.534494502191077e-03, -9.301532842726886e-04, -1.193771723392524e-03, 2.578833945493086e-03, 8.154496904180653e-04, -4.980361370870905e-02, 1.437733534478395e+00, 5.052982413929890e-01, 5.788527947060745e-01, -4.955048677829017e-01, -9.544087923433325e-02, -9.066390823699505e-01, -6.969431491922774e-01, -2.026091709887013e-01, 1.164794499143813e+00, 8.013481065925122e-01, 4.835665629577316e-01, -2.086649999288903e-01, 5.547801622467444e-01, 3.708305333741793e-02, -7.889313082887264e-02, -7.542693296919249e-02, -8.210038144929677e-02, -2.529311489456083e-02, -2.651949156970493e-03, 8.712490612055979e-03, 4.403351904987272e-03, -2.227537460421227e-02, -4.739563222931634e-02, -2.447549823232398e-02, -1.461199193147409e-02, 1.144020419853382e-03, -1.141386424367375e-02, 1.055563216800435e-02, -1.023416338618514e-03, 2.811341786217447e-02, 1.947794316118669e-02, 8.741176749953611e-03, -1.469656288763016e-04, -5.734903090864480e-03, -3.582326096493566e-03, 1.601219597296007e-03, 3.853288578837920e-03, 1.362577780173385e-03, -1.110562951626265e-03, 2.885291309938251e-03, 1.377173527735322e-03, -4.492215313187224e-03, -3.155562972612994e-05, -9.921002599996278e-04, -2.589268709610503e-03, -2.084739665971452e-03, 9.032103216403649e-04, 3.194242053237925e-03, 2.421244556237172e-03, -1.179033982835495e-03, -1.751224961932020e-03, -1.459829202208607e-03, -1.380878204861497e-03, 2.219423857309616e-05, -1.366035366318606e-03, 5.540869205547794e-03, -1.810296866511944e-03, 2.127941063498504e-02, -8.681317077590687e-03, 1.709668031976418e-02, -4.074144225168002e-03, -5.292594864353461e-03, 5.666540247507536e-03, 1.044747934364682e-02, 6.256821902365498e-03, 8.598893223453068e-03, 4.197452142450399e-04, 2.318414571067892e-03, -7.008150442129744e-04, -2.855950728065738e-03, 4.153728077062496e-04, -1.969003651572577e-02, -6.565354695233517e-03, -2.675051999023184e-03, -1.493751492991628e-03, 2.695535543951260e-03, 1.811796812661441e-04, 9.547415903099457e-04, 9.628655915120177e-04, 1.359500129909267e-05, 7.502869499765186e-04, -8.968954590121749e-02, -5.737396159678759e-01, -7.952946701303946e-01, 2.447136792779535e-01, -1.035797871468172e+00, 5.872887496590910e-02, 8.696509747613018e-01, 4.383189921102181e-01, -5.699507754276509e-01, -7.765513433429714e-01, -7.044652474426869e-01, -3.026512854136639e-01, 3.928475480947823e-02, 3.144566273147385e-02, -8.059354730609129e-02, 4.361082486440944e-02, -6.872140561734075e-03, -2.360156825730342e-02, 7.793300630007098e-03, 2.767709715628276e-02, -9.696484808571453e-03, -6.534134999248550e-03, -6.572895906008694e-03, -9.737762036424605e-04, -7.089522595193009e-03, -1.175665712322834e-02, 4.763219843308381e-03, -5.479346645892214e-04, 2.277936972219289e-02, 4.488009958743365e-04, -7.987635687435117e-03, -3.150375738557988e-03, -6.284495289747290e-03, -4.194122269653471e-03, 8.695685566652629e-03, 6.829153847248116e-03, 3.965045827956744e-03, 2.198890253036407e-03, 2.282904274695549e-03, 3.236472938889970e-03, -2.042155640265914e-03, 3.292500594996510e-05, -4.888705537503725e-03, -2.231501328506395e-05, -4.964113239518084e-03, -7.081408325020377e-03, -7.459926727651494e-03, 4.392422801103478e-03, 5.675719213868625e-03, 5.288542139822018e-03, 4.356914943749046e-04, 2.737777324398967e-03, 1.295656782758819e-03, 7.976688824459786e-04, -9.318188823495441e-04, -6.419199437332194e-04, 7.769248969992562e-03, -1.210667720753778e-03, 2.213831548484056e-02, -1.810065522636286e-03, -1.946193665758385e-02, -5.033304238996053e-03, 3.967127661053439e-03, -2.131369279544713e-03, -4.562502147239919e-03, -1.330621291645162e-03, -1.947051065844830e-03, 4.829902595645606e-04, -2.274240019650257e-03, -6.192838159719182e-04, -3.710943811739885e-04, 5.535674143924612e-05, 3.318506619216981e-03, 4.918698046681194e-03, 3.847467420243740e-03, 2.008328059212897e-03, -4.966363140430755e-03, -4.212623004186027e-03, 2.183521595959002e-04, -1.291220210359765e-03, -5.314436056607526e-04, -1.230276136780310e-03, 6.742622859374373e-04, -1.140578066337510e-01, 1.052864700649740e+00, 1.419260499425316e+00, 3.812086309138873e-01, -2.924106285294455e-01, 2.203061265362435e-01, 8.130771471241602e-01, 7.780558155428074e-01, 5.549686665405759e-01, 4.788898527595264e-02, -5.044428901888846e-02, -3.523345016211200e-01, 5.420789733551784e-01, 1.480795401503847e-01, -5.447813973027489e-03, 2.853334397041602e-03, -1.343919514118827e-02, 8.019462684101038e-03, 2.173607290265759e-02, 1.210905371402315e-02, -9.280604758459057e-03, -8.337063891251304e-03, -7.222210423124573e-03, -5.141163088059371e-03, -2.730967774259913e-03, 5.629463869119239e-03, -9.152704810649582e-03, -1.449585306286697e-03, 2.646947409886733e-03, 1.205130986286532e-03, -6.038057761124158e-04, -8.920702899610134e-03, -2.227827177839614e-03, -3.968565796364987e-03, 3.982241764857533e-03, 2.300819912065108e-03, 2.770195315710647e-03, 7.425819717982160e-04, 9.611530473645944e-04, -3.945374571547378e-04, 2.275557730906461e-05, -2.362675146679909e-04, -2.044300817750285e-04, -3.230188911628863e-04, -9.364998335858004e-03, 2.383559492706189e-03, -1.961478304332352e-03, 2.806283758840761e-03, 5.578367901797414e-05, 3.422264285448476e-03, -4.535735851840869e-04, 3.032302246123137e-04, 8.927825287335537e-04, 3.161746662367335e-04, 5.590983238278102e-04, 8.165086589483647e-04, 7.441210553847912e-05, 1.348868175738679e-03, -3.393011331243265e-03, -7.027942964709150e-05, -3.473246417182537e-03, 9.266182992964841e-04, 1.037444349254457e-02, 3.785848511944477e-03, 2.897184944444016e-03, -6.068573643543360e-04, 1.525142250016278e-03, 2.041776289970158e-03, -2.930053794382310e-03, -1.963884622648494e-03, 5.107637642460751e-04, -2.412077216522853e-04, -1.214444872240653e-03, 2.307051759925958e-03, 6.019059451272386e-04, -5.716776842852917e-05, -1.633448036672638e-03, -1.489680854668643e-03, -6.117204808641541e-04, 5.340714905282684e-04, -3.077028322795444e-04, 2.687500658880746e-04, 1.781853138368591e-04, -1.165354296987276e-04]
