elements:      [Ag]
cutoff:        5.0
pair_type:     gaussian
feature_type:  gtinv
model_type:    4
max_p:         3
max_l:         4

gtinv_order:   3
gtinv_maxl:    [4, 4]
gtinv_sym:     [0, 0]
gtinv_version: 1

electrostatic: 0
mass:          [107.9]

n_pair_params: 4
pair_params:
- [0.5, 0.0]
- [0.5, 1.5]
- [0.5, 3.0]
- [0.0, 0.0]

n_type_pairs: 1
type_pairs:
- atom_type_pair:      [0, 0]
  pair_params_indices: [0, 1, 2, 3]

type_full:    1
type_indices: [0]

n_coeffs: 2980
coeffs: [-3.026627929756695e+00, 2.637579449594707e+01, 3.595302348974792e+00, 1.609023041863460e+02, -2.919445704800260e+01, -6.166414342426274e+01, -1.485355203945144e+01, -1.055417849859640e+02, -8.475272161999980e+01, -2.301071795671507e+01, -7.387731187667050e+01, -9.933920312648150e-01, 1.126250386053655e+03, 1.253954712041023e+03, -9.444696320443151e+01, 4.295939310228232e+02, 7.546109300366530e+01, 1.549472325301369e+02, -6.790344774849476e+01, 7.764998284629345e+01, -1.182706596195547e-01, 2.321313425092816e-01, -9.438789747751809e+00, 7.176655479658288e+00, 6.463614185466475e+00, 5.912146617139368e-01, -6.872971455104089e-01, 1.187406105988473e+01, -1.050633987430397e+01, 5.779069093514753e+00, -2.677369886579907e+00, 1.390483583960384e+00, 1.121354301370754e+00, -3.216192467425293e-01, 3.098976488744010e-01, -5.210153288941208e-01, -5.689004576643919e-01, -1.917181642238599e-01, 4.232962068795014e-02, -4.125849644231429e-02, 1.944124954515817e-02, 1.049790099001287e-01, -9.073537194434211e+00, -1.739963327948098e+00, 1.193419087238554e+00, -7.302271575017206e-01, 3.427470637799131e-02, 1.643108695443430e+00, 6.139569223258477e+00, -2.961113441951693e+00, 5.497087453935959e-01, 1.122356712798363e+00, 4.478922596182816e-01, -2.539519926460949e-01, -1.337316726212123e-01, -2.754004043748329e-01, -4.883196396431934e-03, 1.303363469556660e-01, 1.261110822856101e-01, 4.607097073550338e-02, -1.033272719378210e+00, 3.807253718972382e-01, 3.508110859868079e+00, -7.278719267695546e+00, -5.315549892124422e+00, 1.492941262537217e+00, -1.965334347962318e-01, 5.492475619955783e+00, -1.960937321575909e+01, 9.057548115363579e+00, -2.090035807392288e+00, -1.026799076739356e+00, -9.416075379392574e-01, 2.156886052983150e-01, 1.994552318965712e-01, 4.928442930644709e-01, 1.748231302032733e-01, -1.627517204971166e-01, -9.062286823043050e-02, -4.741334377084189e-02, 2.637577939999537e+01, -1.485352514784302e+01, 1.318081154117157e+03, -1.055417611220148e+02, -6.006044010499858e+02, -2.994628376444279e+03, 8.475272592223799e+01, -2.517612417170257e+02, -4.584759797229396e+03, -2.591567625193602e+03, -2.301072114658481e+01, -6.783370125605699e+02, -4.093602960148462e+03, -3.108655700251871e+03, -1.030722159065989e+03, -7.387730376250360e+01, 6.165905380761541e+02, 2.617145251891123e+03, 2.171786503903900e+03, 2.172940151861939e+03, -1.111299903595373e+03, -4.451480927412509e+00, -2.023163939967554e+01, -1.137880748731258e+01, -1.121462160877329e+02, 5.901427020319835e+01, 1.788125272435861e+01, 2.321325078912667e-01, -1.029279705395000e+01, -2.838735558867331e+01, -3.004042417351677e+01, -1.169667882987196e+02, 1.824910751863744e+01, 5.228285927660070e+01, -6.872973194370054e-01, 1.388447101064291e+00, 3.363813852572093e+01, 4.052523235874892e+01, -1.862344886863189e+02, -7.555670559946185e+01, 1.426001878659210e+01, -2.293642197424721e+02, 1.187405489702781e+01, -6.349486514247211e+00, 1.835666906166129e+01, -2.013357983061126e+01, 1.915799089998970e+02, 3.603239967552288e+02, -5.633815397993429e+01, 2.678193107119200e+02, 3.801777892143136e+01, 1.050634426443417e+01, -1.386914631865530e+01, 4.557152603549192e+01, 1.787191914965794e-01, 4.330236996102767e+01, -3.459222542462502e+00, 2.545840427267501e+01, 1.878254963873970e+02, -8.698077797691893e+01, -3.873736363771634e+01, 5.779060645417603e+00, -6.510931288405037e+00, -2.971783461454854e+01, 1.290670009575111e+01, 5.572148291627180e+00, 1.485261985188046e+00, -1.447993884674947e+02, -2.765032981442719e+02, 1.293643815168767e+02, -2.170030262818651e+02, -1.532264406889690e+02, -2.677384553641446e+00, 2.453891636591727e+00, 3.734398920622341e+00, -5.388375573984862e+00, -4.647492456194493e+00, 1.174619004800846e+00, 1.259769878778553e+00, 1.169192654050045e+01, -1.224109606635220e+02, 5.333169899605203e+01, -4.431735335609044e+01, 3.502287531631136e+00, 1.891696847861718e-01, -8.404625048141440e-02, 1.192659786854794e+01, -5.081645154911379e+00, -4.390630108487936e+00, -7.606033557135957e-01, 1.049786630369830e-01, 7.408986345532428e-01, 2.255868634227585e+01, -5.754316240812342e+01, 8.478916164218420e+00, -2.650903310835156e+01, 3.425775208086701e+01, 1.315547034015530e-01, -1.545900226289439e-01, -4.170704706473050e+00, 6.876198645555826e+00, 4.227133775092647e+00, 8.747254168741217e-02, 3.427440925482197e-02, 3.859745375153505e-02, 1.112745458077899e+02, -1.042287973453983e+03, 4.579875110482444e+02, 2.272707355433157e+03, -9.253827679068719e+02, 3.096856429824103e+02, -4.029124299846091e+01, 2.883134500025938e+01, -5.426738877839251e+00, -3.956858376488052e+01, 3.631354113029383e+01, 1.532222313894862e+00, 1.643104286247812e+00, 1.618097273264673e+00, 5.110593429536412e+01, 1.103766465864067e+01, -1.057578067424542e+02, -8.309600894014913e+01, 6.706203038783827e+02, 2.058301367035231e+02, 2.794615645493617e+02, -3.757307692465652e+00, 8.329354690349508e+00, 1.253124626590476e+01, 9.565002422830130e+00, 7.103622941574169e+00, 3.891411680966757e+00, -6.139574846783503e+00, 9.047187535862101e+00, 2.429994571302855e+01, 9.567073823325234e+00, 1.868332638600357e+01, 1.367633072806472e+02, -2.140148606571305e+02, -1.764870297850776e+02, -1.912841403375648e+02, -1.666833893438476e+01, -4.791848518970701e+00, 6.976673926184691e+00, 2.038197579893350e+01, 7.543941689850000e+00, 6.971006510965521e+00, -3.395363466777789e+00, -2.961109691010977e+00, 3.889847345450487e+00, -4.208165208177770e-01, -4.951788031307270e+00, 1.899793661701955e+00, -1.835607576718994e+01, -1.590827809446413e+02, -1.952893008798941e+02, 1.551103816473991e+02, -1.743683884183793e+02, -7.999187030735241e+00, -1.001252244246621e+00, 2.316623561461225e+00, 9.504269173628982e+00, -1.106462282020647e+01, 2.152423991787531e+00, 2.405316896800553e+00, 5.497071364332939e-01, -3.138163630015373e-01, 1.313970632808485e+01, 5.372192159155092e+00, -8.131821093811315e+00, -7.268713174052350e-01, -2.400268452820089e+00, 1.756038033186250e+01, -7.940331903909173e+01, 3.285458399679921e-01, -7.368880137332636e+01, 1.254853006209910e+01, 4.289663255037459e-02, 3.826116193201231e-01, 7.712821142945222e+00, -2.506740001282752e+01, -1.688417048655174e+01, 1.615907595768836e+00, 2.477079536356572e-01, -1.257944039150987e-01, 3.668720711053496e+01, 1.483104165138390e+01, 1.384027729760498e+00, 7.978502842385427e-01, 3.807259960606115e-01, 3.348536199971559e+00, -3.578455585465225e+00, 2.582696420730946e+01, 1.724210173087885e+01, -1.914279973534229e+00, -9.642229273789635e+00, 1.182363120032287e-01, -3.112921496961334e-01, -4.009030863727201e+00, 7.483210826483908e+00, 4.144008692107406e+00, 1.506487836947576e-02, -2.029395176989891e-01, 4.401716111559197e-02, -2.746671841095322e+01, -1.279157715408872e+01, -4.544599281920295e+00, 6.343747229813217e-01, -1.965331643375849e-01, 2.828843469311063e-01, 4.664275993062430e+01, -1.458671900951219e+02, -2.921523354763781e+02, 2.565376417855713e+02, -1.733122672214164e+02, -6.258426600135693e+01, -1.728806262047416e+01, 4.679911660198079e+00, -6.236957976442710e+01, -4.960839068940367e+01, -3.210429606371044e+01, 1.206319382901373e+01, -9.877510593226125e+00, 2.690207084674342e+00, -4.302032976608109e+01, -2.791919407329226e+01, -1.048002433331587e+01, 6.382014771093469e+00, 5.492472836009919e+00, -9.948531327831599e+00, 2.849480647684446e+01, -5.803295451158699e+01, -2.927164265802398e+02, 5.742706493664380e+02, 1.282477340479103e+02, 8.953115776968163e+01, -6.426224223016253e+01, -2.317138760354346e+01, 1.683791168465978e+01, -3.172547682915794e+01, -2.856529758065661e+01, -3.543687811961788e+01, -3.135773245373640e-01, -5.128447634316998e+00, -4.202546768487105e+00, -9.770376965381445e+00, -1.767867611180718e+01, -6.116859023044201e+00, 8.174212006085774e+00, 1.960937259404986e+01, -1.261216663565696e+01, 3.981112156341720e+01, 1.789999583167225e+01, -4.749672663137289e+01, -2.562992955777918e+01, 1.788442985927059e+01, 1.028614054940553e+02, -3.313612234353070e+01, 2.032712093739177e+01, -1.175385612547039e+01, 4.523961572256047e+00, 1.039372298297100e+01, -1.716692778026132e+00, -1.020131986201815e+01, 3.157125320227455e+00, 2.870652324090236e+00, -2.871521741129412e+00, 2.061728024700336e+00, 9.345223250282016e+00, -1.005260922803032e+00, 7.032896468206031e+00, 9.057548058625953e+00, -6.233246532668653e+00, 1.074726849114600e+01, 1.631260264753186e+01, 3.965955305453189e+00, 1.431467491653963e+01, -4.225809103172227e+01, 4.623703044538308e+01, -3.964699336559983e-01, 4.079689910689932e+01, -5.587136896838353e+01, 3.183300623202775e+00, -1.641429261614809e+00, -9.286786015340244e+00, 7.382979913124712e+00, 5.146780824532639e+00, -8.830903544661376e-01, -1.918484445043827e+00, 9.796542864388491e-01, -1.659629134438931e+01, -9.124749766796368e+00, 7.081854118624121e+00, -1.040291069066809e+00, -2.090035818301305e+00, 1.759991522639770e+00, -5.615294009875599e+00, -4.528295947237092e+00, -8.615981614186945e+00, 1.174049611228172e+00, -1.485352202537810e+01, 1.318081209364342e+03, -2.326216669727292e+03, -6.322986014134043e+04, -6.006044018325224e+02, 1.366583170505379e+04, -7.071099387322487e+04, 1.521084686410286e+04, -5.654180868643567e+04, -9.304404713503754e+04, -2.517612784694885e+02, 1.301826461450588e+04, -8.134704170360845e+04, 2.219008933583109e+04, 4.096187034746541e+04, -3.627540631738055e+04, 1.527262672825842e+04, 2.238352931705446e+04, -2.641619540424017e+04, -4.776312262522995e+04, -6.783370433623816e+02, 4.883531056820608e+03, -8.346556186257057e+04, 1.426693140447194e+04, 2.871499961172492e+04, 1.257677386687307e+04, 1.665527900727892e+04, 1.947911009410750e+04, 2.688691904015342e+04, 1.070303333225917e+04, 7.700608381446165e+03, -4.669370279880250e+04, 2.583873011253788e+04, 1.856626313096873e+04, -1.256750506469182e+04, 6.165905609542500e+02, -3.769098167165178e+03, 2.095996869202916e+04, -1.037323754211532e+04, -1.039610543090250e+04, 7.779560958339785e+03, -1.145933207180499e+04, -2.329009739976667e+04, -1.113817745803663e+04, -5.542341796420689e+03, -7.157113699539174e+03, -2.958450551006766e+03, -2.080331171847559e+04, -2.462483125317432e+04, -2.060662720553668e+03, 3.125411573569165e+03, -1.727607479477735e+03, 3.559686928345990e+03, 5.453813578226912e+03, 5.152027959492701e+03, 5.550455458369646e+03, -2.023163543775160e+01, -1.081462874524073e+01, 2.352360909887111e+03, -7.049842966450900e+02, 5.350920307440353e+03, 2.386483580940146e+03, -1.545874891440618e+02, 3.045123318514863e+03, -6.677863983854083e+02, -1.153467771345551e+03, -3.611629244239625e+02, 3.264649127191092e+03, -7.705221672777094e+02, -6.896123580512854e+02, 1.904153137078492e+03, 1.883514050417247e+02, -2.439999056540674e+03, -5.302227871049199e+02, 6.538362456638439e+02, -3.252573743057430e+02, 8.853899253013761e+02, -1.029276147053377e+01, -2.838739739946291e+01, -3.004047289087078e+01, -1.169667877748506e+02, 1.824905866335347e+01, 5.228282598317416e+01, -6.872990594053690e-01, -2.838750526311551e+01, -3.102664267396544e+02, 5.350386549806266e+02, -1.821940753390776e+03, 1.509445407869929e+03, -3.850336828428398e+03, -8.462489789031972e+02, -4.339006504868304e+03, -2.534565669908690e+03, -6.570337505451529e+03, -7.071281479091047e+02, 3.739814753009536e+03, -8.163791148598016e+02, -1.822364898680765e+03, 7.927567076478261e+02, 4.956798453406121e+02, -2.121202947793593e+03, 1.083764937955555e+03, 4.342779868075228e+03, -1.272086808776832e+03, 3.110243104172153e+02, 2.939764639742210e+00, -9.880093488137643e+01, 3.271147454352287e+00, 2.794848450561659e+02, -2.159418096460409e+01, 1.736621364960271e+01, 1.388450123256265e+00, -1.735114803463476e+01, 2.006637610635940e+00, -3.573990651803794e+01, 2.168500938458982e+02, 7.985675622552766e+01, -1.493413441802928e+02, -2.326148775154420e+00, 4.052467974395499e+00, 4.052533752881637e+01, 1.310821806825035e+03, -3.606928325437258e+03, 1.937175676530085e+02, -1.813469601428509e+04, 8.433977454265567e+03, -5.231161208847881e+03, -6.320110960621919e+03, 1.405867580327887e+04, 7.346818515570659e+02, -3.043772559270322e+03, 2.292987166734579e+03, -7.817868913659774e+03, 3.301851605453187e+03, 2.256266279592322e+03, 2.444927910311548e+03, 3.944495229047733e+03, -3.835666486394128e+03, 1.884673846553482e+03, 1.765143834723151e+03, -1.735268825703940e+03, -3.616895484965612e+01, -1.269513846095177e+01, 1.498617270428719e+03, 1.983812987907954e+02, -4.127165865740466e+01, 2.602480013147426e+02, -6.349511800141592e+00, -6.102311206497343e+01, 4.380737242346821e+02, 1.264217947625365e+03, -4.709163446229143e+02, 8.917253226396044e+02, 3.920764046501108e+02, 1.527430267767308e+01, 2.714413359661970e+00, -1.695815402310295e+02, -4.380099953238938e+02, -1.560517167931897e+03, 1.204425948329286e+03, 1.492214387652808e+03, 4.723501195470155e+02, 8.932755974727156e+00, -2.048689325424664e+01, 6.005016321968664e+01, 1.915798947249635e+02, 2.849461859762393e+03, -5.967097226507917e+01, -3.933821214614996e+03, 2.736660460284494e+04, 4.084683596904765e+03, -1.490880451416196e+03, 8.185733715679611e+02, 1.866358444867542e+03, -1.635893566709424e+03, -2.588755803278871e+03, 2.069554250342341e+03, -1.348499249194299e+04, 1.121168896869257e+03, -2.997232315439758e+02, 1.732206183854009e+03, -3.280482670187141e+03, 1.550850851473656e+03, -1.707818934201260e+03, -8.291626664910921e+02, -2.660335420711599e+03, -1.405521783963368e+01, 3.219697380660783e+02, -5.727446984892033e+02, 5.062896407980572e+02, -4.425141778107226e+02, 1.798237264394512e+02, -1.386915208003365e+01, 1.687272676963431e+02, -3.786316848378964e+02, -9.116810272879749e+02, 1.991122037385884e+03, -6.526644585282296e+02, 6.359025111365416e+01, 8.055937718255743e+00, -2.138844108232385e+01, 3.172506480158540e+02, 4.286402777405520e+03, 7.512254372099030e+02, -2.606358784862143e+03, 1.294904100589406e+03, 3.763194556851515e+02, -9.711988043356855e+01, 3.482765794845833e+01, -4.350780737039688e+01, 1.034049411773486e+02, -2.041025983903405e+03, -2.219228742979420e+03, 1.930536132088750e+03, -1.161606387394458e+02, 3.355779640327533e+02, -2.356576200400178e+01, -3.074371116226154e+00, 7.912359180062307e+01, 1.736534041212403e+01, -3.459281310942296e+00, 1.248060708931464e+03, -1.605863922636433e+03, -2.332131251449066e+03, 6.368956295098758e+03, -1.189239774350525e+04, -2.835767109297127e+03, -3.588621588870612e+03, -7.656194535724539e+03, 4.025985871896046e+03, -1.366967406828717e+03, -7.092500040530822e+03, -3.680294845051926e+03, 5.987374589479211e+03, 1.574280475856852e+01, 1.324677170984854e+03, -6.952359741432888e+03, -7.673102547555121e+02, -1.956914462971205e+03, 2.297631140335367e+03, 1.317960994147285e+03, -1.977167669727742e+01, -2.456413862518402e+01, -1.080071425191769e+02, -2.697233680664938e+02, 1.327436509078120e+01, 2.755006091696564e+02, -6.510931290517173e+00, 3.750914937544255e+01, 4.165929042519514e+01, 5.571476607168092e+02, 5.231738155772968e+02, -1.057936591381151e+02, 2.283035246149976e+02, -1.842071034099067e+00, -6.375929036743750e+00, 1.769896685749664e+02, 2.745365435364636e+01, 1.841889596109601e+03, -1.128128618735889e+03, 5.755346736552535e+02, 9.860239220928440e+02, 2.112042794995640e+01, -4.303755407331204e+01, -2.276442414584647e+01, 4.418527028308754e+01, 2.012072949992966e+03, -5.346297897924719e+02, -2.287082924458386e+03, 8.754667846192319e+02, -1.118793442661844e+03, 1.087865704952493e+00, 5.793190477417155e+00, -3.110720022709174e+01, 2.896771083903479e+01, -3.492845754221611e+01, -6.877580921702355e+02, 3.590677088918015e+02, 7.166474661716009e+02, 1.813008685505593e+02, 1.472793359383445e+01, -1.222329248753968e+01, 2.145645971579037e+01, -7.815452446374257e+00, -2.896975504495777e+01, 1.279271896986131e+01, -1.447994369809697e+02, -3.001974861043702e+02, 3.189568193847369e+03, 1.669534586108703e+03, -7.276009311597053e+03, 1.095441382903883e+04, 1.285423125665773e+03, -3.758931863356098e+03, 5.850945430629608e+03, -2.185867458711141e+03, 1.030557157757494e+03, -5.843764332545314e+03, 4.953730502605355e+03, -4.086335980637573e+03, -6.624837011541359e+02, -3.472345551733147e+02, -1.016777544290825e+03, 1.690877274476379e+03, -3.221962025643502e+03, 2.588224808344767e+03, 1.064030872992518e+03, 1.315451074038548e+01, -3.346682908080185e+01, -9.107928875172988e+01, -1.509579305705813e+02, 1.967222529669720e+02, -3.237028250435117e+01, 2.453879049848142e+00, -1.298554725723963e+01, -6.561548992801814e+00, 4.595656580949689e+01, 1.426885645244945e+02, 2.700252973740451e+02, 1.844245148790734e+02, -1.703377503077442e+00, 7.331458253890839e+00, -2.440513728125585e+01, -1.646149873453292e+03, 1.615413070179511e+02, -1.187497240979457e+03, -4.250688572725099e+02, -1.323571457019718e+02, 2.939766931638640e+01, -6.517723283418017e+00, -1.128647639622104e+01, -2.511920829918008e+02, 5.893194355028005e+02, 7.989952328168067e+02, -1.015948052936384e+03, 1.686444741602214e+03, 9.671490580322500e+02, 1.332098967879134e+01, -2.576785580073164e+01, 7.653329103296748e+01, 6.790763962714752e+00, 4.669120282697336e+01, -8.727892799321982e+02, -1.504104795836218e+02, -2.835482637094250e+01, 2.560406940471495e+02, 7.104726587501925e+01, 1.259106180795688e+01, -6.543579673908121e+00, -1.201992108508384e+01, -3.480905203020102e+01, -1.150142924403794e+01, 9.188306161762462e+01, -6.691561660277862e+02, 4.336129481903598e+01, -5.264032046409407e+01, 3.879620118397412e+01, -2.972798914414495e+02, 1.699921560412814e+00, -1.786657845501371e-01, -2.257776673174123e+01, -2.061406064067714e+01, -1.638201816406676e+00, 6.073857579478593e+00, 1.169182150811353e+01, -9.228219340106511e+01, 2.252419129444482e+03, -3.133297023203494e+02, 2.687429811587912e+03, 1.935404768784675e+03, 3.442901902394893e+02, 2.330083714957128e+03, -7.613729839923808e+02, 2.782952712349520e+02, 1.214519848343245e+02, 8.715786729144157e+02, -1.125800601315290e+03, -1.550214649080714e+03, 1.228353581996938e+03, -3.060242692115314e+02, -1.150005732008345e+03, 5.535942543043136e+02, 4.474821518341302e+02, 8.556164558066102e+02, 9.508037600323634e+02, -5.304901843486070e+00, 2.377599209215032e+01, -5.207135058757191e+01, -2.180451336124621e+02, 9.051888304545786e+01, -1.572115507966175e+01, -8.404704130944061e-02, 6.212411697680374e+00, 4.181211384744776e-01, 3.344240962782965e+01, 2.547362588310288e+01, 2.861456467385193e+01, -5.195731131204513e+00, 4.254098073629888e-01, -8.602346202118282e-01, 1.923694024449305e+01, -7.986745657799534e+01, -2.400183643357377e+02, -3.760528296831073e+02, -1.244049306681383e+02, -3.110907066623219e+02, -7.293054375547048e+00, 1.158659361025563e+01, -1.811367709806496e+01, -4.000210443298380e+01, 1.720535337032032e+02, 6.326790888072948e+02, -6.174252784395105e+02, 4.708646891819600e+02, -1.921987480327408e+02, 6.102441055547476e+00, 3.992946315018116e+00, -3.793089449054487e+01, -1.769426569845876e+01, -5.270624942442237e+00, 1.125646601829638e+02, -2.475999842124597e+02, -5.858050013097710e+01, 8.768400551870496e+01, -9.182298383241357e+01, 2.673053138279585e+00, 2.715580475224175e+00, 6.235158779207079e+00, -3.309305761747473e+01, -8.481617029253375e+00, 1.484918227271200e+01, -6.625546998111095e+01, 1.110814229676669e+02, 7.518831200647880e+01, -1.013391353153985e+02, -2.045359944247809e+01, -7.203961939730398e-01, -1.605358173603392e+00, -3.105415245087634e+00, -6.330348332073712e+00, 1.129778209425008e+00, 5.356366221632775e-01, 7.409181263041896e-01, 2.255867890142419e+01, -5.754311855131321e+01, 8.478911772928400e+00, -2.650906881383189e+01, 3.425777901406669e+01, 1.315539766259733e-01, -1.545857394801299e-01, -4.170710519678976e+00, 6.876197739225059e+00, 4.227132215101387e+00, 8.747877969978231e-02, 3.427472714865497e-02, 2.255864272296639e+01, -5.529769194792775e+02, 1.933315973502644e+03, -4.155174429016839e+02, -1.239605866793443e+03, 9.323386181100880e+02, 7.972150311897725e+02, -3.938310591139488e+02, -2.749501002497638e+02, 2.581427817366752e+03, 2.657816165200730e+01, -2.282219911149024e+03, -9.789150658583036e+02, -2.575747624574646e+03, 8.088689229501446e+02, -3.010431644630871e+02, 8.931904906134044e+02, 2.497637208998513e+03, 7.832653624170351e+02, 2.312526384068338e+03, 1.033243826829199e+03, 1.508933244152418e+00, -1.109300571171175e+01, 1.162710264898758e+02, -2.061901775247936e+02, 1.137612826174137e+02, -5.094860093561024e+01, -1.545896814514726e-01, 3.083606881009817e+00, -1.549840513983859e+00, 2.625052224656871e+02, -1.498419227740118e+02, -1.233704931988003e+02, 3.075169091264604e+01, 3.333752928919124e-01, -4.305667965965577e+00, -2.306494486104140e+01, -1.443255245092301e+02, -5.927320683696059e+02, 4.909042375561359e+02, -1.772323790620945e+02, -7.699653121525657e+01, 2.839166365414654e-01, -1.288320398355819e+01, 2.776809700323270e+01, -5.438162224806505e+01, -3.329195571040605e+02, 3.063255565645609e+02, -2.624700878123802e+02, 2.217744893782217e+02, -3.107559158042145e+01, -4.284360855197166e+00, 6.879700900984657e+00, 4.294896751761676e+01, 2.326286477207071e+01, -2.228158336489784e+01, -4.622762668080819e+01, 1.236318412569353e+02, -1.452032362965426e+02, 2.161525816203668e+02, -6.750915585604150e+00, -1.412667415063391e+00, 2.781811288850025e+00, 1.268326277369538e+01, 3.361585693915159e+01, -1.884279161593882e+00, 7.872649202538110e+00, -3.342625573711531e+01, -4.244138755926519e+02, -2.312435485480599e+02, -3.867888769866740e+01, -1.009069935091671e+02, 1.181641522844823e+00, -3.645493667309855e-01, 6.498580955991342e+00, 1.823783257830746e+00, -8.570466016683481e+00, 1.383567289544530e+00, 1.501826870258142e+00, 4.940368382819508e+01, -2.779168533354672e+00, 3.086514382978580e+01, -2.486223725906812e+01, 2.136854751810858e+01, -1.476627884469518e-01, 3.838345757325785e-01, 2.811931215918820e+00, -8.615548534025466e+00, -2.096551080680932e+00, -1.529518994414842e-02, 3.859747494480152e-02, 2.669799702073465e+00, -1.125701661998755e+01, -5.391551886708913e+01, 4.974458544496871e+01, -1.228020131276578e+01, -1.033510629987441e+00, 1.653909435746544e-02, -3.263417944055818e-01, 2.520566846287554e+00, 5.336937610332961e+00, 1.797438395145952e+00, 3.880153786532681e-01, -3.694466190567629e-03, 9.029522271885079e-02, -1.042288285220542e+03, 1.100321118247586e+02, -4.712866637039665e+04, -3.298426825308856e+00, 5.258842793651712e+04, -5.167494944510605e+04, -3.681427933223471e+03, 2.790456380430148e+04, 1.013039852288963e+04, -1.538014846720165e+04, 7.834456394748934e+02, -1.408786103935697e+04, -1.050717099659063e+04, 6.090024406434072e+03, -3.058100973570168e+03, -1.576129482278037e+03, -1.882280200569702e+04, -3.357240697293340e+03, -4.941785673397486e+03, -7.679920869187226e+03, 2.679834184262378e+03, -2.505695896093620e+02, 1.434932162244623e+03, 3.451720323474435e+03, -5.456763854313764e+02, 1.431207816913756e+03, -1.130880088396554e+03, 2.883134437881018e+01, -6.644356646417792e+00, 1.767000186351034e+03, -6.419153824025585e+03, 5.138097490462560e+02, -1.397830726229991e+03, -2.310911562287112e+02, 5.378555579411192e+01, -5.239534056152464e+01, -2.867914362984047e+01, -7.301054993717081e+03, 5.801216461496275e+03, -5.043466433404143e+02, 4.058282034559857e+03, 4.243491066862319e+03, -1.674725171911866e+02, 3.058720339245998e+02, -8.675076238888293e+01, -1.640045857975366e+02, -5.613776096717586e+03, 3.909197967487656e+03, 8.340523605079911e+02, 1.769895669999976e+03, 2.299919020797221e+03, -7.331517362447329e+01, 1.542385964203669e+02, 7.155434946059839e+01, 4.218079118745759e+01, -1.999132083084863e+02, -3.444953782967461e+03, 2.504559240156827e+03, 3.052832037769457e+03, 1.307279778826893e+02, 2.472600386371169e+03, -1.767952901670441e+01, 7.703785087734884e+01, -7.747608735054398e+01, -3.116426459243659e+01, 2.422108055807476e+01, 1.958508164304187e+01, 2.681667706897830e+03, -1.980755173057093e+03, -1.407116917717591e+03, -1.459393490563824e+03, -1.789911257296305e+03, 4.097358107678633e+01, -5.427857634805171e+01, -4.503183677574164e+01, -1.132060724374701e+01, -3.341984749852264e+01, 2.549703993233874e+01, -1.300725288078775e+02, 1.330204465782506e+03, -2.880587568990856e+03, -1.497964806631271e+03, 8.673109340739219e+02, -9.961453552856874e+02, 1.817050514276803e+01, -6.475738779253646e+01, 5.809482749119442e+01, 2.905999609611464e+01, -6.602012788457695e+01, 7.089828890618956e+00, 1.618083604074314e+00, 1.144925272273814e+01, -1.497881264167979e+03, 1.890258562157208e+03, 1.298194810850018e+03, -2.127535505384442e+02, 7.443013916447284e+02, -1.207948460012212e+01, 4.743392310939331e+01, -1.978175136290195e+01, -1.664571414697032e+01, 1.590543991012690e+01, -2.795725278297667e+00, -4.422641408854496e+00, 1.330124812920585e+00, -3.832621654141051e+02, 2.652390761349900e+03, -3.151388584645477e+03, -3.355384105361267e+03, 2.245552019940671e+03, -1.321581826659395e+03, -1.621508120493698e+01, 1.953219675969839e+01, 1.219390114265412e+01, 1.951539976102530e+02, -9.987086946376343e+01, -5.270274888901654e-01, -4.176871373190250e+01, 1.885623883289564e+01, -6.652333140594933e+00, -1.057581196693244e+02, 3.209112386981809e+03, -2.156888711532375e+04, -8.591340997944041e+02, 1.594424048318624e+04, 7.264744244491057e+03, 4.869220912564577e+02, 1.617480892571716e+04, -3.196147770509939e+03, -4.407296334541067e+03, -2.432425847889087e+03, 1.324389656105211e+04, 7.251265635175909e+03, -1.032115232971306e+04, 6.306448686616028e+03, -6.112187394353791e+02, -4.431009908365711e+03, 7.336924955274573e+03, -4.452110991214430e+03, 1.170801625676090e+03, -1.475435770287183e+03, -3.290614624621349e+01, 5.709008872684975e+02, -7.169114516909098e+02, -5.251182672877095e+01, -1.951498502166592e+02, -1.664310577727863e+02, 8.329342398740303e+00, -5.586473333304002e+01, 6.688570972441233e+02, -6.493149338825846e+02, 5.575859036013471e+02, -8.078350171222841e+02, -1.705813569270759e+02, 2.053187311463503e+01, -1.484099927517873e+01, 3.500822548699053e+02, -1.988226647426781e+03, -5.581267141469588e+02, -1.329305808804236e+03, -3.104356742260724e+02, -1.102858626692893e+03, -1.477994888594435e+01, 9.440808667781536e+01, -7.612292459084888e+01, -4.433283460887021e+02, -2.816494142743161e+03, 3.276229687605830e+03, 7.490656760241109e+01, 1.401505554950253e+03, 5.298947452871627e+02, -6.678784126584650e+01, 1.060741934590868e+02, 7.887493543216161e+01, 4.883205755728378e+01, -2.167462224686406e+01, -7.365544630243230e+02, 3.386775827352096e+02, 1.545013525129178e+03, 1.690236010523333e+02, -8.631450430728850e+01, -2.928383076771628e+01, 1.011137201057555e+02, -7.783584042270704e+01, 7.838023017920935e-01, -3.586265989845776e+01, -3.120037328610258e+02, 2.296060415614346e+03, -1.742068540886415e+03, 9.270996947817057e+02, -4.645858355034137e+02, -8.115850913943342e+02, -7.381889774543621e-01, -1.117702814742160e+01, 1.002950970868580e+02, 5.376834446631564e-01, -1.482684911912945e+01, 4.208497183870895e+00, -8.220309394318011e+00, -7.340845740243340e+01, -6.860155905816968e+02, -1.441713694277990e+02, -8.810653537133476e+01, -5.542737597035725e+02, 1.219426598115649e+01, -6.090345113527749e+01, 3.622752292268569e+01, 2.285497858335203e+01, -1.965070678044972e+01, 6.044645819478234e+00, 9.047181446899074e+00, -1.511584548584381e+01, -6.280746089941528e+02, 5.084164605188058e+02, -5.284533270992764e+01, 1.640809639377206e+02, 2.863916962443530e+02, -1.574459173808663e+01, 4.685839724546465e+01, -2.703818916636659e+01, -1.909836990286822e+01, 3.986515303989172e+00, -9.332623280661576e+00, -5.569056206928840e+00, -2.313941476948258e-01, -2.891622226119962e+02, -3.490404070627826e+03, 5.057868522762208e+03, -5.887860471542112e+03, 5.300304871467443e+03, 9.073881007901730e+02, -4.347533903890487e+00, 1.001717061766489e+02, -1.060732497864076e+02, 6.091094345609271e+01, -5.913586031344019e+01, -3.618503516462487e+00, 4.242038612090294e+01, -3.435859663139652e+01, -1.481293605469591e+01, -4.901749836304831e+02, 6.734980844393789e+02, 1.385768341878792e+03, 9.253965701953385e+02, -2.038019715996191e+02, -9.294256042494717e+02, 7.024460600322764e-01, 5.257807050604266e+01, 4.906460269540968e+01, 2.480906651618358e+01, 4.536704649376528e+01, 2.262426768542571e+01, 2.382513365964467e+01, -3.081392203096009e+01, -7.274436684780072e+01, 2.609719543254536e+00, 1.367633273236918e+02, 1.533286650764679e+03, -1.126945028328591e+03, 2.766624153310744e+03, 4.549908110949165e+02, 9.140619393455168e+03, 8.039872944609763e+02, -1.391182726609017e+04, -4.214253967714105e+03, 3.944277512760976e+03, -1.258663056547532e+03, 1.090410338640458e+04, -9.675516167115653e+03, -2.960397024569240e+03, 2.792536473413440e+03, -7.840478657348075e+01, 2.736892820148295e+03, -1.153283492215024e+04, 1.572981575435743e+03, 3.589139888937537e+03, -6.798290131607327e+03, -3.157961584159409e+00, 2.093808585527739e+02, 1.407310133466787e+03, 2.500448386017104e+02, -1.738716447247700e+02, -1.180799892230312e+02, 6.976673775949045e+00, -6.589355203556326e+01, 1.082611935523874e+03, -1.013295992986318e+03, 7.233652872213830e+02, -7.128214152663028e+02, 5.435881521510904e+02, -1.419564690905987e+00, -8.044330178030730e+00, -7.832617991835464e+01, -1.910668230852451e+02, -2.663627614309473e+03, 8.171206262252194e+02, 1.102345191283460e+03, 4.335206248800988e+02, -2.187348637401842e+01, 4.554211809721151e+01, 1.322204321278826e+01, -1.809824270699665e+01, -3.652390531810917e+03, 4.941757722473865e+02, 8.628516426884607e+02, 6.707334450113636e+02, -7.167872379631698e+02, -4.320469891236233e+01, 8.098779431063809e+01, 7.833729834411850e-01, -1.973601450822810e+01, 5.237681347465011e+01, -1.892794987093793e+02, 4.180960084656821e+02, 2.090927629010458e+02, 6.175518263256660e+01, -3.688736944342220e+02, -9.609558002359831e+00, 4.101740136725210e+01, -3.027169560355718e+01, -3.347990735616402e+01, -9.220419924542208e-01, -4.781187043507523e+01, -4.279209669324849e+02, 1.313097080478666e+03, 1.151239174655269e+03, -8.463825893539035e+02, 4.226636157331001e+02, 3.049216412972374e+00, -1.078697307587542e+00, -2.137439435486496e+01, -3.180391208051563e+01, 3.319674215323287e+01, 1.832912641870960e+00, 2.724133976071588e+01, -1.106164280715609e+03, 3.305914744289286e+02, -1.555998889501581e+02, -1.957727996152262e+02, -9.725959036302321e+00, 5.461731619924428e+00, -3.571802957144023e+01, 9.095663829768576e+00, 2.162611638770038e+01, 3.697578022800818e+00, -1.940839977010884e+00, 3.889850575724459e+00, -4.493456752986881e+01, 4.987998240015162e+02, -2.209978674748092e+02, -3.817933687428029e+02, 9.422513172616306e+01, -2.781480969588275e+02, -9.806734163672242e+00, 2.669699176423498e+01, -7.710378902929600e+00, -2.420254890589704e+00, -5.231342561873317e+00, -2.819412385555290e+00, -4.435400121879794e+00, 1.365005024665858e+00, -3.953265075869272e+02, 4.965640940548056e+02, 1.068901303504535e+03, 1.454944407644969e+03, -6.420719510204926e+02, -8.262652517414724e+02, 2.488350733886262e+01, 3.940925731428914e+01, -1.100652635780668e+02, -5.888520856973246e+01, -1.577978727981777e+01, 3.120276933606179e+01, -3.336781904889406e+00, -1.310134851943680e+01, -1.559585071476271e+02, -1.780608142472033e+02, -1.030653093211259e+01, -5.126266599017890e+02, -1.117583751617518e+03, 1.777908560646612e+03, -9.343438773245460e+02, -3.072185199881588e+01, 8.070158365739127e+01, -7.694480416205897e+00, -3.778617980452940e+01, -7.089952904690814e+01, 1.368250064359110e+01, 6.322418764255188e+01, -2.317057449515258e+01, -7.222908881577773e+01, -3.419815648795097e+01, -8.670203190762633e+01, 1.141401279127497e+03, -4.503003016939867e+02, 2.585953142497381e+02, 6.202769548959495e+02, 4.412654045915814e+02, 3.502214829867413e+00, 6.542715323679151e-01, 2.411569692677712e+01, -1.670879870194735e+01, -1.769783164727582e+01, 3.634526591901397e+00, 1.582089020798150e+01, -1.152402522170782e+01, -1.772929863016322e+01, -3.347230099501388e+01, -8.088500849483721e+00, -1.590823042993175e+02, 1.703562311333585e+03, 1.188854398350385e+03, 2.573795191581572e+03, -2.461717039997942e+04, 9.375262032439323e+03, -6.149048948748913e+02, -9.853176400313514e+02, 2.768682319957426e+03, -8.492879294226226e+03, 5.289360761200230e+02, -4.714585604632457e+03, -1.772886673759470e+03, 5.812076213401471e+03, -3.262819619417529e+03, 1.373849277115586e+02, -1.863543302874722e+03, 5.035315864884292e+03, -5.829563551439151e+03, -3.007810226294599e+03, 1.913872202796159e+03, -1.092430487751968e+01, 6.210206595751448e+01, -8.748885484814117e+02, 4.182852187249919e+02, 1.436626297146864e+02, -1.453831425762559e+02, 2.316639215399298e+00, -1.202743440561306e+01, 1.835609137061607e+02, 4.227046289461562e+02, -3.878051041491073e+00, 7.335896953997547e+00, 8.699335348124049e+01, 3.910660616289686e+00, 5.056669162221744e+00, -2.793277418326184e+01, 1.630682144709650e+03, -4.385849387504692e+02, -7.741497317259796e+02, 6.498526250880255e+02, 1.771465500336865e+02, 3.322192736434970e+01, -3.232131740975545e+01, 1.478076092589553e+01, -4.471048442823007e+01, 1.009358072275605e+03, -9.597371869488843e+02, 1.546543301859601e+02, -3.272656314504245e+02, -1.658493524947683e+02, -1.075232836533423e+01, -3.766182682671927e+00, 7.918407067536637e+01, 2.761431727352963e+01, 1.129647107413837e+02, -3.698566791678310e+02, -9.087136252490872e+01, -5.596708027146830e+02, 8.582305964807604e+02, 4.196129622379333e+02, 1.545927212872162e+01, -1.484113727418349e+01, -1.477973721785900e+01, -1.975932985676799e+01, -1.358498987211778e+01, -1.315854344295195e+02, 6.039123118590949e+02, -3.610252095044062e+02, 5.500494919935330e+02, -1.778105571243412e+01, -1.582189003030444e+02, -2.064738348849660e+00, 1.315692778675819e+01, 1.109197685568350e+01, 9.346238438527873e+00, 2.980893294571737e+00, -3.522776188772921e-01, 2.605139157423136e+00, -1.928741541207905e+02, 5.675998812677063e+01, -7.470221239598995e+01, 1.065614250168853e+02, 6.353208380882626e+01, -1.613739112644983e+00, 4.442425192145524e+00, -1.624109658622051e+01, 1.374231948234904e+01, 2.366770409053203e-01, -3.156235655765780e+00, -3.138165021766152e-01, 2.504182916152211e+01, -2.695368808107660e+00, 1.195411812813284e+02, -3.042776758333282e+02, -2.021724776243259e+02, -4.814810984175995e+01, 4.291733051856709e+00, -8.201742166391151e+00, -1.693034236843470e-02, 9.772873434764585e-01, 2.206723705144076e+00, 2.010185891883292e+00, -3.360249025285730e-02, 3.229532389943596e-04, 6.785605274366507e+01, 3.307590144374431e+03, -7.022938809152687e+02, 7.910756861420723e+02, -1.397352182955792e+03, 6.502701641269119e+02, -5.589997088039958e+00, -4.974858274520068e+01, 6.173311957033570e+01, 4.642066885376109e+01, 3.379750844841799e+01, -1.050227245095653e+00, 8.774345942959041e+00, 3.507910896577699e+00, 4.922963244511733e+01, -7.802533729043856e+01, -1.584386309468036e+03, -1.493849429849253e+03, 2.371653681625735e+02, 3.136382385148486e+02, -1.334045122085547e+03, -2.169373740837154e+01, 8.193545256819466e+00, 1.047250967093775e+02, 6.894428421600645e+01, 3.896135989403381e+01, 1.648430453908008e+01, -2.550885673381951e+01, 1.975272204940178e+01, 4.683787022546618e+01, 2.042435597984108e+01, 4.138285418559273e+01, 2.034160999666008e+02, 5.562547513430038e+02, 7.124617596849984e+02, -1.478347587670795e+03, -4.781533675984634e+02, -1.231509408772927e+00, -1.368054009919500e+01, 1.071624445999744e+01, 1.127334038742769e+00, 3.861247633664664e+01, 3.337692335286655e+00, -5.714644543581453e+00, 7.433411220109244e+00, 4.266747172008257e+01, 5.708618559405619e+01, 1.320466722959361e+01, 8.069577519752951e+00, 1.953488499185816e+02, -9.287284699219039e+01, -2.868623107425079e+02, 8.931302762744079e+01, 8.852646321506366e+01, -3.422384760501953e+00, 2.893482288264525e+00, 1.426044367426346e+01, 1.597927255179276e+00, -8.816004861404030e+00, 1.084451275872643e+00, 1.162575640279626e+00, -4.121804415019280e-01, 1.508852236092653e+01, -1.524909494278281e+01, -1.696951514110470e+01, 2.102087150649325e+00, 1.756036310581513e+01, 1.805334133181198e+00, 5.560468139057781e+02, -2.037839716755422e+02, 1.360925352993372e+03, 4.763147358478186e+02, 1.287564919575052e+02, 1.179779854163869e+03, -7.148196174044588e+02, -2.310583050889765e+02, -5.527825707024834e+01, 4.665479515633329e+02, -9.170555195841212e+02, -6.607786715430577e+02, 4.606263553806759e+02, -7.943719001972681e+01, -3.818208980545425e+02, 4.370976599472526e+02, 5.070167316028611e+02, 4.845376716179031e+02, 2.064089344602588e+02, -8.060870227229806e-01, 1.160380404221175e+01, -9.065421920851055e+00, -1.086006307785007e+02, 2.141069911992083e+01, 8.110531106519012e+00, 3.826128895630251e-01, 5.484830035740352e+00, -1.922291066420975e+01, -2.165046457595059e+01, 5.939725214114552e+01, 5.813344482756421e+00, 2.960889565751231e+01, 1.183227731187665e+00, 2.020263875291944e+00, 3.234937212845099e+01, -1.833033891713826e+01, 1.136192587440071e+02, -5.242976641013095e+01, -4.724156142407766e+01, -1.364037754847122e+02, -3.238182096059277e+00, 5.188007686368101e+00, -3.726041175440325e+01, -1.548124723215036e+01, 1.139537384581905e+02, 9.418566913679123e+01, -3.211050360168163e+02, 7.649654068860093e+01, 7.172406311284475e+01, -2.130553848796480e+00, -3.616186768799205e+00, -1.839150609024566e+01, 1.050025761104173e+01, -1.787406339719286e-01, 1.915732098911300e+02, -1.690817887157528e+02, -8.114514210244772e+01, -1.143604548332814e+02, -9.970432368183603e+01, 4.846020995780485e-01, -2.260507198487874e+00, 2.164229366347300e+01, 5.233780620620466e+00, 5.654110392952566e+00, 1.345525659610427e+01, -1.336249215108654e+01, 1.373316715557248e+02, 1.036778039282061e+02, -7.022962122320605e+01, 1.491718869295037e+01, -2.942067617162749e-01, -1.091205407909852e-01, -9.231724113831801e+00, 1.381154580341395e+01, 4.150395507842411e-01, -2.150894258087741e+00, 1.758710751413078e+00, 1.124893007978211e+01, 5.853829356616221e+00, 1.801119944753819e+00, -1.239582388951573e+01, -1.803578721353748e+00, 9.767371359361904e-02, -9.684600397541447e-02, -5.624162716619262e+00, 3.308215084079664e+00, 2.463595592520511e+00, -4.731880338047157e-01, -1.257948430877325e-01, -7.314457889991177e-01, 3.007369283598435e+01, 3.737023012175975e+01, -1.155046810534511e+01, -1.174078026139203e+01, -6.341283834771051e+00, -2.150508171523263e-01, 4.596813088453994e-01, -3.430725543755616e-01, -8.381402618758493e+00, -4.458399541490569e+00, -2.727725197298272e-01, 1.030356879019032e-02, -7.527625771145600e-02, 9.027576488631668e+01, 6.722958497290482e+02, -1.337046418923236e+03, -1.287755025255305e+03, -2.606817203333797e+02, -4.084969601350053e+01, 4.032162897150478e+01, -5.077330074749580e+01, 1.009689741254848e+02, 6.264384078483462e+01, 2.463450806916440e+01, -1.715578768602521e+01, -8.993129958804323e+00, 9.297847359614694e+00, -3.181839886494832e+01, 5.801823604700088e+01, 3.717238130192984e+02, -7.824859018275880e+02, -4.127888395499962e+02, -1.614320468220232e+02, 1.494348762317464e+02, 1.242124483655942e+01, -3.182118829037315e+01, 9.833065532647784e-01, 1.801622487043497e+00, 3.466858604966792e+01, -1.510435493251162e+01, -4.997674136328841e+00, 2.369003826069568e+00, -4.163160259386615e+01, -1.508271528213857e+01, 8.906351767380343e+01, -2.617250468173008e+02, -2.233514950657182e+02, -8.335786566218674e+00, -6.869692972854952e-01, 1.639888298615990e+02, 9.269959694520303e+00, -7.766927688752962e+00, -3.661783838016841e+01, -1.229565446025466e+01, -7.585855482198510e-01, 6.281156719840514e+00, 1.394916007667743e+00, 8.586478569129979e-01, 1.226191868462810e+01, -7.563119591870586e+00, -8.384884109348114e+00, -1.878018598942200e+01, -9.505643899893283e+01, 1.848677532071125e+02, 1.805273063361616e+02, 1.349981808221988e+02, 1.318264751397310e+01, -3.437480945245238e+00, 1.495936138659189e+00, -3.137511544125513e+00, 9.213752735116977e+00, -1.426286246857295e+01, 2.931987032529798e+00, 7.957178106428588e-02, -5.883437691637330e-01, -4.049248993550368e+01, -1.009401189298640e+00, 3.979703814655556e+00, 1.502126785850310e+00, 3.348558695597759e+00, -3.578511785512922e+00, 2.582695438386535e+01, 1.724209828375961e+01, -1.914262984670476e+00, -9.642224143721847e+00, 1.182390433283031e-01, -3.112933003991491e-01, -4.009024897462789e+00, 7.483213970431245e+00, 4.144007871417164e+00, 1.506879949654989e-02, -2.029382464678639e-01, 4.401666752046781e-02, -2.746671952231407e+01, -1.279156861378883e+01, -4.544600786798053e+00, 6.343753492648276e-01, -1.965331622024585e-01, -3.578494067063285e+00, -1.513525121036089e+02, -6.071203287836153e+02, -2.642423747872858e+02, 3.139840981419366e+01, 1.382933636597279e+03, 2.089374392102105e+02, -1.610180541740620e+02, 1.409613852636154e+03, 1.214276811887065e+03, -1.427425645034245e+02, -3.626319224878491e+02, 8.349831421089553e+02, 6.685768787346599e+02, 5.734621916942211e+02, 1.779946413417119e+01, 3.552793223360949e+02, -2.757699740768929e+02, -3.938273898028596e+01, 4.683240177189560e+00, 3.726994229968242e+02, -2.600861463094245e+00, -1.422881065837404e+01, 1.237965255101608e+01, -2.404133344348093e+01, 1.267277899882188e+01, 5.280183176432225e+00, -3.112911247559553e-01, 2.444250600227047e+00, -1.322305331100582e+01, -1.004759387109336e+02, 5.121647883195428e+01, -2.161314795544272e+01, 5.457802674496999e+01, 1.005263644767471e+00, 6.562191329620083e-01, 1.666523889871913e+00, 1.962927790596088e+01, -2.340648554150895e+01, -2.456327787806381e+00, -4.954849205091746e+01, 8.026880401153227e+01, -1.791008784092133e+00, -2.285995813829309e+00, 6.149354251885960e+00, 7.923949584474847e+00, -2.201766603913515e+02, -8.320988891047647e+01, 3.800459718235767e+01, -9.698848731902757e+01, 7.657579994687808e+01, -3.961114112462256e+00, 8.369665656790930e+00, -5.780681396783613e+00, -3.260119779029954e+00, -2.934060644545743e+01, 1.114908856134398e+02, 1.308562815963454e+02, 7.402865239845664e+01, -1.615232449134833e+02, -6.258189837317528e+01, -5.330360240199641e+00, 4.627426220928911e+00, -1.550130721681207e+01, -1.471625126818850e+01, 2.886568437946347e+00, 6.139608609252800e+00, -8.839100492465256e+00, 1.921934447299167e+02, 4.406790812625830e+01, 5.589722768315079e+01, 3.377490983248418e+01, 1.320915499621227e+00, -3.077188449440814e+00, -2.496103996532131e+00, -2.022699525171577e+00, 5.128414589663863e+00, -7.620104021702460e-01, -1.558407740991580e+00, 4.864090640279199e+00, 4.625509979961680e+01, -5.602391803942148e+00, -2.313856006397998e+00, -1.245372475170649e+01, -2.313658241650881e-01, 1.772129776047318e-01, 9.972710748885396e-01, -2.737233569259591e+00, -2.167840083446081e+00, -2.867988395404668e-01, 4.401710093359144e-02, -1.066635157532333e+00, 2.809147712673116e+01, -2.469090540257230e+01, -1.811599251163411e+01, 1.392875740491742e+01, -7.237409408294051e+00, -2.267966961893655e-01, 5.001208655793608e-01, -2.085245313957447e+00, -1.313183941165182e+00, -1.436883186064200e+00, -7.976405000181406e-03, -1.100868838061629e-01, -1.782466272113230e-04, 3.228472792787758e+01, 4.979510776028308e+02, 8.112280086735376e+02, 4.628894388468626e+01, -2.075636870692252e+02, 1.003201680283448e+02, -1.449290770737703e+01, 6.069304843006074e+00, -8.007012643212825e+01, -3.113852160215662e+01, -4.252556461589821e+00, 7.822842608899341e+00, 1.777554258810482e+01, -1.118337535135579e+01, 1.469258064815489e+01, 5.545345843248157e+01, -4.241990960074720e+01, 5.362584259626462e+02, 1.488765673293146e+02, 4.783176804365785e+01, 4.477113365110734e+01, 4.185340264370980e+00, -2.064882743343804e+00, -1.490045370049349e+01, 1.809264029026239e+00, -2.264877416223781e+01, 1.655235072214586e+01, 7.629300852828216e+00, -2.072022483619178e+00, 1.560780956960649e+01, 1.622168482614861e+01, -8.634945081290079e+00, -3.267381980569273e+01, -6.488482738258389e+01, 1.471293666883463e+02, 2.253732287595473e+02, 1.283594842840316e+01, -6.231978803098159e-01, 5.715893740328418e-01, 1.694391908814685e+01, -9.149858545021542e-01, -1.640393300331962e+00, 1.520546648129195e+00, 3.689913869209367e+00, -1.456883022088655e+00, -4.013643812564316e-01, -9.110980050168292e+00, 6.891073553705061e+00, 1.128313770455239e+01, -4.914831306511844e+01, -1.160979693286230e+01, 8.074675279162494e+01, 2.281332701370342e+01, 3.091567608042773e+01, 6.740727482633492e-01, -1.285830142549715e+00, 2.977902853150286e+00, -7.163428789585711e+00, 2.468138505949988e+00, -2.627698515265867e+00, -8.985342698384389e-01, 4.167461955514759e-01, 1.836262361379856e+01, 1.252208914291378e+00, -2.576630577832345e+00, -1.281956186513315e-01, -1.502480969121932e+00, -1.446116321736976e+01, 4.157847750066022e+01, 9.120245034119858e+00, 3.937688589226074e+00, -1.078309793074719e+01, -1.874503014419474e-01, -2.796058356506950e-01, 3.005271875766813e+00, 3.514777787674503e+00, 1.309197943929862e+00, 3.382664154386557e-02, 1.389762091188806e-01, -1.006264902907995e-01, 1.986340475434944e+01, 1.091604256843895e+01, 4.342848580015484e+00, -9.957018079019633e-01, 2.828843420331263e-01, -3.311201170255593e+00, 1.498544959213120e+00, -1.862492860600707e+01, -5.116831187715713e+00, 7.031177853487082e+00, 2.441059811451242e+00, -3.939323463000804e-01, 9.728330165664567e-02, 1.731794547722666e+00, -4.391280636756478e-01, 1.335690634635501e+00, -6.452734821477683e-02, -4.784340326511855e-02, -2.268294565967333e-02, -1.200187261073460e+00, -3.007269174363368e+00, -1.603714776855810e+00, 4.243085945223360e-01, 3.987352071086469e-02, 4.373711561573157e-02, -1.458671315902761e+02, 9.153371155950541e+01, 5.994927124640093e+03, 8.872056835789355e+01, -7.721547137534154e+02, 7.405492147760709e+03, -9.246179042409960e+02, 7.925443945383547e+03, 1.046280959045284e+04, -2.082227285571578e+03, -9.536189656969251e+02, 5.690559129951649e+03, -2.776126884946769e+03, 2.340634699242764e+03, -1.841780086119911e+02, 2.573841598335173e+02, 1.340489903604369e+03, -1.321615151710666e+03, 2.705683379167453e+03, 1.202998164337789e+03, -3.563270774577406e+03, -5.273943121621048e+01, 1.480052486638943e+02, 1.040299631194403e+03, -1.012117461899510e+02, -1.443260276865789e+02, -1.331099960280812e+02, 4.679890662900615e+00, -3.619141147139266e+01, -1.451771347560924e+02, -4.438687838990924e+02, 2.187283071016437e+02, -8.834007007547673e+01, 2.625996340064975e+02, 1.667080525228666e+01, -1.938061316436122e+01, -1.829898535464170e+02, -1.399730780922281e+03, 6.156530486385400e+02, -7.362329842991777e+02, 4.925852183429821e+02, -8.211317598003814e+02, -3.071861729904911e+01, 4.595605815159733e+01, 4.629297984068671e+01, -6.314813374664288e+01, -2.309827685605821e+03, -1.932627196284096e+03, 1.759222573158172e+03, 7.559309407650538e+02, -1.097162752203119e+03, 3.929570884981529e-01, 3.422578306030726e+01, 5.800424411346069e+01, -8.828773554550017e+01, 4.448021531551522e+01, -6.997647434344402e+02, 1.959296353265015e+02, 3.125203936231007e+02, 3.294522856832363e+02, -1.108405836733544e+03, -2.729710522485114e+01, 3.364726338671625e+01, 2.033672277288355e+01, -2.093223790844473e+01, -2.902059644700867e+01, 7.034942683663391e+01, 7.742569694570869e+01, -2.343646121619477e+02, 8.772685493102016e+02, 2.411932748669796e+02, 5.217370193834356e+02, 3.318258572812053e+01, -3.726476871960779e+01, -1.482872851938544e+01, -3.895555360946420e+01, 3.026114007266192e+01, 3.406286371978567e+00, -2.713714043131226e+01, 1.006873291365167e+02, -4.688310311934561e+02, -5.631378834042338e+02, -3.890390853696723e+00, -1.809457589059033e+02, 7.843266554955656e+00, -3.665411868737785e+01, 2.120070792754213e+01, 5.427050461331156e+01, 7.785930470218687e+00, -5.215905830563874e+00, 2.690214677696393e+00, -5.356880158211193e+01, 2.401041451653380e+02, 4.427130290534971e+02, 2.875416822240871e+02, 2.890003404652326e+02, 3.151029329597148e+02, -2.052108700722317e+01, 3.426005875550374e+01, -1.228312573049656e+01, -2.728268160677021e+01, -6.441162768556750e+00, -6.145861151358007e+00, -2.591018608954770e+00, -2.301281978447337e-02, 2.616287653860582e+02, 1.538334787900410e+03, 3.458469899398669e+01, 1.489290781707105e+03, -1.459749391665269e+03, 3.827234344480179e+02, 1.119548506248510e+02, -1.556395795090734e+02, 5.493162317682814e+01, -2.776307885917935e+02, 8.033489230512180e+01, 8.947635317439662e+00, 3.680960565270944e+00, -2.050414046693493e+01, 2.678113215879634e+00, 1.613699643225241e+02, -1.120712531622734e+03, -1.944817696061870e+03, 1.715579295950542e+03, -2.651372082992129e+03, -1.872522203026369e+03, -3.899952367667508e+01, -7.882672942176322e+00, 5.112680395536441e+01, -1.563299031976177e+02, 4.239520468410708e+01, -3.470763208012607e+01, 2.476513421604173e+01, 7.127247602097981e-01, -4.874504177332394e+00, -7.700189618296918e+01, -6.354629524530483e+01, 2.502155854024824e+02, 1.128209892337374e+02, 5.363540639247389e+02, 1.503932741784841e+02, 2.931735049823279e+02, -4.960187983835716e+00, -1.472610419848700e+01, 4.110237499138951e+01, -1.898822563627462e+01, -1.942048763423625e+01, -7.106823389574624e+00, 2.325790681841015e+01, -1.381379455561987e+01, 2.234361054178994e+02, 1.308252659847216e+01, -2.776875009532875e+01, 1.148413521823571e+02, -3.708072388231021e+02, -8.678079271247761e+02, -3.715480955243812e+02, -2.719506216749652e+02, -1.015228376789533e+03, 3.129882191062206e+01, -2.802516495551233e+01, -4.762651460491858e+01, -6.486740865261481e+01, 6.592365444531725e+00, 2.452326413885959e+00, -4.886022190833454e+00, 5.652462605860793e+00, -8.160497979785562e+01, -6.891268061068881e+01, 8.915448240935662e+00, -2.464780271972107e+01, 8.642018855226858e+01, 6.954433681525980e+01, -1.614739058520075e+02, -2.582454621455527e+02, -7.873034191125177e+01, -6.265071904420906e+01, 2.923142879731529e+01, -1.403384687414004e+01, 6.303480252081495e+01, 4.372425519266957e+01, 5.083261277431809e+01, -2.463225346532681e+01, -1.117109555384342e+00, 5.958010762974950e+00, -4.512652975115494e-01, 1.494090496224241e+01, 5.234615018665052e+00, -1.981542912200413e+01, -9.948528005273934e+00, -6.318863944746193e+00, 6.140113783545201e+01, 4.850374446709136e+01, 9.758276643338891e+01, 2.953147600642463e+01, 7.964448674330581e+01, -2.794320674221002e+00, 2.629671774808933e+00, -1.891015979353968e+01, -2.274071092325268e+01, -1.944337844690545e+01, 1.375933476548002e+01, 8.553459352395503e+00, -3.425019154024270e+00, 2.312065462333578e+01, -6.625735735670317e+00, 1.741047635454311e+00, 4.237643956714707e+00, 7.058952094017885e+00, -2.908941497379366e+00, 5.819400204213969e+01, 9.581702647158055e+02, -2.508474440898880e+01, 8.067665045848663e+02, -1.204854652825443e+03, -1.103194647556153e+02, -4.179001946121949e+00, -1.157610891433140e+01, -5.146781873042200e+01, 6.550821842027776e+01, -3.795201999787235e+00, 1.529237958572108e+01, -2.525676108380732e+01, 2.288096808888522e+01, -7.056019568711871e+00, 2.798315890760629e+01, -6.996086914270170e+01, 3.629008531895475e+01, -2.043742527734882e+01, 4.152899239944857e-01, 1.281358146958737e+01, -2.927163247554784e+02, 2.884245308009143e+02, -6.999106961625187e+03, -1.070811166006094e+03, 5.404285561010341e+03, 3.610298951002894e+03, -4.878611089726012e+02, 1.670298997599082e+03, 1.755909029422351e+03, -7.230039775428205e+02, -3.622788152035765e+02, -2.938327526244260e+03, -1.166287372128299e+03, -8.765736007239291e+02, -3.166260841311915e+03, 3.839400561621432e+02, -7.777715159736773e+02, 4.689033756336769e+01, -1.809291007376123e+03, -7.747796439641407e+02, 3.591430111330395e+02, 4.610592080898588e+00, -2.495075266159607e+02, 2.038016137164147e+02, -8.010011308512183e+01, 1.660768143387870e+02, -7.871135657612497e+01, 1.683791313138136e+01, -5.904160046464628e+01, -1.151402087731474e+02, 7.036301602059303e+02, -4.714839650405485e+02, 5.139291790700728e+02, -1.263119817943351e+02, 1.735475119745871e+01, 2.377929518129370e-01, -2.070564860309286e+02, 5.978541072272870e+02, -8.301331925385132e+02, 9.838120867133538e+02, 5.845713974618120e+02, 8.760884244795559e+02, 2.032871135603739e+01, -6.390629354908948e+01, 6.489978164279907e+01, 1.181476683781445e+02, -2.821448052778395e+02, -1.110446541182943e+02, -4.292596066800824e+02, 1.975720434299841e+02, -1.497397734206288e+02, 4.210214958014534e+01, -7.610838855743162e-01, -1.049228562417270e+02, -2.631737211431151e+01, -4.844898586724762e+01, 4.928483293783859e+02, -5.337893606567389e+02, -1.078916918793291e+02, -1.307674242869165e+02, 1.648408982819242e+02, -4.980160690941996e-01, -3.491375741258893e+01, 5.663639750048625e+01, -3.136233206719602e+01, 1.880681075396987e+01, 4.301293967202592e+01, -1.352446649696206e+02, 3.962052776058824e+02, -4.858550667520547e+01, -4.117574929237260e+02, -8.567101695122643e+01, 3.677256665475828e+01, -1.242730717363659e+01, -7.778612185845371e+01, -1.716683994862365e+01, 4.466799809584913e+01, 4.672445026961935e+00, 1.716334513366884e+01, 6.388406824886329e+01, 4.202304086269043e+00, 1.300403159193447e+02, -2.572039659499553e-01, -2.200301845930788e+02, 8.241941571289466e+00, -8.121237547376515e+00, 2.651986593663139e+01, 4.553218530099927e+01, 1.914262373257211e+01, 8.832081725622988e+00, -4.202547113393153e+00, -2.061763914173707e+01, 3.291633290428499e+02, -1.838352510149383e+02, -2.330120937753496e+01, -5.341069504107108e+01, 3.631937229984916e+01, -4.517209038915445e+00, -9.555802111695355e-01, -1.223569691446757e+00, -1.975693748722569e+01, -7.398873881340257e+00, 3.521195514561342e+00, 7.520248535446175e+00, -3.395193701248715e+00, 4.010853327241825e+02, 4.379201136567012e+03, 4.649742431322986e+02, 5.326490255797617e+02, -5.556430249687397e+00, 2.906259735234386e+03, 5.087943121239442e+01, -1.356947045946521e+02, -1.003890269955026e+02, -6.815888599363072e+01, -2.932756142535376e+01, -5.467740629315126e+01, -7.834626589878109e+00, 1.557134558576121e+01, -4.620602684341064e+01, 2.833113063213320e+02, -3.561762710187628e+02, -6.419092151807423e+02, -4.774919218189265e+02, -7.737106080060390e+02, 7.531341071254081e+02, 2.885222902988329e+01, -5.400802823418735e+01, -1.291714889157526e+02, -6.503656023751512e+01, -5.614772399281640e+01, -5.712782561252308e+01, 1.216806498877851e+01, 1.319570526312490e+01, 4.140076554842557e+01, -3.861377126494157e+01, -4.206421798020229e+01, -5.317605811297332e+02, -2.273712223428067e+02, 1.860176055415488e+02, -2.248561143492212e+02, 1.145677943347357e+02, 1.622936691520235e+01, -4.143906739238018e+01, 1.934110879166271e+01, 4.808339739896678e+01, 2.175771189457281e+01, -1.523120239961208e+01, 7.762531122535142e-01, -1.402668960423737e+01, 8.986700370045138e+01, 3.978123443991052e+01, 4.691662183396343e+00, 3.153267687827134e+01, -1.733710601009008e+02, 1.347205021596774e+03, -6.917908347776349e+02, 3.508459098353226e+02, 2.137549943524737e+02, 1.230017128397060e+01, 8.422479671175241e+00, -9.565969920914846e+01, -6.205843706470242e+01, -1.005836431624963e+01, -1.022213736417216e+01, 1.527266015998001e+01, -1.402891870086355e+01, -4.711368243960469e+01, -4.657151580597013e+01, -3.366510363217662e+01, 6.695356850742233e+00, 9.942088512951917e+00, 4.511800104903900e+01, -2.199693756609043e+02, -1.659269251296985e+02, -1.093425438768463e+02, 9.126184068619945e+01, 5.061932629756291e+00, -3.695740463453902e+00, -6.824083580593030e+00, -1.523494298688616e+01, 3.812952867653723e+01, -1.485773953118285e+01, -1.079217476904331e+01, 6.911504258955658e+00, -3.790213619137511e+00, -1.086250280705994e+01, -8.245224211239234e+00, -1.565681709167792e+01, -1.261216771126015e+01, 1.221648784244688e+01, 7.675302319246106e+01, 5.069628850978157e+01, 1.034137498064177e+02, -3.233985283111005e+01, 5.626213620716364e+01, 2.518657904423085e+00, -5.642109766972656e+00, 4.712452412939506e+00, -4.253111770220810e+00, -1.285482963394779e+01, -5.012048447368712e+00, 5.939824228928273e+00, -6.629422229206067e-01, -2.433872803894854e+00, -7.145819914488655e+00, 1.723424197874096e+01, 6.102786874524849e+00, 4.937173183808071e+00, -1.514801690709108e+00, -1.469922159012015e+02, -3.981978875070382e+02, 3.488243648430208e+02, -3.177186670174183e+02, -6.951107314322184e+02, -7.918918558392498e+02, -1.222850796323499e+01, 3.727090599386307e+01, 4.666410400242903e+01, 1.711926758197618e+02, 2.421640614649648e+01, 6.815206835650591e+01, -6.043738435827760e+01, 1.862179983191782e+01, 1.363196103971121e+02, 1.968086320635152e+02, -2.284617249572162e+01, 6.227462828962906e+01, -1.044318781916889e+01, 1.129910175671911e+01, -6.493278143018607e+01, 1.038551503313419e+02, 9.432383170336650e+02, -4.735692315925823e+02, -6.092009027925768e+02, 2.764805299530410e+02, -2.256490536202087e+02, -5.789600879829958e+00, -3.103589080786526e+01, 6.718250749061988e+01, 3.476708720584003e+01, 1.923773091643882e+01, 3.488259853006537e+01, -1.829602718493574e+01, 6.563860661505504e+00, 7.783662133249145e-02, 5.748806865279064e+01, -1.596498106505574e+01, 2.692614495556078e+01, -1.304458338859955e+01, 1.207540815610038e+01, -9.353884079669156e+01, -2.064327997520304e+01, -2.562990957033927e+01, 1.658761714641310e+02, -2.829622104534846e+03, 1.371464458220595e+02, 1.815540713152553e+03, 2.232873392440331e+03, -3.791734484873697e+02, -8.839590817839060e+02, -8.706578795651629e+01, 4.118117290569857e+03, -1.628775816656206e+02, -5.569779495791015e+02, 2.118024572175061e+01, 2.126007683090505e+03, -3.618134270541583e+02, 2.982412812718501e+02, -2.990659585970923e+03, -3.806711896749260e+03, -1.861158950980655e+03, 1.391571919403093e+03, -4.029144901967085e+02, 5.099936459351510e+00, -1.453701459331330e+02, 4.183288500166723e+02, 7.306851823841207e+01, 1.939091660444321e+02, 5.635811927671261e+01, 4.523957572717728e+00, -1.066587452048391e+01, -2.127233010123454e+02, 1.130622048382154e+02, -2.092399267356677e+02, 2.429392747561812e+02, -8.170724230078439e+01, 8.338765976539596e+00, 1.994822507226210e+00, 5.985278393068936e+01, -3.746140079305133e+02, 4.126162841371105e+02, 2.297838190912257e+02, -5.111529828821254e+02, -7.826974154823537e+02, -5.979897594787953e-01, -3.127212465192709e+01, 1.372319917644614e+01, 2.555406326662083e+01, 1.579757720181418e+02, -2.029950061073137e+02, -1.039336419373539e+02, -2.451697604828351e+02, 3.660177031793331e+02, 2.353142938405927e+00, -2.317939094779616e+01, 2.027118517096909e+01, 1.175261549385665e+01, 7.594249665862445e-01, 4.562381521737292e+02, -7.899641641041588e+02, -9.443340313039898e+02, 7.326568828461826e+02, 1.595463218716300e+02, -3.363383084153873e+00, -1.552034181290032e+01, 3.956192944123490e+01, 3.657934107439510e+01, -3.367486443511069e+01, 2.854057377197460e+01, 1.882754587701391e+02, -4.336123649966671e+02, -4.498658886640623e+02, 1.032593139280207e+02, -6.397041310225837e+01, -3.333972140992498e+00, -5.773973704504505e+00, 1.403258614132938e+01, 4.100540454350160e+01, -4.242939534584749e+00, -3.414148053361881e+00, 2.422437499345337e+01, -6.889052062917455e+01, 3.950685863503280e+01, 2.069813835517098e+02, 2.583316984018247e+01, 3.922707601503647e+01, 9.267104224734662e-01, -2.896560427216747e+00, 2.101088852675642e+00, 1.485557294835789e+01, 7.374568187140182e+00, -9.121872035512284e-01, -2.871521568110381e+00, -3.183342618428679e+00, -8.885824459938791e+00, 8.436583696516480e+01, -6.757396401004843e+01, -7.333405514161221e+01, 7.846575678669592e+01, -1.174172766815059e+00, -2.330197820559821e+00, 7.643332060039517e+00, -1.176834286351631e+01, 6.305553092531018e+00, 4.808784954420953e+00, 1.877723858776392e+00, -4.862350100141080e-01, 1.057475879885571e+02, 1.146601100414410e+03, 5.227107596250211e+02, -3.199018932415585e+03, 9.315100400750453e+02, 2.280705470317261e+02, 1.246745322761507e+01, -4.823892521875493e+01, 5.984515601899538e+01, 7.988055014322184e+01, -1.643222084121003e+01, -9.205726716528986e+00, 1.569939401817084e+01, 3.991275326742556e+00, 1.414481057619765e+02, -1.354399594135165e+01, -1.927539948942918e+02, 8.421138890570078e+02, -2.690979663271574e+01, -1.187625704896250e+03, 1.783154833071939e+02, 2.412624637136690e+01, -6.181742555010739e+01, 3.822099561598810e+00, 3.372077911523882e+01, 6.773561658958829e+01, 8.667377063551129e+00, 4.545474163296507e+00, -7.963337397346927e+00, 3.491119364533540e+01, -7.832088059547519e+00, -3.437438786618637e+01, -1.005537755335561e+03, 3.306511850925605e+02, -1.011391211145609e+02, -3.009246818957010e+02, -3.172351822706625e+02, 1.151348744215116e+00, -4.488265449723094e+00, -1.676376250857459e+01, 2.136089868799641e+01, 9.229656510798886e-01, -1.754478760060092e+01, -2.584824392485218e+00, 6.338810825066096e+00, 1.763662508470905e+01, 4.973033977858181e+01, 9.416506859456529e+00, 4.498560744038196e-01, -5.760364954456549e+02, 2.304884784704785e+02, -3.184330934118946e+02, 2.610992181274646e+02, 1.483652344663542e+02, -1.572270868892914e+01, 2.343506659695930e+01, -3.168310604821377e+01, 1.219050455365578e+01, -3.770696523069041e+00, -2.843938189403529e+00, -1.547838921881452e+00, -5.257416908418122e+00, -2.603783365700153e+01, -3.567933564775772e+01, -1.265261055045334e+01, 1.540051795116736e+01, 3.067002433657008e+01, 1.025899975221770e+02, -1.966646466109285e+02, -1.223829106236591e+01, 1.401139800986810e+01, 3.053328984484313e+01, 2.205650820609227e+00, 6.494648963073935e+00, -3.356886356988478e+01, -2.463283823691516e+01, 5.773819033420136e+00, -3.863142542507529e+00, -3.984887607292881e+00, 2.841698563746386e+00, -2.399908785410035e+01, -4.385472966547497e+01, -9.991547501293010e+00, 8.315116173358957e+00, -6.233244054854367e+00, -2.232764080182052e-01, -3.869444605783480e+01, -3.071609375532955e+01, 1.596661304776152e+00, -1.041429463022649e+01, -2.789774766164716e+01, 1.831495894247910e+00, -5.000813852479199e+00, 1.110232200461357e+01, 1.413920445041958e+01, -9.440006507107158e+00, -1.160524001204425e+00, 2.948449449396690e+00, -6.870868353560218e-01, 3.262533386733678e+00, 2.901727872250740e+01, 5.191470600844086e-01, -4.099564492092593e-01, 2.424663038645497e+00, -6.334820877694231e-01, 1.658138655946120e+01, -8.052038175613086e+02, -1.252097922025353e+03, 1.164398186358313e+02, 1.636483700326307e+02, 9.727479966828152e+01, -7.659186863150197e+00, 2.419227497396150e+01, 2.593862413065723e+01, 2.461625778105078e+01, 3.798356998018259e+01, -1.439626674924470e+01, -8.093524358717366e+00, 8.490585092194625e+00, -1.736880468320288e+02, 2.834919161534468e+00, 4.542515844434160e+01, -8.676293210254494e+00, -1.671957344329163e+01, 3.006637080511333e+00, 3.912868645862920e+01, 3.180957666978079e+01, 9.071068676882335e+02, -7.973740681861018e+01, -2.436074057617185e+02, 3.845008872913887e+02, 5.495844223795159e+01, 2.412396916087230e+01, -9.676985100990358e+00, -2.402875787475695e+00, -9.583665046295234e+00, -2.389676963801618e+01, -1.412253371730900e+01, -3.979468994197490e+00, 1.017425323493885e+01, -5.588818319241737e+01, 1.099415925714498e+01, 1.584752910360692e+00, 1.133307440624127e+01, -3.335026140333735e+01, 7.554735915144557e+00, 4.033642868524296e+00, -1.981811675750667e+00, 2.798248403432640e+01, -7.902317789168723e+01, -5.873274896972696e+01, 8.355643953559054e+01, -1.814620030761209e+02, -1.513405705988447e+02, 1.993030456390712e+00, -9.398515839926083e-01, 3.290750038265804e+00, -6.910994133178886e-01, 2.577957217747676e+01, 7.688352055246390e+00, -4.560765961481452e+00, -5.471505135389275e-01, -1.380167205701837e+00, -2.126568983267392e+01, 6.496353661797048e+00, -5.101370853708937e+00, -1.309282640274534e+00, 3.278527121774660e+00, -1.987173477513969e+01, -1.110392330673215e-01, -7.947872211439497e+00, -4.225810614758210e+01, -4.366111121895478e+01, 4.094398357099733e+03, -3.245054114762366e+02, -4.713983316823551e+03, 7.481369014398666e+02, -4.605736854846993e+02, 1.809526392755063e+03, -9.387352625764976e+02, -9.713459965950997e+02, -4.451165479317844e+02, 1.402454517892535e+03, 1.547147546527689e+03, 6.874397225131454e+02, 1.183080004149701e+03, 1.816574423169451e+02, -5.929987222069055e+02, 3.829245995409080e+03, -2.291386345132309e+02, 2.178311643402180e+02, -2.825191074040071e+02, -1.638668451855452e+00, -2.373464875362960e+01, -2.468460634683088e+01, -5.530935731993854e+01, 2.067255792360869e+01, -6.869803651759409e+01, -1.641433518015588e+00, 5.946605872690975e+00, -2.269070826976701e+02, 2.019698651685550e+02, -1.313486860259160e+02, -8.344199650816037e+01, 2.124136983009355e+01, -1.520684330002185e+00, -3.128621593505092e+00, 6.023299851425134e+01, 3.802433740772848e+01, 2.863626854155023e+02, -3.309973475871971e+02, -3.606704783878561e+02, -5.767773883362262e+02, 3.662936652285388e+00, -2.083439190680541e+00, -1.708745755296317e+01, 1.149172096597301e+02, -2.502425101774310e+02, -8.765420996887777e+01, 4.075882344893038e+02, -4.833166254214718e+02, -3.283077032008366e+02, -9.259245615563259e-01, 1.366539103949672e+01, -6.785240061154458e+01, -3.160769452683729e+01, -2.385216300423886e+01, 5.816064268571261e+02, 5.204228628696860e+02, -7.911705091244292e+01, -8.110871781742678e+02, -1.705307096982565e+02, -8.968436506094898e+00, 5.807131988365878e-01, -6.581553544183039e+00, 4.693583014313960e+01, 1.563087404175526e+01, -2.300324991113889e+01, 9.895941819356203e+01, 3.045691386045186e+02, -1.102510376497047e+01, 4.910418580357477e+01, 4.168166397390654e+02, -4.177864916861812e-01, -7.053094203385109e+00, 1.872289899636761e+01, 7.344831528935034e+00, -5.905097124392472e-01, -6.544201089154776e+00, -9.116390801303890e+00, -1.842129217671184e+01, 2.294303473998377e+01, -6.622351721058759e+01, 2.550908652233117e+01, 6.232644384955001e+01, -1.701088975870242e+00, -9.597843686227856e-01, 4.029230474033785e+00, -7.211999181558012e+00, 2.242790783964680e+00, -3.191706414610177e+00, 9.796545215233833e-01, -7.722504406970238e+00, 1.992366440494051e+02, -2.766334851380433e+01, 1.586735114129814e+02, 8.729091015951632e+01, -7.279876422391416e+01, -8.188963474900425e-02, 1.858769365903207e+00, -5.936736085712303e-01, 3.164626179914719e-01, -3.366774422239174e-01, 4.208788129778056e-01, -6.880636254486513e-01, 9.964166831285341e-02, -1.392894731495088e+02, -3.059302057515647e+03, 1.140785408358027e+03, 3.431935146133621e+02, 1.472768778353159e+03, -6.967138895508290e+01, -2.295754766875811e+01, 7.351225168373043e+01, -2.527551277240385e+01, -4.698644634795640e+01, -1.469567067506034e+01, -1.228305477019640e+01, -3.032187489457959e-01, -4.609708123752368e+00, -3.657861596848786e+01, 1.894026268829398e+02, 2.547460553892480e+02, 6.208292224572729e+02, 3.948262553764988e+02, -1.888964460210404e+02, 1.262185431034935e+03, 9.356346677869112e+00, -9.553977219577701e-01, -8.416848869134694e+01, -6.906385453498805e+01, -9.787177360979625e+00, -1.968676538784360e+01, -2.538295879420509e+00, 1.902816239597893e-01, -2.284525325161399e+01, -1.229978435949649e+01, -1.622107553823616e+01, 3.776360144991339e+02, -8.403236479314619e+02, -9.603854667910216e+02, 1.033215473586655e+03, 2.290151090995539e+02, 8.302272890039044e+00, -2.881569024486765e+00, 2.839930324707236e+00, 1.902469933004743e+01, -2.727145675134058e+01, -8.687474632949279e+00, 1.452297628510493e-01, 7.747638919691314e-01, -3.510564755995269e+01, -2.924473508433001e+01, -8.240781002551206e+00, 5.605650506005300e+00, -4.226622606133474e+02, 6.704033533376032e+01, 5.644925806724582e+02, -1.282342089844037e+01, -8.004340514235032e+00, 6.632049716161148e-01, -2.674458089354066e+00, -2.386862019333865e+01, -1.020052206019960e+01, 1.035648864558999e+01, -5.467513991688274e-01, -2.789467430655892e-02, -6.144067872752234e-01, -2.713694964795905e+01, 1.120911667256030e+01, 2.146123199441305e+01, -4.343697506166381e+00, -2.164697221773959e+00, -2.824370395918300e+00, 2.076048687203614e+01, -5.203981292275689e+01, -8.964135568491391e+00, 3.596518538819023e+01, -4.649325071478057e-01, 5.129380208104696e-01, 1.021245865049827e+01, -3.628399230779308e+00, -3.796769741969129e-01, 2.416262688245195e+00, 1.554190369319193e+00, -6.480457358255964e-01, 4.375314564911797e+01, 3.051411400259304e+01, -1.961229006873649e+00, -6.038235197801076e-02, 1.759992045443503e+00, -1.046613708530280e+00, 1.734540365871738e+01, -5.954310602517483e+01, -2.800551015993090e+01, -5.830874245163056e+01, 2.957675822753427e+01, -1.814999254998350e-01, 1.648121684198214e+00, -4.650373036654025e+00, -1.675357090573052e-02, 5.642102653670310e-01, 1.223924331744133e+00, -7.197304750506809e-01, 2.252716780943522e-01, -2.003502817370047e+01, -1.816396897669333e+01, -2.402149054362209e+00, 1.737480140792466e-01, -8.228535122568944e-01, -3.360244044230720e-02, -1.939288096440089e+01, -2.833567695693153e+02, 6.940945646971361e+02, 8.968584948662375e+00, -1.107451329094445e+02, 6.018914552300502e+02, -2.816160537947958e+01, 2.050229926639725e+01, 2.039458573426649e+01, 6.343238947839937e+01, -1.316185596048771e+01, -3.697345140040755e+00, 3.281424448441495e+00, -4.148513117228107e+00, 5.877020443378133e+01, 5.545175123878857e+01, -1.429774710267951e+01, 4.128838886590250e+01, 1.810241201757004e+01, -3.524786933567124e+00, -2.892899451428183e+01, 5.317123334456889e+00, 4.322631360969067e+01, -2.029349522548605e+02, -2.338730363795292e+02, 1.047605280594429e+02, 4.591389759822887e+01, -1.086456915829656e+01, -1.017297006477690e+01, 6.577237903916043e+01, 5.887429565843269e+01, -3.033932169313718e+01, 9.129126835709618e+00, -5.647828737737346e+00, 1.294085504493828e+00, 5.164821831746598e+01, 4.555715989390189e+01, 1.633070185523140e+01, 1.305619296980586e+00, 3.328435421185912e+00, 5.171943143560322e+00, -6.676342699547003e+01, -2.993142419595417e+01, 4.577453536193917e+00, -1.127020957586875e+01, 9.265581707836095e+01, 4.834939004652006e+02, -1.228136494656246e+01, -2.936296136203124e+01, 4.518700667249557e+00, -3.445815383562240e+00, 1.435176393922924e+01, -3.845799122617525e+01, -8.942912771408075e+00, 7.440505057248871e+00, 3.094060411370524e+00, -1.443825205709211e+00, 2.206008020802253e+01, 7.790113509672532e+00, 5.607132850699043e+00, -1.847089553089251e+01, -5.511263245053134e-01, 1.298317359259943e+00, 1.367915881721952e+01, 1.049720314817134e+01, 7.070424966832323e+00, 4.708002742154969e+00, 3.903345753180700e+01, -1.243713806106880e+02, -2.428484199934686e+02, -6.130722394675516e+01, -1.560110578319516e+02, 1.469017861650796e+00, 1.084386267927728e+00, 8.801749709029103e+00, 4.603451157518200e+00, -1.618723856171246e+00, 1.308212291618089e+00, 1.693370362943376e-03, 6.910017794424942e-01, 1.263698106546931e+01, 2.169687295104229e+00, -4.427739426255777e+00, 1.844819564564740e+00, -1.788715893959845e+00, 1.462375359489332e-02, -1.632295538042086e+01, -5.241287550920906e+00, 3.589382206446490e+00, 1.244152525326951e-01]
