elements:      [Al]
cutoff:        8.0
pair_type:     gaussian
feature_type:  gtinv
model_type:    4
max_p:         2
max_l:         4

gtinv_order:   3
gtinv_maxl:    [4, 4]
gtinv_sym:     [0, 0]
gtinv_version: 1

electrostatic: 0
mass:          [26.98]

n_pair_params: 14
pair_params:
- [1.0, 0.0]
- [1.0, 0.583333333333333]
- [1.0, 1.166666666666667]
- [1.0, 1.75]
- [1.0, 2.333333333333333]
- [1.0, 2.916666666666667]
- [1.0, 3.5]
- [1.0, 4.083333333333334]
- [1.0, 4.666666666666667]
- [1.0, 5.25]
- [1.0, 5.833333333333334]
- [1.0, 6.416666666666667]
- [1.0, 7.0]
- [0.0, 0.0]

n_type_pairs: 1
type_pairs:
- atom_type_pair:      [0, 0]
  pair_params_indices: [0, 1, 2, 3, 4, 5, 6, 7, 8, 9, 10, 11, 12, 13]

type_full:    1
type_indices: [0]

n_coeffs: 3850
coeffs: [1.365503854319569e+01, 6.666452526785424e+01, 7.265517847930023e+01, -2.090449904248020e+01, 7.631039863131529e+00, -2.336524185627468e+01, 7.222696072976790e+02, 4.745193659063974e+02, -3.657488436814415e+02, 3.516383421481179e+02, -1.970455303071168e+02, 2.103126768182173e+02, 1.858858314963213e+02, 1.605680334813134e+02, 1.367389993161247e+01, -1.080314309387979e+02, -2.218810335492831e+02, 1.214424305791295e+02, -2.392516583321525e+02, -1.599054477708314e+01, 5.527604098516480e+00, 1.472160723826432e+00, 1.274848813301037e+01, 1.352744468188260e+01, 7.217465391068446e+00, -3.115095425658463e-01, -1.344409743924704e+01, -4.291079200890975e+00, 3.616602878952389e+01, -6.665022687110467e+00, 1.975455901814883e+00, -1.422423148117878e+02, 1.759826785766560e+02, -9.318769138690914e+01, -2.883683540060418e+02, 2.438577794622913e+01, -1.054127931815705e+01, -1.188625597728672e+00, 9.041406143560813e+01, 1.480208619312477e+01, 2.096047309173303e+00, 9.669003594803804e-01, 2.813968441860026e+00, 8.587542066263673e+00, 1.250269342235594e+00, -3.770567581469687e+00, -1.140308383873525e+00, 6.470632902234964e+00, 1.091800687129951e+00, 2.103665079635855e+00, -9.529500489637156e-02, -4.278429575284547e+00, -2.124239768895070e+01, 9.839993886523088e+00, 1.349314308288851e+01, -6.204984963148640e-02, -3.597470097818199e-03, 2.230469280877266e+00, -5.904063142094163e+00, -5.437965081831507e-01, 2.170210223302623e-02, 3.063083701182402e-01, 3.973951423428061e+00, -1.482680911341099e+00, -1.574812304856601e+00, 3.441913059239426e-01, -5.823281051678556e-01, -3.110087955899278e-01, -6.122987282940690e-01, 1.931604136910344e+00, -1.274171355718572e+00, -2.442651936368530e+00, 2.632600163030348e-01, 3.474722899673620e-01, -5.165804789052213e-01, -5.144668635104470e-02, 2.162533387365951e-01, 1.648982879998211e-01, 2.640612826073298e-01, 8.155149369150609e-02, -6.667413986857178e-01, -1.122998502589104e-01, 6.521441042031668e-01, -7.572188027585240e-01, -8.313302839789509e-02, 4.632214577599177e-01, 8.626605204529592e-02, -6.775761427983541e-01, 4.697454332700660e-02, -1.244714496125291e-02, -4.756579183034781e-02, 2.538864566341602e-01, 3.118549581433974e-01, -2.076968234110620e-01, -2.209240399432780e-01, 6.208807233306254e-02, -9.159885040422769e-02, -3.904391974179718e-02, 1.877827065310296e-02, -1.375831959141943e-02, -4.046992748000675e-01, -2.367290875753188e-02, -1.566289387728655e+00, -8.850879157228922e-01, -2.847107320148575e-01, -1.304199715314893e-01, -4.467012151524307e-03, 2.421824211525021e-01, -1.276114893549791e-01, 3.986805799770888e-02, -6.656142549382749e-04, 3.219733726811967e-01, 5.132304208933401e-01, 1.707263484782099e-01, -1.531687253533806e-03, -6.375939571163537e-02, -1.109382445841139e-01, 6.149119990291297e-02, -4.921702764386756e-02, 7.594867818006490e-03, -7.096606107720331e-02, 9.159253997489804e-02, -7.223315679522018e-01, -8.965252287800106e-01, -1.810567228232328e-01, 2.860569290932241e-01, -3.508841108278637e-03, 6.346921163875198e-02, -6.162980704431072e-02, -2.390256829730255e-01, -9.986843519911713e-02, 1.326178193773629e-01, 5.054528521661122e-02, 3.631924687172529e-02, -4.765385792372335e-02, -2.349214023946525e-02, -2.184746551910789e-02, -6.489197020870892e-03, -2.037459424343096e-02, -3.702778600991921e-04, -2.324989582751485e-01, -8.330022855273053e-03, -3.196138708274019e-01, 4.248930047126053e-02, -1.935445714835633e-01, -4.814442233307783e-02, 1.922412914524612e-02, -1.878581767581539e-01, -1.738907281797035e-01, -1.884137534545562e-01, -1.376032318676493e-01, -9.634697517048953e-02, -1.156256771026146e-01, -5.529989129670219e-02, -1.310009073899454e-03, 7.703520458407887e-03, 2.889611868434117e-02, 7.885724236963373e-03, -3.016864763126690e-02, 3.494241321233557e-03, -1.601999176412693e-01, 1.037482331653296e-02, 1.726991968564725e-01, -1.536624100806983e-01, 2.838152467761193e-02, -5.703902351609007e-02, 1.449917977336222e-02, -7.412813545760269e-02, 2.991643850393207e-02, -1.320783771011687e-02, -3.943092439206791e-02, 3.398549479797042e-03, -3.455220005656812e-02, -3.971365238786054e-02, 2.665751711388813e-03, 3.621900428694957e-02, 1.668290906409511e-02, -3.127598795420966e-02, 3.685491261705860e-02, -8.378439985099342e-03, -2.295811553631725e-01, 6.817135284462414e-02, -1.704031286376474e-01, 1.319069515246822e-01, -1.580048685721163e-01, 6.022844781237539e-02, -2.355188775564971e-02, 6.209617640490610e-02, 1.541266332195687e-01, -2.301294407743819e-01, 3.357087553901402e-01, 1.776062031791774e-02, -2.902749039712794e-02, -4.355865442360385e-03, 7.218607048760236e-03, -1.779550059475952e-03, 2.886249760407402e-03, 2.673790255141384e-02, 1.652104817392457e-02, 1.298057230829676e-02, -3.846064398683746e-01, 8.611851925948491e-02, 1.371073360622073e-01, -3.469859071060877e-01, 3.595147775190356e-02, -1.966507884272842e-01, -1.262852505784743e-03, 1.205373738867098e+00, -1.588724067113651e-02, 1.596934771668738e-01, -2.649322911372176e-01, -1.147193510219332e-01, 1.103633045103203e-01, -3.016600249199350e-02, -4.019885415805047e-04, 4.462895434353772e-02, 3.193251791574406e-02, 4.429204242267731e-02, 3.232217208500640e-02, -2.727931336210212e-02, 9.238267811545950e-03, 1.504131589186818e-01, 2.209411848546381e-01, 5.011856168318894e-01, -9.753091700182182e-01, 7.096960968315109e-02, 1.987424633046069e-03, 1.174913990127247e+00, -3.694376117444463e-01, -9.656456920796488e-01, 5.460404028070521e-01, 2.108394943203508e-01, -3.541867333933051e-01, 1.874887127395652e-01, 1.246883259822559e-02, -1.534612651831737e-01, -1.002792605280744e-02, -9.190133635591263e-02, -4.049496359286893e-02, 1.089396658169482e-01, -1.281507123959356e+00, 1.182433050763821e+00, -2.307476846077717e-01, 1.237372764845963e+00, 1.129640935242977e+00, 8.086174438781795e-01, -6.743252975896584e-01, -9.295480045079541e+00, 5.331724322864341e+00, -7.758967752741371e+00, 5.995423686305022e+00, 2.586288709852014e-02, -7.387814110561107e-01, -6.133947963400624e-01, 5.004662273301248e-01, -8.615959091833680e-01, 1.035814578412273e-01, 3.642376039297598e-02, 1.503581823274407e-01, 5.982187700609924e-01, -2.087635954350099e-01, 1.350345380790513e-03, -4.212898463446819e-01, -2.172366608150970e-01, -2.596810530728688e-01, 1.456347856977842e-01, 1.183347796072194e-03, -1.144090384452787e-01, -9.997624500473250e-02, 3.563108873398230e-02, -5.863478209606533e-02, -3.288551220079643e-02, -1.071395830684394e-02, 3.120912332939726e-03, -1.058025872871633e-02, -4.822575823642964e-03, 5.981067130779258e-03, -1.828566869475568e-02, 1.350019681403831e-02, -3.009888517523163e-03, 6.666452427059905e+01, 7.222696075260860e+02, 9.950104349645677e+02, 4.745193671077121e+02, -7.377760347713759e+02, -1.338526386938177e+03, 3.657488435012582e+02, -5.235600073874177e+02, -8.377500947492691e+02, -3.065880517223815e+02, 3.516383421612896e+02, -9.261539114946717e+01, -3.019996955447123e+02, -1.742496817592094e+02, 2.461407798168352e+02, -1.970455305308169e+02, 9.966674037873878e+02, 9.245796655143449e+02, 3.883096988284240e+02, 4.643574256172932e+02, -4.506187969096113e+02, 6.301084255493989e-01, -8.051736603564767e+01, -1.258298157027912e+02, -1.185673887641770e+02, -9.767757668030117e+01, 8.585987876026093e+01, 1.472169857725081e+00, -4.535309427933218e+01, -7.277556481416115e+02, -1.233260709774919e+03, -2.780497045526878e+02, -8.135230776799912e+02, 9.023891000669832e+02, -1.344409415051245e+01, 6.149569620980723e+00, -5.285075474091934e+01, -2.293772309481532e+02, -8.728973397112196e+02, -7.585375293281531e+02, -4.330450689211384e+02, 6.383312506539229e+02, -4.291074186997886e+00, -1.814489773129826e+02, -1.846372629129983e+01, -1.076105857473483e+02, -2.193601027081542e+02, -7.637563649575990e+02, -4.451852868884599e+02, -4.079394814985620e+02, 4.103005912869468e+02, -3.616602864292668e+01, 2.435173117716984e+02, -1.118544820306307e+02, -6.751842777028207e+01, -1.796871596738039e+01, -1.681312321004098e+02, -3.493683470398795e+02, -1.565096197650970e+02, -1.337191490048069e+02, 3.580190367757461e+02, -6.665023881275835e+00, 9.612002112743705e+00, -4.162885273315217e+01, -1.458053374552789e+01, -3.684578478804955e+00, 2.613966063576781e+01, 6.521238094453304e+02, 3.710980403076919e+02, 2.029653564406884e+02, 3.440216478339797e+02, -2.813466610320622e+02, 1.975454892773629e+00, 9.735420916031158e+01, 1.753518060030258e+01, 1.835857189591986e+01, 2.560571938057163e+01, -2.057755733775391e+01, 4.999659552288277e+00, 4.132304188440987e+00, 2.224107384263351e+01, -1.638885869511887e+01, -2.625891772682047e+01, -3.685729737970636e+01, 1.639970560096872e+00, -1.669019690364644e+00, 5.151611049482338e-01, -1.208726311143663e+00, -7.928424904292910e+00, -1.306869220423645e+00, 9.668997065649534e-01, 1.159270549846430e+01, -3.158624405260494e+01, -4.851265661052691e+02, 2.326571325345705e+02, -1.963403806135514e+02, 1.188263311011144e+02, 2.586650559450429e+00, -3.527414146185707e+00, -6.900615827287372e+01, 2.796566786526462e+01, 1.264911471842166e+01, -2.588980765369469e+00, -1.140311254419918e+00, -6.512224151403887e+00, 7.043445539979245e+01, 5.586755983479923e+02, 3.402147343350479e+02, -2.515195003834467e+02, 2.278718682933926e+02, -2.011357375108183e+02, 2.046319891158327e+01, -2.494385469963030e+02, -3.441742342738910e+00, -5.642127291486297e+01, 1.382225060581161e+00, -1.920499993252567e+01, 6.470638533455107e+00, -1.902326688732250e+01, -4.056961985150426e-02, -2.915582025705459e+01, 4.673142112674547e+02, -9.153978372915797e+01, -3.022572567166104e+01, -8.264462839753389e+01, -6.576533295195713e+01, -6.935691820570408e+00, 3.971629720949740e+01, -3.137355915062366e+01, -7.640858276299487e+01, -1.139483211264951e+01, -2.041542526286443e+01, -1.091805827363642e+00, -8.592063339518349e+00, 4.915380755157906e+01, 2.697427845811831e+00, 1.370109408137962e+01, 1.355025582688380e+02, -2.434846222034747e+02, 7.090613231517552e+00, -1.358444480572992e+02, -6.953142656042519e+01, 4.230031076652594e+00, -3.272248892900092e+01, -3.153351293920925e+01, -6.484332785181135e+01, -3.297920501999375e+00, -2.467213735877365e+01, 2.103665978307853e+00, 1.512886055178507e+00, 2.951122281803213e+00, 2.693088606368076e+01, 9.188581326968605e-01, -5.400416451353425e+00, -5.057373855700246e+01, -2.296747569255535e+02, -1.067403207723413e+02, -8.119449640918212e+01, 7.079555104317053e+01, -1.895923282735613e+00, 8.275920999446902e+01, 1.422682025479962e+01, 5.728705986955416e+01, 1.730763810371392e+01, 6.854682545745104e-01, -9.529361423967209e-02, -6.374974632435820e-01, -1.506141346641179e+01, 5.338851385742368e+00, -1.041670195359888e+01, 7.053192512972134e-01, 1.429405417593256e+00, -5.813468940891546e+01, 3.180680495968298e+01, -1.807226622271249e+01, -1.667771096435164e+01, -4.459592974026673e+01, 1.398708669645742e+00, -2.740975060511185e-01, -1.554381058644633e+01, 1.473787417291871e+01, -1.846713219567298e+01, 1.387774774847658e+00, 6.305461649381102e-01, -1.952703859347991e+00, 1.958731224025468e+00, 2.415835120786725e+00, 3.827130361183922e+00, 6.272852135118590e-01, 3.063095540339670e-01, 5.179970444040941e+00, -7.491618498825083e+01, -3.245461454211330e+00, -4.779164153422822e+01, 1.847504396494171e+01, -3.740103838935348e+01, 4.657306539877891e-01, 2.108465821351716e+01, 7.274443690981649e+00, -9.568723523956226e+00, 5.571034890939756e-02, -9.906514301530867e-01, -1.269527962478024e+00, 1.058738668754985e+00, -1.166955632046272e+00, -8.008985746119794e-02, 1.484470852201107e+00, -2.097892491463246e+00, -5.823277112693375e-01, 1.336963210266400e+00, 2.279656538923046e+01, 2.409126455490568e+02, -4.646832367669664e+02, -2.898751906587589e+02, -3.161309786999465e+01, -1.619431501368924e+02, -1.440676089756527e+01, 6.673824245701130e+01, -5.086304706364879e+01, 1.162971775430728e+02, -4.147545447249784e+01, 1.520994236620323e-01, -3.132586116683811e+00, -9.554771499926810e+00, 2.960145798945356e+00, -1.588224423920454e+01, 7.214346158330505e+00, 2.104897834374172e-01, -3.110021546135540e-01, 8.925559571101751e-01, -1.485107915117724e+00, -2.474992367620371e+01, -3.342997368472650e+02, -1.777700084300516e+02, 3.733084582804970e+02, 8.667017499961655e+01, -1.768573313344116e+02, -1.052405487467898e+01, 2.606858064258452e+01, -2.612451988221424e+01, 2.683535109721555e+00, 3.233645536855560e+01, 1.535898511718403e+01, 1.144776393140962e-01, -7.490187686878216e+00, -1.238870038762817e+00, 1.134974559767016e-01, 2.597994176695140e-01, -5.383922720580098e+00, 6.122954124249497e-01, 2.659512256933986e+00, 2.100765772034499e+00, -5.273398262958864e-01, 5.440203000646808e+00, -5.164397774452321e+00, 1.553822371550361e+01, -2.826342330728132e+01, -1.135702022512508e+02, -2.185892761664547e+02, -4.361905115753640e+00, -3.327856241538815e+01, 2.738842025231483e+01, -1.197128032558777e+01, 4.393108113875108e+01, 2.741785543815991e+01, 4.195879897867967e-01, 1.851801857381264e+00, -7.710156600122563e-01, 5.764376120202822e-01, -5.646419819785120e+00, -2.054646403731533e+00, 1.931607748184033e+00, -1.080742450103166e+00, -1.310670089383615e+00, -8.901561515967750e-01, 5.339440582390672e-01, -2.373761360355093e+01, -2.488847081233714e+02, 2.574886066450474e+02, 1.438287869340149e+02, 1.778941308245001e+02, -3.608600063424239e+01, -1.709286441374415e+00, -2.568388759492174e+00, -4.065756282801799e+01, -4.061047954060147e+00, -1.635450412850982e+00, -6.115443774658001e-01, -1.336310366731918e+00, 2.679272274111375e+00, 1.037551255411112e+01, 4.358384338179274e-01, -8.003458320130562e-02, 3.814131118512827e-02, -1.274169100169805e+00, 5.572254205068826e-01, -9.748180586958509e-01, 1.015607618470119e+00, 1.111430069895303e+00, -1.670456600181621e-01, -2.614552385428747e+00, -7.865571364543986e+01, 2.950727758720419e+01, -3.738855328583342e+01, -1.316720522509572e+01, -1.100977209647237e+01, -2.456619826714579e-01, -1.316914865439863e+00, -6.568707320791733e+00, 1.362910131763066e+01, -1.664185727292035e+01, -1.894315901640745e-01, -2.095530358630743e-01, -5.611964974481305e-01, -3.961579912087508e+00, 2.593883791974962e+00, 1.680078383243005e+00, 2.374881458646095e+00, -4.754746366176580e-02, 5.500571252089133e-02, -1.731021920964967e+00, -1.866645896537856e+00, 7.385730568853457e-01, 6.626347476044381e-01, -1.122995845288135e-01, -4.322031442197941e+00, -2.853136383136581e+01, 6.137911430174912e+01, -3.419396663249108e+01, 4.721421278535612e+01, -1.009972636946856e+01, -2.244518678449577e-01, 1.289935041449561e+01, -1.660887246428010e+01, 1.312627077884278e+01, -7.026111271965281e+00, -1.196196474181976e+00, -6.803038790873929e-02, -3.041767523569828e+00, 2.015715690168502e+00, -4.003137631271013e+00, 1.135927804826546e+00, -4.047526926491274e-01, 1.067379722868761e-01, -8.384051388550146e-02, -1.835340360178157e-01, -2.131564466309713e-02, -8.476669226391302e-01, 2.492231677340047e-02, 8.626602643121417e-02, -3.795517999823746e-02, 3.871327752589119e-01, -6.989125857135211e+01, -6.921922990472789e+02, 1.418890184362221e+02, 1.217295194896933e+02, -2.713319758196747e+02, -9.641534378441158e+00, -6.003832136245807e+01, 4.535265707165251e+01, -3.124447693364809e+01, -6.322121039209576e+01, -5.055861484753650e+01, -2.486157298167223e+00, 5.789890990743218e+00, -8.377466624003041e+00, 7.326548787462605e+00, 3.204192253557407e+00, 2.313779888469198e+00, 4.073666863507309e-03, 7.394732639411602e-01, 4.314546713967451e-01, -1.142816007310560e+00, -1.051534856982465e+00, 4.180475614430233e-01, -6.775795963682172e-01, 7.924102827618232e-02, 9.720170587147878e-02, -2.830639201703191e+01, -5.046683504135237e+02, -3.467126032363724e+02, 2.180608725884376e+02, -1.254374407231656e+02, -1.741214588107927e+02, -8.493303286388263e+00, 2.359239626206341e+01, 6.080952821934694e+00, 6.065145002255991e+00, 2.605267475323857e+01, 3.466268653099631e+00, 1.313313086000676e+00, -3.650593066886338e-01, -2.150137207340854e-01, 1.419806779138171e+00, -8.959257222480879e-01, -2.137134070341656e+00, 1.251228588086616e+00, 8.301634967316103e-02, -1.713836748631358e+00, -2.413970576151792e-01, -1.137533673877763e+00, 3.376957313438211e-01, -4.697576859413738e-02, -4.029986555396612e-01, 5.424557963990011e-01, -2.243355514695348e-01, -8.735103227748827e+00, 2.142280572199925e+02, 7.475851594532553e+01, -1.718116505635663e+02, -1.062905049479631e+02, -3.430695899943522e+01, -5.511404621124555e-01, -2.989745328108354e+01, 2.481443949983192e+00, -1.197944779792909e+01, 2.313439582058527e+01, -6.381418412104844e+00, 8.178347672614076e-01, -1.397732524988437e-01, -7.547876032937318e-01, -2.030922283936114e+00, -2.016746516714992e-01, -2.954213250188486e-01, 1.814370148636435e-01, -1.101175632845576e-01, -6.985358611673887e-01, 4.993289053976505e-01, -6.841191799689419e-01, 3.191377310714016e-01, -1.244813010256801e-02, -1.122373734862074e-01, 4.715248546902181e-01, 1.127595882391335e-01, 1.259806367690771e-01, -1.172653529943790e+01, -2.950073781550071e+02, 1.665961036799472e+02, -6.020996383990583e+01, 9.342783936910897e+01, 1.477980170236920e+02, 5.056096946989715e+00, 3.650365740775446e+01, 1.974394683131869e+01, 1.610514513152853e+01, -2.486581070586298e+01, 2.880634029920749e+00, 2.687702756462846e-01, -3.014077915184801e+00, -5.006852561592455e+00, -2.110791436483403e-01, 2.631693341678973e+00, -3.637895182921667e-01, -1.112897973250017e+00, 5.597138019334129e-01, 1.546447244644493e+00, 1.579159391213409e-01, -3.242851029688689e-01, -2.572730139523622e-01, -4.756425402807832e-02, 8.194550913301063e-02, 4.786629689366870e-02, 3.105938039513854e-01, -4.145242266248135e-03, 3.134799258805831e-02, 9.468982249622249e-01, -4.518803598619968e+01, 2.986116155287585e+01, -4.356034450887557e+01, -1.111959919597008e+01, 9.693053970497719e+00, 9.084812838072529e-01, 3.590333209659791e+00, 1.303157399405463e+01, 2.460908347045170e+00, -6.508501013266426e+00, -3.846490155882880e-01, 2.176221365791962e-01, 3.133794267984006e+00, -3.458752917410435e+00, 3.332530898564018e+00, 1.673824852741845e-01, 3.288910215179722e-01, 5.714020952548420e-02, 2.297377183442522e-01, 4.420813450954073e-01, -5.532945947514271e-01, -3.415179320246080e-02, -1.892027727706788e-01, -5.640580058036886e-02, 9.800787735478577e-03, -7.445194570626770e-01, 9.931481503765427e-01, -2.249419768580471e-01, 1.202585074689704e-01, -2.367320833265910e-02, -1.374686730492441e+00, 1.690036361902080e+01, 2.190972297642076e+01, -1.862031129886087e+01, 1.284535950413597e+01, 9.084203055973049e+00, 7.022640178473911e-01, 4.575532400003439e+00, -2.342605418219927e+00, 4.429775687854582e+00, -1.889528115725331e+00, -1.738098553620041e+00, 2.120704603491021e-01, -7.400902618578700e-01, 7.052845424682810e-01, -7.075178838307329e-01, -1.817155602775779e-01, -3.230378517883290e-01, 3.002647716582330e-02, 7.936701170846559e-02, -2.771857984994626e-01, 3.763527961188479e-01, 1.031897089502026e-02, 8.924811544843350e-02, -5.579466978355508e-03, -4.049023181448477e-03, 1.780367716459006e-01, 1.695635406574741e-03, 1.087269220699848e-01, -1.397749641005540e-02, -4.466937678272143e-03, 1.397640991060062e-03, 2.432773429994557e+01, 6.836894314045021e+01, -4.723210583788750e+01, 4.724012613171867e+01, -1.182829047892224e+02, -6.151898179497658e+01, 4.692160988553262e+00, -2.941598166923217e+01, -1.637962808064125e+01, -3.939607551899751e+01, 5.483288413316912e+01, -3.507776063069611e+00, -2.386099641975951e+00, 6.148550147790506e+00, 9.288618242946437e-01, 2.124644083214131e+00, -5.501953887575715e+00, 1.093335708557449e+00, -8.336551283314139e-01, -5.570838943830475e-02, 1.221593180397913e+00, -2.690402875994485e-01, 1.171270533379954e+00, -1.694052254279396e-01, 7.608449268184653e-01, 2.099516604035846e-01, -1.195105693789752e-01, 3.747631835549344e-01, -5.821634388857660e-01, -1.222572158300966e-01, 2.421814557646482e-01, -1.834270273310208e-01, 1.308472411409075e-01, 1.319100446963159e+01, 2.753777760244095e+02, -1.525710696035142e+02, 1.353529287068101e+02, -1.193670242321420e+02, -1.331049985692684e+02, 2.752489812297283e+00, -4.210336926821061e+01, 2.380693278949179e+01, -5.370597229579729e+01, 4.335648931395954e+01, 1.458985117837557e+01, 1.557088657932409e-01, 2.393021397501994e+00, -3.418455514735693e+00, 2.704336438046023e+00, -5.423035293291520e+00, -2.246128948160777e+00, -7.144012143435179e-02, -8.145301743323922e-02, 7.820318830992435e-01, -3.036552475802453e-02, 6.604618028587311e-01, 4.526046599907887e-01, 1.630578536161356e-01, -1.069115048315253e-01, -2.420175813871668e-02, 2.788892430202644e-01, -3.728914116369033e-02, -2.905278953905274e-01, 1.276118590684785e-01, 4.665866593240119e-02, -1.718754885831107e-01, -1.646004914651384e-01, -3.734461226514513e-01, 2.752889003401057e+01, -5.910338832559110e+01, -6.720651601092327e+00, 6.562990365545551e+01, -3.442999542796873e+00, -1.361903721225507e+00, -1.120406542078358e+01, 2.548317037832820e+01, -1.755867445462506e+01, 2.665178904463705e+00, -1.109362151226087e+01, -5.223779419705189e-01, 1.182066088009528e+00, 1.375790556943888e+00, -9.874206363731728e-01, -1.142154570110241e-01, 7.479836672838253e-01, 2.120545209813183e-01, 1.588809586010496e-02, -4.740206172218713e-01, 7.063451380942154e-01, -1.363141694603092e-02, -3.104328715667379e-01, 3.717740676422445e-01, -9.948949488331812e-02, 3.525004610809278e-01, -2.600821777951871e-01, 6.396140078102636e-02, 3.948824068612471e-02, 3.986909874498332e-02, -4.748984584112247e-02, -4.028282553171494e-02, -1.000996531209691e-01, -9.311876230522992e-03, -2.039135073832963e+01, 8.207770458017109e+00, 1.064293021392312e+02, -5.557392229699891e+01, 6.816009817761031e+01, 3.947585634438724e+01, -2.777426882167089e+00, 2.034287667265443e+00, -3.304490043397498e+01, 2.390581947078651e+01, -2.978904292955205e+00, -5.748982085925170e+00, 3.768158777471535e-01, 6.072303247182830e-01, 5.782030631035432e+00, -8.754989924840382e-01, 8.506867720259327e-01, 5.681075970803323e-01, -1.672749722264647e-01, 2.294827622887887e-02, -1.144115628964773e+00, -1.203075739623085e-01, 2.155766680853979e-01, -7.508482431521162e-02, -1.322109202333149e-01, 5.757384515860960e-02, -5.920974300261118e-02, -8.276368255377081e-02, -1.180233175287657e-01, 4.862662310887510e-02, -6.655825513490012e-04, -2.598508260135365e-02, 1.978350898611901e-01, 6.969356011483467e-02, 7.478855067175624e-02, -1.276576280607883e-02, -1.374711311832068e+00, -1.831979204364019e+01, 2.817497145828522e+01, -1.980253100775261e+01, -3.277615269260820e+00, 4.251918347596173e+00, -2.328782747366093e-01, 8.680508717468378e-01, 9.572954699386093e+00, -1.585625272179242e+00, -1.572840817997910e+00, 1.473619557317557e+00, 3.136458194487883e-01, 2.799561654642716e+00, -4.269008895936899e+00, -1.450055827255705e-01, -7.540718381079247e-01, 1.199176990859851e+00, 3.577446998483036e-01, -1.953709888529044e-01, -6.759169161248033e-02, -1.074854249902343e+00, -4.287803340041470e-01, -1.148388702978740e-01, 1.336804604700012e-01, -9.586899377759130e-02, 4.975719304047835e-01, -1.406883699412708e-01, -2.560766399543701e-02, 5.827913373782279e-02, 7.173263437108018e-02, -9.879428539265586e-03, 4.845114854712542e-01, -1.197123182633136e-01, 2.887184293466480e-01, 4.982916416200047e-02, 9.159261821416027e-02, -2.003050586447435e+00, 7.731818391667879e+00, 7.906982359033959e+00, -6.992254210885796e+00, 4.547343322273493e+00, 5.660885651825292e+00, -4.854039119900243e-01, -9.541200436569139e-01, 6.550669625053571e-01, -2.016136648329441e+00, 2.068013714971090e+00, -3.929133923490134e-01, -9.166179120614817e-02, -5.644264294844001e-01, -9.010349555504300e-02, 1.785395271136855e-01, 8.819110723372951e-02, -2.128829515309416e-01, 8.814296220431939e-03, -9.000404309550759e-02, 2.959603166789494e-01, 7.433110335825668e-02, -5.012838402075897e-03, -9.577469453854133e-02, -8.148007782996642e-03, -3.281718675851386e-03, -8.835408985023234e-02, -1.773755136266305e-01, -1.629964833714327e-02, -2.511842459125234e-02, -1.072561894800328e-02, -4.174790807608289e-03, 2.089262540101939e-03, 7.320274374947387e-02, -2.317782544980189e-02, -3.166642449758040e-03, -3.508780718135646e-03, -2.431272316567253e-03, 5.943463164611096e-01, 7.524679864069408e+01, -2.889572256304321e+02, 9.887901379532053e+01, 2.314830900077265e+01, -1.838335725120456e+01, 6.181990626217561e+00, -7.214751033363453e+00, -9.911759184472134e+00, 1.597214936737523e+01, -1.770089550820413e+01, -3.055592832080156e+00, 1.096807408511257e+00, -3.082641365870437e+00, 3.294177287738461e+00, -4.144801765309691e+00, 1.349327084162215e+00, 6.767101726894060e-01, -1.190237074393714e+00, 7.372344169477251e-01, -6.518616151846969e-01, 1.105395370883535e+00, -5.361453718093225e-01, 2.440780249831060e-02, -2.621963587137159e-01, -4.386768010379095e-02, 2.417833098348243e-01, -9.209996828602271e-02, 4.801585445078523e-01, -1.479847637864670e-02, 5.720580901285599e-01, 6.107746402828460e-02, -4.932229178862618e-02, 1.126620329481180e-01, -1.499115416065648e-01, -7.821431948943385e-02, 6.346985846797634e-02, -1.547889530543426e-01, 1.080242580157742e-01, 1.227032416955091e+01, -6.140959466338426e+01, 1.638389433052696e+01, 9.112801274794241e+01, -3.307292779026825e+01, 1.318430226645408e+02, 3.022103524866123e+00, 6.080324888124164e+00, -9.081292124289169e+00, 2.638515315064320e+00, -3.048998901450422e+00, 1.072634120415740e+00, -2.179477042904229e+00, -1.735477075726226e+00, 2.368868451704855e+00, -7.787391481483718e-01, 1.689606883166352e+00, 1.182137945929091e+00, -6.871787445434759e-01, 2.397523138866083e-01, 3.418896510560934e-01, 6.503282826331339e-01, 4.931782100990135e-02, -3.380533207899984e-01, 6.399629222804605e-01, 1.976752503449334e-02, -4.076057468314585e-02, 4.528241687738587e-02, -3.999108804844063e-02, 2.016737618849421e-02, 2.702411393719311e-01, -1.892018012211481e-01, -3.216508967463100e-02, -6.039830992561866e-02, -6.940770742755838e-02, 7.213373370842431e-02, 6.162949235461772e-02, 2.177562608629635e-02, -2.330183255201840e-02, 5.991614982692246e-03, 3.018556431418628e+01, -1.633644889137154e+02, -1.349853814509697e+02, -6.882607305420638e+00, 7.409722299157455e+01, -9.924112222736792e+00, 6.537127420029504e+00, -6.426285309096031e+00, 2.287578115931478e+01, -1.034520304483387e+01, -4.103009289762517e+00, 1.725705095064835e+01, -1.448590338718723e+00, -1.229732406692207e+00, -4.538332753340831e+00, -1.796956582190340e-01, -9.858882261919775e-01, -1.881749478303578e+00, -1.224256990654174e+00, 5.194457310553419e-01, 1.231692529204276e+00, 4.387229373783167e-01, 3.025945550699153e-01, 4.865461207003143e-01, 1.160958903756900e-01, 1.978948784495881e-01, -2.577743126384802e-01, 1.084193160327298e-01, 2.340262525437206e-02, -1.494246128992275e-01, 1.734618005431341e-01, -8.632931112880780e-02, 1.709686231379345e-02, -1.408537156866789e-01, -6.362947247364069e-02, 6.634702059613708e-02, -2.390251118760669e-01, 1.286763014915781e-01, -1.255895972305999e-02, 9.616456529473066e-02, -1.067528901552531e-03, 1.630961248884896e+01, 1.268154300147458e+02, -1.265321562266650e+02, 4.582024116744653e+01, 7.589958184833725e+00, 2.007481609054947e+01, 3.140958494653374e+00, 2.050068663919657e+00, 1.999436931860530e+01, -1.499348511802046e+01, -1.449520903495183e+01, -5.701295515584734e+00, -2.861427658283893e-01, 4.939993665853650e-01, -4.930963322170365e+00, 1.058852182128242e+00, 6.650415207222744e-01, 1.418775140042861e+00, -1.408076681799243e-01, -1.215566359976530e-01, 6.893752734555475e-01, -3.317722504584851e-01, -4.067725341455338e-01, -1.903349698095143e-01, -1.476088022172323e-02, 2.140865880635871e-02, -2.339378542295135e-02, 1.259817775562039e-01, 1.902073734091472e-01, 3.185825653748915e-02, -2.047580007012538e-02, 1.626832428174008e-02, 3.410941194091988e-02, -5.440003920097618e-02, -2.530711666034699e-02, -1.067487470138684e-02, -9.986742007259547e-02, 1.716290006973063e-02, 7.757680173107969e-03, 2.946565312100394e-02, -1.948242038248706e-02, -1.395456612662138e-03, 9.023829780531033e-01, -1.706965517488182e+01, 1.711263679555058e+01, -8.149159964127474e+00, -4.650274038021329e+00, -2.440745674102300e+00, 2.257845139626973e-01, 5.733462522578593e-01, 2.877047734666262e+00, 2.653127960302130e+00, 1.254885923309788e+00, -6.214270416462264e-01, 1.876615305332088e-01, 9.175976076821816e-01, 2.512744101233950e+00, 5.220267258308213e-01, 2.052330536817877e+00, 1.067971466719300e-02, 2.456662250605286e-01, -2.725976769830552e-01, -3.179450059384679e-01, 1.242826320740690e+00, -1.451986443637277e-01, 1.098274240998713e-02, 5.765689738193382e-02, -7.756457753586322e-02, -8.698662964736655e-01, 5.113560831165929e-02, 5.231184276551459e-02, -1.785185650837693e-02, -6.014538125788768e-02, -4.216411220120716e-03, 7.338607813694989e-02, 2.102973259084915e-01, -1.980552165398288e-01, 2.927674616873213e-02, -2.116541229064893e-02, -8.344252333607848e-03, 6.427371664640761e-01, -1.863084381260514e-01, 2.974813131062399e-01, -1.750601500800897e-02, -8.330085763838452e-03, -1.092271533396437e+00, -7.602505396446117e+00, 6.353597028773661e+00, -4.858899446992777e-01, -4.242063012698839e+00, 2.216914657244955e+00, -2.439118189537927e-01, 8.275458389394805e-01, -1.582377558674029e+00, 3.372108913959281e-01, -9.145196015020696e-01, -2.743481331352948e-01, -4.103032292029966e-02, -7.627069248822185e-02, 2.204664295870457e-01, -1.050359301070369e-01, 3.232734208268599e-02, -1.409526431025309e-01, 4.235908747004221e-02, 3.863873341426070e-02, -2.631931472141718e-01, 3.453458140094267e-02, -2.857747174857854e-02, 2.625504623659189e-02, -2.444566022910389e-03, 2.790841990944766e-02, 2.652650365199889e-02, 7.416089469194752e-03, -1.723175901541862e-02, 3.833389730379070e-02, -4.913841354273427e-02, 6.462424701976813e-03, -9.307223977320021e-02, -4.174822641278762e-02, 4.019378141898463e-04, -3.865242265916290e-02, -1.541600542709702e-02, 1.655400501413920e-02, 2.813432360113869e-02, -1.790934275518704e-02, -3.121494885351155e-02, 1.518281617421999e-02, 1.922412437409620e-02, -2.048803516794526e-03, 3.564797914087074e+01, -7.364867558542616e+02, -1.857258100395714e+02, 2.404891866255001e+02, 2.235278142919572e+02, 1.753009938676643e+01, 5.795669419161645e+00, 1.587431309860491e+01, 3.632781517845407e+01, -5.894164616242584e+01, 2.453750254032310e+01, 3.235608873762154e+01, -1.256938274075526e+00, -4.760339814397369e+00, -5.838593067967774e+00, 3.744194366740694e+00, -5.968625214980175e+00, -3.478338936909684e+00, -6.260627322048345e-01, 1.380967666681814e-01, 1.004091168823322e+00, -6.460965257948204e-01, 1.126282510124071e+00, 5.639285153077387e-01, 2.274757957741468e-01, -9.960757714714677e-02, -1.785325847130697e-01, 2.218566564873843e-01, -2.719219671455382e-01, -1.945026423488466e-01, -1.426264247919228e-01, -6.168424167676152e-02, 1.036947624430499e-01, -1.567761314237065e-01, 8.886163445842289e-02, 7.341432070748070e-02, -1.894008320343075e-01, 4.031481651427742e-03, -7.456533419277946e-02, 1.633502174555599e-01, 2.954689620140187e-02, -8.365650973668713e-02, -1.878580175278912e-01, -1.497482606675842e-02, 2.807976138300731e-02, -7.128326667050975e+00, -1.653189647306309e+01, 1.897684375128687e+02, 9.553950062292982e+01, -9.244408326745216e+01, -3.293372074918511e+01, 5.292580434471190e+00, -1.456270813417162e+01, -1.276417648528652e+01, 8.629036989741815e+00, 1.114597046453821e+01, 1.357761261027967e+01, -1.743842588028558e-01, 1.171793972572466e+00, 2.723766988552621e-01, -1.547093581905269e+00, -1.532361608445924e+00, -1.298480496430327e+00, -1.604004785747024e+00, 2.479622546438078e-01, 4.074297067128247e-01, 4.122631437719038e-01, 2.852730964040721e-01, 2.256217968898012e-01, 8.067451218137818e-02, 2.285669683964009e-01, -2.705591282951882e-04, -5.091763727532718e-02, 3.238401061929718e-02, -2.798647564759586e-02, 2.900579884187687e-01, -8.241116077203654e-02, -3.684050010034830e-02, 7.133440313736369e-02, 4.851532007525793e-02, 3.842174502990254e-02, -3.436170123355696e-01, -7.114838991093062e-03, 1.307752945794041e-01, 1.396512282968981e-02, -8.726216722863570e-03, -6.155922083680301e-02, 1.738899381347351e-01, 4.992519784081675e-02, -1.468928996108461e-01, 6.035969266471351e-02, -1.498513676150730e+01, 2.145886090303381e+02, -1.453483308886548e+02, -5.806907961769716e+01, 8.099061649100813e+01, -6.159070643770581e+01, -1.897390044795248e+00, -7.784094082556127e+00, 2.044262770648469e+01, 6.239435270667507e-01, -8.847066228211185e+00, 2.466954610604118e+00, 1.710158873237118e+00, 2.830397415952516e-01, -7.984455720186041e-01, 9.987188185504816e-01, 1.278148006290868e+00, 2.472024528098012e-01, 3.136161901633321e-01, -4.007922014729283e-01, -7.226156534887530e-02, -2.335435829157919e-01, -2.687516454592239e-01, -5.319512381427273e-02, -1.582141647992229e-01, 2.642277912574467e-02, -1.350491146231579e-01, 2.172342247825646e-01, 1.467060155491808e-03, -1.908164040626966e-02, 4.584554080503972e-01, -5.303548337443718e-02, -5.941871471421121e-02, -7.446933695039865e-02, -8.973737730919637e-02, 3.350674867779288e-02, 2.065471470777109e-01, -4.424066051443351e-02, 7.042218546639190e-02, -2.702620559580593e-02, 1.978564363558475e-02, -1.136812123275924e-02, -1.884132867499797e-01, 9.680997226060165e-02, 6.659235289674957e-02, -1.674288843310389e-02, 6.864315421939083e-03, -1.728062903443984e+01, 1.315725809108037e+02, 2.586759052948306e+01, -1.935016594802756e+00, -1.951035141795154e+01, -9.273822297229824e+00, -1.544427003857800e+00, -1.651293919569794e+01, 1.260293551339906e-01, -5.197113762950356e+00, 1.807834757614732e+01, -2.433038425597702e+00, -4.902198267011879e-02, 3.627258311020994e+00, 1.685802605788965e+00, 1.673004648773263e+00, -1.418269724835848e+00, 4.746308401272042e-01, 4.018454004033445e-01, -7.850244774828681e-01, -3.335665683192654e-01, -2.627538738011713e-01, 3.095976898587987e-01, -1.343831243780633e-01, 4.006153892834017e-01, 1.595715514800205e-02, -3.342678627605957e-02, 7.535405879062244e-02, -1.033315194592454e-01, 3.631229314126715e-02, -5.047499297485953e-01, -1.551122639566045e-02, -5.432568675832642e-02, -1.128000757361280e-03, -2.015267980042733e-04, -3.255282328773823e-02, 3.603145931477513e-01, 1.018053408442892e-02, 7.333280362475623e-03, 1.920678528646566e-02, 2.921054570730221e-02, 8.266789478035720e-03, -1.376024990557155e-01, -1.382307114378104e-02, 6.430273329254976e-02, 4.600794768926372e-02, 4.041973269414281e-02, -1.099256520072368e-02, -2.137839202272708e+00, -3.243740249516642e+01, 1.589402556189142e+01, -1.789313473151604e+01, -1.783677904710259e+00, -4.159231141726207e+00, -4.282564770277723e-01, -2.981157154090242e+00, -3.830856365833059e+00, -1.178852499411592e+00, -1.382203947716537e-01, 1.167102835606029e-01, -9.331391292516926e-02, -6.464030120417170e-01, 5.893245696409685e-01, -1.493922475926315e+00, -3.084995016965771e-01, 2.249810814805330e-01, 2.332108311352599e-02, 2.152516902146219e-01, -1.963768409158116e-01, -9.208482378938598e-02, -7.524521105594517e-01, -1.075718292836733e-01, -3.978427908462078e-02, 1.950926646280302e-02, 4.607011698853533e-01, -2.681677609174060e-01, 2.702970467255904e-01, 8.964841597579241e-03, -6.821775718372713e-02, -2.552045858144625e-06, -4.384344815979257e-02, -1.468872789811954e-02, 2.555514140189192e-01, 3.770909119953297e-02, -1.646080643200064e-02, -2.736264876121961e-02, -3.691073762721741e-01, -1.505741550249934e-01, -1.506461013727008e-01, 1.159535612246841e-02, -3.831769090197864e-02, -1.636462610637437e-02, 1.994233024404330e-01, -1.025171212287141e-01, 3.119362571810358e-01, 2.474195587877864e-01, 1.037496154891028e-02, 7.220994240325283e-02, -6.759908025282911e+00, 1.738212970606273e+01, 3.099649056028879e-01, 1.560148448176704e+00, -2.195423056210617e+00, 2.517333456572102e-01, 4.173159532596369e+00, -2.999809881640799e+00, 2.495275336006679e+00, -8.089402911624255e-01, -5.185124404855730e-01, 4.377298567508799e-02, -1.699402986223417e-01, -4.129650216781089e-01, -9.728010940458283e-02, -1.700536529661385e-01, -2.579157928104891e-02, 1.859083985180448e-02, -2.059883112329221e-02, 2.585390720651958e-01, -7.760680347115902e-02, 6.017454198435963e-02, 1.769002254015076e-03, 1.452632542353986e-02, -8.063326917369039e-03, -9.486786427681679e-02, -1.479655637451200e-02, -6.534042976135609e-02, -1.894136842171279e-02, 6.540646837385236e-03, 3.191303677055407e-03, 7.339714201336354e-02, 1.257673710466884e-02, -2.071861791361397e-02, 1.308747640751887e-02, 2.095314835806631e-02, 4.419126577959005e-03, -4.016039318493009e-02, 4.745434203264690e-02, 5.377357487711814e-02, -3.400890820429207e-03, 2.366019333188280e-02, -8.889073710126786e-04, -3.181219125607070e-02, -7.484141488630910e-02, -6.430191085890057e-02, -2.056627370755209e-02, 1.449914075264398e-02, -1.708612755370697e-03, 1.697603247486330e+01, 5.435768055230999e+02, -5.446661004078561e+01, -6.153611372401271e+02, 1.448812060846568e+02, -6.716124381871188e+01, 9.883962211604992e+00, -1.037594817434798e+01, -2.484604234260908e+01, 7.171828738558308e+01, -3.766592190431310e+01, 3.508798109796288e+00, -2.573653079755553e+00, 5.272846054205895e-01, 8.851927909720149e-01, -9.696185053216356e+00, 2.715946959995866e+00, 3.998251782168075e-01, -1.007473524050353e+00, 2.074704762439735e-01, -2.457191168055782e-01, 1.736871328102569e+00, -3.045906721595025e-01, 8.535196789897977e-03, 6.635566461857565e-01, 1.048158461011358e-01, 8.915004060470574e-02, -5.029872007646443e-01, 1.593677819870996e-01, -2.284065031578096e-02, -6.250222916373808e-01, -1.992473331728184e-02, -7.734556992413280e-02, 2.072753018428585e-01, -8.976242466908368e-02, -4.328985902976213e-03, 2.765801371982807e-01, 1.524617821615744e-02, 9.284031925071783e-02, -1.957564461597887e-01, -9.816068029738936e-02, 2.195061243502596e-02, -5.495829698196582e-01, 9.806857991110630e-02, -1.116540422761932e-01, 1.261831416002345e-01, 4.478631601472421e-03, 9.492887687918491e-02, -7.413579964883117e-02, -1.444010980222923e-02, 1.102320273219588e-01, -5.237292243761264e+01, 1.382513559650617e+02, -5.102111132372276e+01, 1.637914001251504e+02, -3.081037785096321e+02, -5.641057581587455e+01, -4.619168890473158e+00, 7.258788135939134e+00, 1.751293003596905e+01, 9.630633649341121e+00, 2.486865637083993e+01, 9.273634679173474e+00, 2.419707055157863e+00, 1.278816736508923e-01, 7.496149439438604e-01, 9.023053554626514e-01, -2.333363971842181e+00, -3.140408359038305e+00, 6.326940402133047e-01, -1.728697062346543e-01, -5.968562830787170e-01, -1.730576963240326e-01, 5.996159180363281e-01, 5.477425136956529e-01, -2.459863014884855e-01, -1.169919229214444e-01, 1.528352794046681e-01, -5.523459001086149e-02, -3.009152463612187e-01, -1.701954568893603e-01, 2.762037653610040e-01, 3.793862602339235e-02, -8.311068917031193e-02, 4.459631620732059e-02, 8.015018223130327e-02, 6.148439046386950e-02, 2.659931428346170e-02, 7.070356612770027e-03, -1.908654739132298e-02, -8.819624732256151e-02, -1.697942127628018e-02, -6.021439288386005e-02, 2.505057407488882e-01, -5.991552778631262e-02, 3.213993050463865e-02, 4.103496222198422e-02, 1.951609239615600e-02, 1.722858909617760e-02, -2.991669932739903e-02, 4.034003158994023e-02, -2.275338274082941e-02, -3.651433184526407e-03, 2.345949568851903e+01, -3.016972297772207e+01, -2.624492447311521e+02, -2.684843737742301e+01, 1.583233729735591e+01, -7.784939587922166e+01, -6.245474329047862e+00, -7.286204798017761e+00, 2.020298953342484e+00, -3.809243939491591e+00, 2.850838614369767e+01, 1.765815010254808e+01, 1.880895603744638e-01, 1.472180174312148e+00, -5.023439124274270e-01, 1.233448768343860e+00, -4.620517227981379e+00, -2.487773443412189e+00, 4.095433503748923e-01, 2.317826919757068e-02, 1.374699800789019e-01, -2.157804704416524e-01, 9.279154343803615e-01, 4.464396720811495e-01, -6.242136444665330e-01, 6.498056467208249e-02, 9.146468367684421e-02, -7.274767950523142e-02, -2.171625071541247e-01, -7.963993137151180e-02, 1.999284450369113e-01, 8.964432397828006e-03, 8.669137477447669e-02, 2.434901648799590e-02, 1.524235603177981e-01, -2.099822081104995e-02, 3.806463631713859e-02, -2.474056071999546e-02, -9.073996737347446e-02, 4.971578035309581e-02, -1.170000972427145e-01, 1.389281146139337e-02, 9.765733093885362e-02, -6.883207783323544e-03, -6.012307087549584e-02, -6.229497786631277e-02, 2.762454606908890e-02, -5.488228778805176e-03, -1.320748996740105e-02, 4.947492008608520e-03, -2.115232939773784e-02, 1.129788294877775e-02, -3.328694813359107e-02, 2.407177909419143e+01, -2.649945923554731e+02, 1.411509873068985e+02, -7.771978211718820e+01, 2.443540048895391e+01, -1.784011415072905e+01, 4.552033914666501e+00, 1.641507054241383e+01, -4.456046980919631e+01, 1.789279695619691e+01, -2.338249396449035e+01, -1.339549709055557e+01, -1.737515538339107e+00, -2.964857743075290e+00, 3.059452795676359e+00, -3.019497700367989e+00, 2.004028202495976e+00, 1.812767689491704e+00, -3.405823544050905e-01, 6.929801674346912e-01, -3.141002366406979e-01, 5.825824270499306e-01, -3.338932567602566e-01, -2.131315423033141e-01, 2.247685729185029e-01, -9.661504223813401e-02, 1.565375792572430e-01, -1.140951262192806e-01, 9.357344738699389e-02, 3.312307378854360e-02, -1.618066451945831e-01, 4.559748154747319e-02, -7.173762751595297e-03, 7.772401818549105e-02, -2.315639654750782e-03, 5.500517177213350e-03, -3.524337214694531e-02, -1.799881716561830e-02, 6.195788524451475e-02, -9.628453575274015e-02, 1.616680803822356e-02, -5.068652007446601e-03, 1.917639558431327e-01, -1.880755763732637e-02, -7.742948258897082e-02, -1.343054291959337e-02, -8.240088721560787e-02, -4.480277146305426e-03, -3.943178057751869e-02, -3.718287541834055e-03, -1.602723695720846e-02, -3.966314960841996e-02, 4.577788247977502e-02, 3.642468880260515e-02, -4.689951122293443e-01, -3.133180833349013e+01, 1.062518042727629e+01, -3.085536619878710e+01, 9.751994013482694e+00, -4.543184683568147e+00, -1.565523489589941e-02, 3.124106758141723e+00, -2.646432521995522e+00, -2.962541959440415e+00, 2.020070756780032e+00, -3.431365524939802e+00, 2.197547530501662e-02, 1.449682297943290e+00, -1.469322412247242e+00, 4.119710350685517e-02, -5.462672276382032e-01, -1.071426007850845e+00, 2.533119711832656e-02, 2.758882049879341e-01, -1.211967806148837e-01, 5.119876524717563e-02, 4.654258973301841e-01, 2.869123004192152e-01, -3.702863968512132e-02, 1.805271625986836e-02, -1.103344725411367e+00, 6.753845776621972e-01, -6.020656470675114e-01, -1.406433698166994e-02, 3.342785382577030e-03, -9.960790434218969e-03, 8.424728329563856e-01, -5.086696055479277e-01, 2.552961222898529e-01, 5.497692894531583e-02, 7.946773671839956e-02, 1.274433259078448e-03, 1.443950511842058e-01, 5.585438761932496e-01, -3.401559046169267e-01, -2.702970416872810e-01, 4.155294091371163e-03, -1.644725259440868e-02, -4.865899273747665e-01, -3.466120024923404e-01, 8.360500515708157e-02, 2.042069350772633e-02, 2.991613792115413e-02, -2.341325737232161e-02, -3.127709635481355e-01, 3.930003784242676e-01, -3.060782921908549e-01, 9.966617866230605e-02, 6.817117265121454e-02, -1.668238786759546e+00, -2.252537127396617e+01, 1.400308563291495e+01, -8.699642468747612e+00, 9.251253939941350e+00, 1.482851315059955e+00, -1.189230062145252e-01, -4.184233307605862e-01, -2.548177698824686e+00, 1.638930532614064e+00, -6.472648818884992e-01, 5.371585776604320e-01, 7.536579871764895e-02, -1.923953653879964e-01, 1.090181568782705e+00, -4.404218940715457e-01, 7.266523806658822e-01, 3.198707013901079e-01, 5.222018602994169e-02, -5.645619255289167e-02, -3.579277012496230e-01, 2.108484067595662e-01, -1.625197641246575e-01, -5.291733200566186e-02, 7.917704996352382e-03, -1.530781191080069e-02, 1.470959105364255e-01, -1.259274370970227e-01, 1.451677328408125e-01, 3.973473094961299e-02, -1.195038305856775e-02, 9.942273105056662e-04, -1.404146887347710e-01, 1.346272049548193e-01, -7.016818585953175e-02, -5.283742281364863e-02, -1.772377640395757e-02, 1.778979959622748e-03, 8.427021955871553e-02, -1.531833948392257e-01, 4.565650546563189e-02, 4.402134221921325e-02, -1.062498896735494e-02, 1.107404782935327e-02, -4.907623651141912e-02, 1.510682389510221e-01, 2.531589100846366e-02, -2.043034989203062e-02, -1.726853323661903e-02, -3.422191720450973e-03, 1.255372865694370e-01, -5.325874148450257e-02, 4.640960450538321e-02, -1.007650637202890e-02, -2.355186911399173e-02, 1.155927723388550e-02, -4.909394612799621e+00, -4.143051466572936e+01, -1.078386558427503e+02, 5.159339548168687e+02, 4.241418994216661e+02, 6.174073842074777e+02, 1.644188445862894e+00, -1.465222720421588e+01, 3.171215365251973e+01, -1.185269197616920e+02, 2.602426250849094e+01, -4.744193638307964e+01, 4.037840168099616e-01, -5.208201843346594e-01, -4.070460265278484e+00, 1.358627552760179e+01, -4.908074085877622e+00, 3.953457256570346e+00, -6.500281878588031e-01, 9.223391007357376e-02, 7.312292354761197e-01, -2.416531642967528e+00, 8.925820199770281e-01, -2.946942330273714e-01, -1.122469528376219e+00, -3.945393471562982e-02, -1.977132316325221e-01, 7.994486900919432e-01, -3.377866206623231e-01, -6.121986090992970e-02, 4.345897383464929e-01, -3.934886229952361e-02, 9.714249925697860e-03, -4.516877603233634e-01, 1.557322047803543e-01, 8.075367750143091e-02, -9.944675612346783e-01, -3.846657672258156e-02, -7.049229380550574e-02, 2.633483610988346e-01, 2.289537526192190e-02, -9.059908089598954e-02, 2.322489014832496e-01, -9.408185392468887e-02, 1.219468347542232e-01, -3.383695846462487e-01, -5.808080162364444e-02, -5.358017159288054e-02, -3.657675973526733e-01, -5.028909671606795e-02, -1.693851672961608e-01, 1.430289242974120e-01, 2.475299928970872e-02, 2.043177445101889e-02, 6.208411901678203e-02, -1.382295235692170e-01, -1.422058794091598e-02, -3.417468474904683e+01, 2.651532394536072e+02, -7.144492374094972e+02, 8.855595878392930e+02, -6.995932239167095e+01, 1.627392428877728e+02, -1.181836756337090e+01, -5.520670971371002e+01, 8.194783231819657e+01, -9.665768711220602e+01, 2.227925550124137e+01, -4.022534741416595e+01, 2.477926354783923e+00, 1.025299191038911e+01, -6.917369347922004e+00, 1.328844659515901e+01, -9.093023851242775e-01, 4.461335853929759e+00, 3.263226083276259e-01, -1.540695985364124e+00, 1.049849599247749e+00, -2.263101939479838e+00, -6.878151423322433e-02, -6.954388661297370e-01, -2.507337140260041e+00, 4.940510924914047e-01, -2.482540141935604e-01, 5.888136852154745e-01, 1.031242477613217e-01, 2.672564946895762e-01, 1.147707317820760e+00, -2.173075556190590e-01, 2.421692945548250e-01, -2.045131699401109e-01, -2.109594449444418e-02, -1.608471216496188e-01, -1.175287023126946e+00, -1.955791434758401e-02, -1.679942958423784e-02, 1.916881083332100e-01, -1.351202601859050e-01, 1.191582000835268e-01, 9.355623818449531e-03, 1.878074081243909e-02, -2.391237959543803e-02, 7.177336569349375e-02, 1.321688374687561e-01, -6.562387970333132e-02, -6.894929502301236e-01, -1.024665018445407e-01, -2.097052492870649e-02, 7.183468797997233e-02, -1.047002489068809e-01, -9.089314645028409e-03, -1.541267459837071e-01, 9.124566166223987e-02, -2.183150554437895e-01, 6.278822384454734e-03, 2.497225852168352e+01, -1.829400582004463e+01, -5.399826821937167e+01, 2.389146139081259e+02, -2.364057347475120e+02, -1.626229358976630e+02, -6.496181141063666e+00, -1.462124680001662e+01, 6.848106019802100e+00, -3.497750301177394e+01, 3.323652498953698e+00, -4.170046895299969e+00, 8.327451472799109e-01, 8.776938979690756e-01, 1.385262093223519e-01, 4.983685431905900e+00, -3.922723272602203e-01, 1.041685723971140e+00, 3.107833488482977e-01, -2.245546386881489e-01, -3.404354925711791e-02, -9.721649443874232e-01, 1.319677773916404e-01, -1.398095658155024e-01, -5.041955437636531e-01, 7.513549828358147e-02, 1.024071570400526e-02, 2.992678059648087e-01, -5.535231383647705e-02, -4.511744903526674e-02, 1.328601810936042e-01, 3.682608247707978e-02, -1.355511632350292e-01, -3.974130742723350e-02, -9.421170290867748e-03, 7.239946440419480e-02, -2.705021633721626e-01, 2.515063814821173e-02, 9.132448210974614e-02, 7.033274248622796e-02, 3.112936797404501e-02, -7.179062773768255e-02, -4.133033731699685e-02, -6.767889441974284e-03, 2.182844032280190e-02, 2.982046005979589e-02, 4.911122631273054e-02, 1.729313572500507e-02, 2.874467648285544e-01, -2.506429766796468e-02, -2.578228726623899e-02, 4.214333230034154e-03, 3.623554296056566e-02, -4.653622343112396e-02, -2.301291889799606e-01, 5.365767837502345e-02, 9.933923064553844e-02, 8.790813732055264e-02, -2.305483156827095e-02, 9.761391508890124e+00, 2.539420272575300e+02, 5.136912402959840e+01, -1.293090091953442e+02, 3.010742989002231e+01, 2.709525115312561e+01, -8.442412702647623e+00, -1.029971943462612e+01, 8.627556305172467e+00, 1.104219250955067e+00, 6.279260304981806e+00, 4.024821988646647e+00, -9.647973177931841e-01, 1.325886321273702e+00, 1.264267874142943e+00, 1.781904682511906e+00, -3.283055778369484e-01, -2.985821891363961e-01, 2.231720714976919e+00, -3.961621799290393e-01, -2.052690766862048e-01, -5.382406729893660e-01, 3.662286185114116e-01, -1.780289220363814e-01, -4.470913262490382e-01, -1.066918292412808e-01, -1.112439010602806e-01, 6.826277241746560e-03, -2.703616990370987e-01, 1.259664472568880e-01, -4.298270256193465e-02, 7.923608612222507e-02, 4.336265429605649e-02, -6.935155386775489e-02, 1.315674862965841e-01, -3.411555818985111e-02, 2.981523489823349e-02, -1.371513648982887e-02, 1.054335074660182e-03, 1.335375260505413e-01, -1.150005249502048e-01, -3.851693296758205e-03, 2.351415559798565e-02, 2.274333518206184e-02, 5.935660483945446e-02, -5.364645868495093e-02, 1.333256251171429e-01, 9.721472877799363e-03, -3.431298262393175e-01, 4.439416441681770e-02, 7.563885465490469e-02, 5.258250069237183e-02, -1.379128844949904e-01, -3.830019966061740e-02, 3.357103723482146e-01, -6.608822288587297e-02, 5.952463651251681e-02, 1.017235490564207e-01, 1.300881983964091e-01, 3.952422942072675e-02, 3.476311460960385e-01, -8.888199883563377e+00, 3.578749585011938e-01, -3.174286509197710e+01, 1.773464699613253e+01, -4.245820203327847e+00, -2.819383552454478e-03, 3.954859598510955e+00, 6.925927392995268e-01, -1.987040556368108e+00, -4.707683318393818e-02, -3.905379303131773e+00, 4.704937469163000e-01, 8.453318158658119e-01, 5.390279386072834e-01, -3.336089850735613e-01, -2.800493079467969e+00, -5.360839220155410e-01, 3.271013464568167e-01, -5.099496975343331e-01, -3.099222357892594e-01, -2.340897616022896e-01, 3.207252938353237e-01, 9.375224475643034e-01, -3.385701158647265e-02, -2.839508854983604e-02, 1.888180260839351e-01, -2.093207951304958e-01, -2.131464985892387e-02, -4.903466975522193e-01, -1.426076761832242e-01, 1.199261212770270e-02, -1.253714206291743e-01, 1.037587487228385e+00, -1.808367171101158e-01, 3.016824789084542e-01, -9.646530939223828e-02, -1.279231082528896e-03, -3.487791955834389e-02, -1.150478975730054e+00, 5.371452549985976e-01, -5.302245563289482e-02, 3.647490398484387e-02, 2.203577512046485e-02, 2.198956306985659e-01, 7.873821567688936e-01, -2.692339758215035e-01, 6.790955289260595e-02, 4.888671581522668e-02, -2.478024828680394e-02, -3.894511454130737e-02, -6.748566498974837e-01, 7.743206911554535e-01, -2.341935682664543e-01, 3.233799327130224e-02, -6.753509575736799e-04, -1.493489498338414e+00, -1.498035862875972e-01, -4.655932198834711e-01, -1.038559830144207e+00, 8.611808840444406e-02, -1.018303784869275e+00, -5.842286753158533e+00, -3.945734239701767e+00, -2.380400118575936e+01, 1.219495392648266e+01, 7.208504363801182e+00, -7.893446349876283e-01, 4.681045663070941e-01, -3.076885677245827e-01, 3.453973804567771e+00, -5.729052928433703e-02, -1.705629169416598e+00, -2.084341806367045e-01, 2.247579106890420e-02, -1.024883102149881e+00, 2.575809373474963e-01, 6.148869964381183e-01, 2.498854887429541e-01, -2.721396452827794e-03, 6.805627076952715e-02, 4.962399937460445e-01, -5.036320060456596e-02, -1.880651945508048e-01, -3.395090795210873e-01, 3.618281208490961e-03, 7.818380568168189e-03, -9.274893749533998e-02, -8.829243829357018e-02, -2.384233568772686e-02, 9.631295145348145e-02, 2.175909166991005e-02, 3.148258344330910e-03, 3.003825738434307e-02, -1.842576856521311e-01, 5.674110637746473e-02, -5.547784615906100e-02, -3.075587584484956e-02, 8.389126449197743e-03, -9.860494177849335e-02, 2.478171353828850e-01, -5.935859031754440e-02, 2.897090257067176e-02, -1.816903050737420e-03, 2.386499620575654e-05, 2.163798647183656e-04, -2.641166266387142e-01, 3.832934005875829e-02, -3.212034528896483e-02, 2.471645493883967e-02, 6.114905455831203e-03, -7.031240474222902e-02, 1.665537332142006e-01, -1.450786810966474e-01, 3.826780636068294e-02, -4.221949097554252e-02, -1.715476886415316e-04, 1.773882283808964e-01, -3.043188940843301e-01, 1.649890181887428e-01, 1.854828421630265e-01, -1.262720484050716e-03, -2.702104935350552e-03, 3.017607252370159e+01, 5.139512708627063e+02, 2.750128076096120e+02, -8.394735294112326e+02, 1.320659738715245e+03, 9.318620744762775e+02, 4.295547637732986e+00, -2.147773048587018e+00, -7.007519614446150e+01, 1.132132514944933e+02, -1.510960188356831e+02, -6.799726063892807e+01, 1.038949913132109e+00, 9.507686593119243e-01, 4.826558861747136e+00, -1.351555255033180e+01, 1.474603529657258e+01, 7.870119669518296e+00, -1.695604817956528e+00, -1.066531724625302e-01, -1.073843822604879e+00, 2.045293716046982e+00, -2.390436444320080e+00, -1.256320326117969e+00, 2.447823661583725e+00, 1.815306223585274e-02, 3.729033277558685e-01, -3.548551026689387e-01, 7.971423082392238e-01, 3.997488271169586e-01, -8.293567508322673e-01, -1.243421766784749e-01, -2.983137134474362e-01, 2.648190094197170e-01, -3.541828599250943e-01, -2.288913282037910e-01, 1.983368293359548e+00, 2.372743557244583e-02, 1.558528610635890e-01, -9.817278375669071e-02, 2.987172374965717e-02, 2.116312076918224e-01, -6.545169054330642e-01, -6.008712272322342e-02, -1.013182415252662e-01, 8.672898080506179e-02, 8.121562521502802e-02, -1.247622712403495e-01, 1.153012005095002e+00, 4.178321746968312e-02, 2.037153218591864e-01, 9.220257781161713e-02, -1.015716773708413e-01, 6.586445805652885e-02, -6.410542096484732e-01, 8.626987740299209e-02, -1.977619309651643e-01, 2.679358408975239e-01, 3.553778132282173e-01, 1.307620632908864e-02, 1.205381772652848e+00, -3.640455478399722e-01, 2.943996866496322e-01, -1.314701910792627e+02, -3.645514775635119e+02, 7.738109512050296e+02, 2.153320281630072e+01, -2.574192721423627e+02, 2.429222194352714e+01, -6.961642600486053e+00, 7.421665230707698e+01, -3.930120309176674e+01, 6.383022363734327e+01, 4.184845922179995e+01, 3.556640413740152e+01, 8.363800440790211e+00, -8.063387900493122e+00, 1.025642270351869e+01, -5.540892721025752e+00, -8.136658525187709e-01, -7.366544083553876e+00, -1.266992917521951e+00, 1.125524967861604e+00, -2.613398666701819e+00, 6.731302968905682e-01, -1.632388040803417e-01, 1.319291180512086e+00, -9.093933353773328e-01, -5.097631245085049e-01, 6.995763756748429e-01, -3.347319955866800e-01, -8.277414141723169e-02, -4.573939305656300e-01, 1.484025982331731e+00, 9.405216514496238e-02, -7.288046898110484e-01, 1.931980346335071e-01, -9.796740984689943e-02, 2.321952066868405e-01, -9.950157755918693e-01, -1.792924680290460e-01, 4.352547426500629e-01, -2.309936237025150e-01, 1.988221314871470e-01, -2.284467360445301e-01, 3.125891085144468e-01, 9.263755064413864e-02, -2.937390185684167e-01, 1.622952673051536e-01, -4.098393227602086e-02, 8.618711511351310e-02, 6.002427808252817e-01, -2.744186615606047e-01, 2.990481126807518e-01, -3.629646886923015e-01, 2.369120390291982e-01, -3.586490981866749e-02, -6.053308954954156e-01, 9.315894873284722e-02, -1.177655964795792e-01, 4.098708493211844e-01, -8.096522136596875e-03, -1.551385503118722e-01, 1.589491616003828e-02, -4.577569335702322e-02, 1.185943646848330e-02, -4.954977805951807e-01, 8.681343576247811e+01, 8.497944807799444e+02, -4.527950673829438e+02, -1.536669043824052e+02, -1.783673940554408e+02, -1.015928772222963e+02, -3.441289949108638e+00, -9.868315595542060e+01, 4.964524085896107e+01, -5.713383247287670e+01, 7.213302052160346e+01, 3.754116393424054e+01, -4.902921661290233e+00, 1.090371169746244e+01, -8.950860465552328e+00, 3.110094462216952e+00, -9.095677182026060e+00, -4.277530217018577e+00, 1.127734289100605e+00, -1.414542092890228e+00, 1.559997561807768e+00, -6.086054897720181e-02, 1.167782589965810e+00, 7.646109187725489e-01, -3.628473320313624e-01, 4.476287431978521e-01, -4.601323973191416e-01, -4.175316754253378e-01, -1.853531697131104e-01, -7.752072671109576e-02, -1.067284914639668e+00, -2.613620438180914e-01, 3.203536904467648e-01, 1.444816607884301e-01, 6.664988139092519e-02, -6.718640670697389e-02, 6.750511242889075e-01, 1.868336889509665e-01, -1.684361957898006e-01, 6.270421005596852e-02, -4.238984653056846e-02, 5.544028973159498e-02, -1.496089187622634e+00, -1.467040909202744e-01, 2.741180725322532e-01, 6.214416859997904e-02, -4.355354123924927e-02, -2.767454787119182e-02, 5.238287929959567e-01, 1.000149670182955e-01, -3.888305737388129e-01, -1.763116049786392e-01, 2.285849488389397e-01, 5.767117996674656e-02, -6.056856592114540e-01, -1.421302906923035e-01, 2.020398282586210e-01, -4.474535862151159e-01, -3.235178384323786e-01, -2.140773142561378e-02, 1.596954627353364e-01, -9.283489524254938e-02, -5.009975733976838e-01, 6.063602896568784e-02, 2.985823534660262e-01, 1.827064733455709e+01, 5.271352764254049e+02, 4.175488461540573e+02, -2.533907732979264e+02, -3.665279486436078e+02, -9.563187382650131e+01, 1.008457733010010e+01, -7.869558944470985e+01, -8.446890878470957e+01, 3.557743177002653e+01, -1.033272457625688e+01, -4.068363141609087e+01, 1.495470577241474e-01, 5.535537818450879e+00, 4.528838378959549e+00, -7.608311104282535e+00, 1.101647318376627e+00, 3.977924202040334e+00, -2.168548463849632e+00, -2.995314101456985e-01, -1.967338925848015e-01, 1.960519271141741e+00, -5.600001263571633e-01, -1.268464555350300e-01, 2.101776224530196e-01, 4.115907255442833e-01, 2.261871908544782e-01, -4.193454550889505e-01, 4.014657902005727e-01, -2.092939015766932e-01, 5.628792290477481e-01, -1.187354511222788e-01, -1.521788313062133e-01, 2.976113563024870e-01, -2.987365125167088e-01, 8.824929529603502e-02, -8.765904754416353e-01, 1.450759680684493e-01, 1.306731685365980e-01, -4.620754785680269e-01, 2.042287557728782e-01, -2.582077481371764e-03, 1.064715907714233e+00, -6.259461959440046e-02, -1.643983838003337e-01, 3.010818906965506e-01, -3.157754953229649e-01, 5.308314508365632e-02, -1.202418592129723e+00, 1.595976637253955e-01, 6.680293074085442e-02, -3.063325699668912e-01, 3.542726636483660e-01, 6.798082760783311e-03, 7.252880230475300e-01, -1.359695784672216e-02, 8.917294573544721e-02, 2.330818681571502e-01, -3.470277621349508e-01, -1.637451411531677e-01, -2.649295494121769e-01, 1.352375754809754e-01, -2.280321803775746e-01, -6.006036175299413e-01, 3.898614285741145e-01, -2.459967166914801e-02, 1.303088441322881e+00, 1.768289624729628e+01, 3.744925689180476e+01, 3.625471284549641e+00, 4.025159415103675e+01, -2.174801253670905e+01, 3.162255898096761e-01, -1.204662373382778e+01, -1.455627879775824e+00, 1.620113707448284e+00, -2.492705027583823e+00, 4.104280808579509e+00, 2.699162007322418e-01, 2.562237751422307e-01, 2.383362088632768e+00, -1.769276132145051e+00, 4.898675586245748e-01, -4.118496599303220e-01, 2.562300194604745e-01, -4.999141817388370e-01, -8.994690445363420e-01, 1.123202572886985e+00, 2.079518814129411e-01, -2.762617342529483e-01, -5.698803889480983e-02, 5.178663849434862e-02, 4.312542236607547e-01, -7.865208612517809e-01, 1.921997387304914e-01, 1.335208929751821e-01, -2.151204022185937e-01, 1.230690902757773e-01, -1.035963456502929e+00, 5.410415743214089e-02, 2.093545379025668e-01, -9.317744390475056e-02, -2.019236626269552e-01, -3.444757095252646e-02, 1.064750755822176e+00, 3.214893201390988e-01, -5.010254416684495e-01, -1.516043148535833e-01, 2.778570916548517e-02, 4.468015728827321e-02, -1.125357856011517e+00, 2.887475883943754e-01, 1.375702494183454e-01, 2.235591120873830e-01, 7.091039925230980e-02, -3.449617917362362e-02, 8.904466610207401e-01, 3.792269214787708e-01, -7.447109340795712e-01, 2.673378089577952e-01, -7.662304339651796e-02, -3.584369654408930e-02, 3.154511548091586e-01, 2.195278124092617e-01, 5.912639453279572e-01, 1.146186708862766e+00, -1.836910610010707e-02, -1.756185465237315e-02, 7.437075570207234e-01, -7.155813286855358e-01, -7.326953745806629e-01, 3.956451220213051e-01, 1.504136425165186e-01, 5.501941842236321e+00, 2.604650727678285e+01, 1.764114280520309e+01, -3.378260493315796e+01, 2.218554806298231e+01, 3.513784812005635e+00, 1.398258446111914e+00, -2.069167390464560e+00, 2.988773927624427e+00, -2.131014911533567e+00, -5.370773954603731e+00, 1.412594620206539e+00, -2.817743615813932e-01, 7.537924472178280e-02, -9.801007611172199e-01, 2.994903214567399e-01, 3.770158574898434e-01, 2.714735384617827e-01, -3.136022141261935e-01, 2.970318843046070e-01, -2.465859329417163e-02, -2.929048815557608e-01, -1.824463393506183e-01, 1.425004613143704e-01, -9.727599159040801e-02, 1.368089088786877e-02, -2.167033890017683e-01, 3.777006460417552e-01, -2.566128842087247e-03, 1.795657883453909e-02, 1.609695099180236e-01, -5.942082463491592e-02, 4.261302216457458e-01, -7.899433233622592e-02, -1.149994175277904e-01, -2.800122308876914e-02, 1.452502264821303e-01, 4.312904611551166e-03, -2.535927152980215e-01, -6.552847229208264e-02, 1.411332880333179e-01, 3.597688639602920e-02, -3.779920513352909e-02, -1.863817257819903e-02, 2.508181405673134e-01, -5.471867572897312e-02, 4.562675864513956e-02, -9.387449658110530e-02, -1.352020690785508e-02, 1.199365977554843e-02, -2.850488847959574e-01, -5.931280712723680e-02, 1.881779369847862e-01, -8.036324129539701e-02, -6.033116268293876e-02, 2.303379975152051e-02, -1.319742583830221e-01, 8.128465073154470e-02, -3.248693918343787e-01, -2.756880986998356e-01, 2.725656563162168e-03, 1.259283443899585e-02, -2.972850048467581e-01, 6.944803878605391e-02, 2.495027501929254e-01, -7.238124546582390e-02, 1.987054837922294e-03, -2.189537343152050e-02, 9.465805720596857e+01, -1.078132285550062e+03, -1.482713852508059e+03, 1.031462892006334e+03, 9.074820899057396e+02, -2.913533435170100e+01, -2.708163226766116e+01, 1.324404693987699e+02, 9.231485758235472e+01, -3.105011787383340e+02, 7.483698842098073e+01, 1.754989888616700e+00, 1.095981222361759e+01, -2.563930068755279e+01, -9.677759315526352e+00, 3.758112020718189e+01, -1.425713353458243e+01, -1.646662174393756e+00, -2.095416969813495e+00, 4.115144466383856e+00, 7.043550705323234e-01, -6.872984486012827e+00, 1.359639540381688e+00, 3.099636982610163e-01, -4.392544902491192e+00, -1.050581071316904e+00, 3.507281018364793e-01, 1.797203212744448e+00, -2.862456630521606e-01, -8.148811245273026e-02, 3.262857779153566e+00, 5.455773361724343e-01, -1.969690927785958e-01, -1.395882835161429e+00, -1.137954856269808e-02, -1.135448076516804e-01, -5.628396457657446e+00, -2.767138907219664e-01, -1.245697790389818e-01, 5.074398047374087e-01, 2.703208641076483e-01, -3.733446016640301e-02, 3.812715047479016e+00, 4.300575148339253e-02, 1.175620537739575e-01, -6.789369953437530e-01, -2.685400594343895e-01, -3.039903385094107e-01, -6.594949919573315e+00, 2.970317465274244e-01, -2.129401157988640e-01, 3.261317440889097e-01, -1.511417366922188e-01, -5.313227441556566e-02, 4.944351020308150e+00, -4.524415476235504e-01, 9.074485847601377e-01, 6.875746942936597e-02, -3.188333125415790e-01, -3.229542583927526e-01, -8.833964695401646e+00, 1.032764167480678e+00, -1.468463806288709e+00, -1.837704695233328e-01, 1.826040138927199e+00, 2.747936896216024e-01, 1.174895480535922e+00, 1.436726171732666e-01, 2.312894127794957e+00, 2.122129234720456e+02, -3.341532031984962e+02, 2.820897245399070e+03, -2.527485835073402e+03, 2.514169566667245e+02, 6.191232018101833e+00, 6.695459856814556e+01, -6.937611052217945e+01, -3.079562946035618e+02, 9.000179229590347e+01, -4.237674513237093e+01, -5.108931613079418e+01, -2.252753695879959e+01, 3.052759956354987e+00, 1.663996835527799e+01, -1.804359535261529e+01, -6.742277909738440e+00, 1.396779135088777e+01, -9.844197393524367e-01, 6.260951290748644e-02, -1.197828155728658e+00, 3.463817497492994e+00, 1.804331586213165e+00, -2.422217697258330e+00, 9.518826314360597e+00, 7.920138154957106e-02, 7.438259500820522e-02, -1.019879184097558e+00, -3.102257191803046e-01, 5.933947596715499e-01, -5.106845807845323e+00, -1.236467013671651e-01, 7.177297805510201e-01, 4.502322589684994e-01, 1.574501827018436e-01, -2.473060571540110e-01, 7.015693862263671e+00, 7.140929620512274e-02, -2.618747147912102e-01, 3.064552367016792e-02, -5.104127013801408e-01, 3.076839698951322e-01, -2.671284994327051e+00, 8.757882294787421e-02, 4.068882893639353e-01, -5.593574171531179e-02, 9.007384491640795e-02, 9.204268468736886e-03, 3.724959373748097e+00, 1.390375700329281e-01, -2.023191107606400e-01, 5.560814083420552e-01, -9.069113282173662e-02, 1.381285982097757e-01, 8.247716965471401e-01, -2.039576385394854e-01, -5.382284199208835e-01, -1.366422542570160e+00, 1.069728434585108e+00, 5.710984145382985e-01, 3.003753067697481e+00, 1.371139929474715e-01, 5.629864264993564e-01, 1.539197969692011e+00, -9.056165745309824e-01, 1.790726233668753e-01, 3.694204967609840e-01, -4.477420617365441e-01, 3.213197765288105e-01, -2.255931267926906e+00, -2.061899805404671e+02, -1.600271948994118e+03, 5.192121621977371e+02, 3.067689983897744e+02, -1.110490383769987e+02, -4.798361375225670e+02, -1.084609404967828e+01, 3.141633207582801e+02, -8.861748065220957e+01, 2.375292249009782e+02, -2.283236231358298e+02, -1.378722023644847e+01, 1.283255050288794e+01, -3.212893816070535e+01, 1.888984675805938e+01, -1.968870883145556e+01, 3.769271714541573e+01, 1.138222854807716e+00, -1.421981656428892e+00, 4.391459157448164e+00, -3.743927945917660e+00, 2.884508229945721e+00, -6.762948141186495e+00, -5.021526835707621e-01, -9.632637993933049e-01, -1.273120203472047e+00, 7.528975677523015e-01, -1.412106176833770e-01, 1.549090016372081e+00, 9.293823003250712e-03, 3.596748672664861e+00, 2.876488515376726e-01, -4.997061038730313e-01, -1.959144757507027e-01, -7.562371195019030e-01, 2.130730468364491e-01, -1.682273367247325e+00, -3.766676196052761e-01, 3.506756417378285e-01, -1.786783869890566e-01, 4.927255977429280e-01, -2.454679601573401e-02, 2.885537137248240e+00, 8.338118339224850e-02, -2.128069349955343e-01, 2.691367516684525e-01, -3.379536118183816e-01, -2.116700708793690e-02, 1.080609551969404e+00, -5.698330898749695e-01, 1.779431511568349e-01, -4.297699139664598e-01, 2.494768161038525e-01, 1.627100066510349e-01, -4.327980180140826e-01, 4.058543659335455e-01, -8.665033000067917e-01, 6.386703019551254e-01, -2.166431374711636e-01, -5.065617227746859e-01, 1.750593437522440e+00, -5.684261064114914e-01, -7.245535647997708e-02, -4.846336773923209e-01, -2.688963049734039e-01, 1.382723233648114e-01, -9.656677333702042e-01, 7.311793851691494e-01, -1.028308049842824e+00, 1.080434461786350e+00, 9.493796551460150e-01, -9.379804173006387e+01, -1.910261626234883e+03, 3.433571959372779e+02, 1.083463571455997e+03, -1.410426296812425e+02, 1.667060870500337e+02, -3.219703424744098e+01, 1.580798881340941e+02, 5.137083732515040e+01, -1.067055601904733e+02, 1.167653276715915e+02, 5.083645807692758e+01, 8.590629614080452e+00, -1.105866052219353e+01, 5.667723846688741e+00, 1.915905148614913e+01, -1.276851933797141e+01, -1.002716496108882e+01, 3.984832504970186e+00, 7.149608246457210e-01, -1.910107750836180e+00, -4.282642872378668e+00, 3.235377784562067e+00, 1.672207544396751e+00, -3.183265168323314e+00, -4.311585983963020e-01, 4.704505349742417e-01, 1.133092132315390e+00, -1.470284023683505e+00, -3.196867786333968e-01, 2.386988747755213e+00, 2.591068833387445e-01, -1.218366370448870e-01, -4.176241068220392e-01, 9.059643499112718e-01, 1.545285362797664e-01, -2.290052409962029e+00, 5.439017124413585e-02, -8.279919084400761e-02, 4.315305712487936e-01, -4.801094712097727e-01, -1.799385961184688e-01, 2.006593482967337e+00, -6.903259867743195e-03, 1.328997305163798e-01, -6.500569625829513e-01, 3.372083188499197e-01, 2.142831792367182e-02, -1.058427615090619e+00, -9.570380519363894e-03, 2.171627907199884e-01, 7.080626004846325e-01, -6.714248076296135e-01, -3.239551704928458e-02, 9.088619220361505e-01, 5.898659128012583e-03, -3.635135301203456e-02, -6.578578100506839e-01, 8.008128325808220e-01, 1.402001361941566e-01, -1.058555015768916e+00, 2.562276007375822e-01, -2.209488324647973e-01, 1.676337057023843e+00, -1.013388597044849e+00, 1.965677688775094e-02, 5.460466008137539e-01, -4.521237693987510e-01, 6.271733344091541e-01, -2.846470416113395e+00, 2.060787330750601e+00, -5.749975483493248e-01, -3.949865893447801e+00, -5.373314902481233e+01, 1.945816994805465e+01, -2.554285720510448e+01, 1.236655972954096e+01, -1.473927173046881e+01, -1.877294973924475e+00, -1.631837636494584e+01, -1.999531257395248e+01, 1.492831402852321e+01, -9.171712922765160e+00, 5.434122190869301e+00, -1.496239624013386e+00, 6.812991522991818e+00, 5.009178327731485e+00, -3.903706928656665e-02, -9.784638591088335e-02, -4.449577981100158e-01, -4.132767453925905e-01, 7.474766752650557e-01, -1.667960460705879e+00, -8.156783866837455e-01, -9.770219856476231e-01, 2.066373208814653e-01, -3.741307865556162e-01, 1.043440070108630e-01, -3.172542739348917e-01, 9.187842313502951e-01, -1.266927974125168e-02, 1.160761846368452e-01, -4.775450433223886e-01, 1.662448072713447e-01, 4.178334852233862e-01, 3.587271389775813e-01, 8.343591937145952e-03, -1.742675194482297e-01, -4.341364884539901e-03, -1.046562976976773e-02, -2.921347845610365e-01, 1.386212579881822e-01, 2.383578929604781e-01, -1.832608010621944e-02, 3.191934313790135e-01, -7.925991261585327e-02, 2.653195077042662e-01, -9.722635012095162e-01, 2.305487848562627e-01, -5.106235468751753e-01, 2.336875365603606e-01, -9.705406556331050e-02, -6.918237023087781e-01, 2.827176572703654e-01, 7.224028940871270e-01, 3.783942118570032e-01, 3.603955506693037e-01, -1.360571184890844e-02, -5.655065545247940e-01, -1.708164985092186e+00, -9.199009864021563e-01, -2.011837600579691e+00, 2.245204082628051e-01, -1.155422907222440e-01, 3.490514840273140e-01, 1.916676652494812e+00, -9.374836292543834e-02, 1.506567517968928e+00, 2.035473190090577e-01, -5.815678109229792e-01, -3.258017572769948e+00, -8.899537260740120e-01, 5.760501031930499e+00, -3.639144722484637e+00, 1.182432615473437e+00, -7.175347259809723e-01, 4.733451849773738e+01, 4.374787789420341e+01, -1.167118804925682e+02, 3.490190550504633e+01, 2.107563208424998e+01, 1.290846242412115e+00, 2.564009137307180e+01, -1.770293346778321e+01, 1.341116610767362e+01, 1.018013383698519e+01, -3.800264243552570e+00, 3.699885426297611e-01, -4.656845043517320e+00, -1.805385787784732e+00, -2.951140660179160e+00, 3.738817924886336e-01, -7.470652081270780e-02, 6.318634924209569e-01, -6.203028687045075e-01, 1.197237039570355e+00, 1.227735642902261e+00, 2.654811939582447e-01, -2.660145992607283e-01, 3.183395684022328e-01, 3.926913188628128e-02, -4.563707022408375e-02, -9.927621192011259e-01, -4.965728545725517e-02, -1.235385246412157e-01, -5.878709662502147e-02, -1.281168876287567e-01, -7.735867048504502e-02, 4.105867324828057e-02, 4.954652339744434e-02, 1.027907380286523e-01, -4.014824289714627e-02, 8.709761356880875e-02, 1.106309084759432e-01, -3.233989573647351e-01, -3.540349217839491e-02, 1.839853600262982e-03, -1.589803683496147e-01, 2.234709492703453e-02, -3.530471853795736e-01, 6.549863756479728e-01, -2.046506725596086e-01, 2.656280658079230e-01, -2.426946014802150e-01, 1.129547531249060e-01, 4.767570094184630e-01, -1.494017883898094e-01, -2.499440095653124e-01, -1.994953660549665e-01, -2.232965893349180e-01, 2.389475107227295e-03, -5.368772994714576e-01, 1.438885714859953e-01, 6.261496721970505e-01, 1.135841073270837e+00, -4.028944432479730e-01, 1.190356368880417e-01, 4.625692879458541e-01, -1.308916980281803e+00, -4.019382751909543e-01, -5.641094781193761e-01, -1.538173740257173e-02, 4.028773320284088e-01, -4.953630429151479e-01, 3.428758434281496e+00, -3.307778901797369e+00, 2.926930330465682e+00, -6.743250652980183e-01, 2.640298200780094e-01, 8.751204008162556e+02, -7.187903860503784e+03, 1.434333646513307e+04, 7.119640562226450e+02, -9.254897995346477e+03, 1.748813038652217e+02, -2.642677032105784e+02, 2.309542791170064e+02, -9.823303104175424e+02, 3.221392232857677e+02, 5.112206729421207e+01, -1.895060581583483e+02, -1.300391548188004e+01, 1.293335114879044e+01, 1.011813404875393e+02, -2.415680111481250e+01, 2.752206379073487e+01, 2.781069680413673e+01, 2.960724696694422e+01, -9.024245282340320e-01, -1.033617103651137e+01, 7.405449555691699e+00, -2.715642403884698e+00, -7.131976984505976e+00, -2.283328421003886e+01, 6.305507572851280e-01, 2.290233930800574e+00, -2.440365838770485e+00, 5.067182592005417e-01, 2.494822937264820e+00, 1.105790261349637e+01, -1.481166835260171e-01, 4.633452615086177e-01, 1.925590832026511e+00, -1.956119757070716e-01, -1.005827112200800e+00, -1.496768420924423e+01, 8.066508031433695e-01, 1.687971268494661e-01, -1.120430966688928e+00, 6.864696465646758e-01, 1.022875709258094e+00, 1.125821984974122e+01, -6.099455554210258e-01, -3.484342021124836e-01, 1.371193882193108e+00, -7.284141808658048e-01, -1.520200131659689e-01, -1.718568239552615e+01, 8.181403885637927e-01, -3.397673535000400e-02, -1.243416599282576e+00, 1.188942359385659e-01, -6.551128837226533e-01, 1.095837926375567e+01, -7.113736489570388e-02, 4.405058204485993e-02, 2.215397230207878e+00, -8.288351296515248e-01, 9.966816961834047e-01, -1.385077384086425e+01, 1.823172555523474e-02, 7.807058235094470e-01, -1.699447855097120e+00, 5.691935872530205e-01, -2.805076240492120e+00, 9.326059332340307e+00, -1.825129790292903e-01, -7.227597671444228e+00, -1.993499060187752e-01, -4.482453707645361e+00, 6.633459202148800e-01, -9.295276044481584e+00, 6.008006544934952e+00, 2.372751098793557e-01, -4.055773785367809e+02, 9.274981520505531e+03, -2.601655390604515e+03, 3.071799683727880e+03, 5.602230882648605e+01, 4.247267403066860e+03, 2.562461816733702e+01, -2.654208639086880e+02, 2.809487247584652e+02, -4.930433607898922e+01, -2.140802214136127e+02, -3.036755243237246e+02, 2.797760037358055e+01, -7.309578798397421e+00, -9.946446939801410e+00, -1.342275354278695e+01, 4.608879468225543e+01, 2.088532692388341e+01, -8.009765968954332e+00, 1.136640053504946e+00, -3.217499966502468e+00, 1.748805090128979e+00, -1.190897890331910e+01, -1.468115902379369e+00, -2.481711980511723e+00, -5.658394140638525e-01, 1.551898912435793e+00, 4.263934710298408e-01, 3.107254894929500e+00, 3.396510609436650e-01, 3.392571959514209e+00, 3.382200859897834e-01, -2.431582391137075e+00, -1.088409724330180e+00, -1.262633517390827e+00, -1.778758611787492e-01, -6.141318443649777e+00, 2.033259356957108e-02, 1.996353190532892e-01, 5.086294898286666e-01, 1.297721765707158e+00, 1.132246690126068e-03, 4.871236319836634e+00, -1.091326039506056e-01, -6.237599385912864e-02, -1.889559440405067e+00, -1.232429886061208e+00, -4.145561549064309e-02, -6.652772215309227e+00, 2.668689677636740e-01, 4.928530530903649e-01, 6.389322731099450e-01, 9.437293572741193e-01, 1.248929589288484e-01, 1.954135441936923e+00, 3.730271013914584e-01, 1.704057286625067e+00, 1.472690268410881e+00, -9.415731166186816e-01, -8.553715798044593e-01, -8.912198827745518e+00, 9.547705807865940e-01, -3.216147706630394e+00, -2.127372384314476e+00, 4.929559468318269e+00, -2.015461147359086e+00, 5.005907888716091e+00, -4.620317999460706e-01, -2.092426852318981e+00, 3.351473332500630e+00, -2.961204519280316e+00, 3.368758301227477e+00, -5.331577509545642e+00, 4.447753070672548e+00, -1.114179919314756e+01, -9.785794676977789e+00, 6.068670193870481e+00, -6.166164378259991e+03, 2.116420100795607e+03, 5.062198250818489e+02, -1.379353914443776e+03, -1.289808601560432e+03, 2.340617651625871e+01, 3.373482278833897e+02, -4.715298055973208e+02, -2.022901903930432e+02, 2.778928702242970e+02, -1.004826113626204e+02, -1.490163501879605e+01, -2.869584700034795e+01, 5.723458931202862e+01, 1.785277935362491e+01, -3.367715828145843e+01, 1.615997574761585e+01, 9.078451400945792e-01, 5.646853773001975e+00, -8.363347668697873e+00, -1.366951881821878e+00, 7.293262073855982e+00, -2.193823288391906e+00, 2.358130871253257e+00, -1.748461654795748e+00, 2.290573844352182e+00, -6.624330842826476e-01, -1.592050256457697e+00, 5.307402559241737e-01, -6.146448432094822e+00, 1.271580090608651e+00, -4.335416065274172e-03, 5.302739207229283e-01, 9.227002084408653e-01, -5.084486081429239e-01, 3.754369060761086e+00, -8.919105332080016e-01, 4.395227249375259e-01, -1.994081024467257e-01, -4.653420104544083e-01, 5.126090503773102e-01, -4.364416860562571e+00, 8.017303170059020e-01, -5.923788086755506e-01, -3.874866633729006e-01, 6.646023478164438e-01, -4.200673166893675e-01, -1.850760598145094e+00, 4.229646785077297e-02, 1.030516298335042e+00, -1.969273032578755e-01, -1.099260471388725e-01, 1.072122603647462e-02, 3.352248376863072e+00, -4.976675499011427e-01, 2.208329610441645e-01, -4.068591049065039e-01, 1.099703592385140e+00, 6.082518166088803e-01, -6.814261063890651e+00, 9.343370024439401e-01, -3.189673903906415e-01, 8.738668397994577e-01, 1.649316523655828e+00, 2.349177308127492e-01, 7.774713211444252e+00, -1.845918170629669e+00, 2.175548890825273e-01, -6.414986548279819e+00, -6.299561675906274e+00, -2.448415837038159e+00, -7.759004905281016e+00, 8.150778096461528e+00, 4.027764502337523e+00, -1.290462458840825e-02, 4.626207199294506e+00, 8.611978144269028e+02, 6.816460944505956e+03, -5.578226170385195e+03, 7.069942863102752e+02, -1.324065443228277e+03, -5.522699788351512e+02, -2.842336365621812e+01, -6.426715935110484e+02, 1.637978963937457e+02, -2.799348799008651e+02, -8.410179916907659e+01, -1.125112033810377e+02, -3.627379882854531e+01, 5.202573665436994e+01, -3.993166365669616e+01, 9.363348709356034e+00, -1.543279346863295e-01, 1.699113677992182e+01, 1.126745884012219e+01, -5.707664010061119e+00, 8.620142329857543e+00, 1.016104436491861e-01, -1.225306706626212e+00, -2.346736649940512e+00, -2.684015198859099e+00, 1.232347597614693e+00, -2.324583441814585e+00, -2.717476000334427e-01, 1.401481011717856e+00, 4.643839263092666e-01, 4.896734143519361e-01, -8.809904599253300e-01, 3.674831925400222e-02, 3.199406148138886e-01, -1.022226455521344e+00, -4.604415397019807e-01, 6.595567246134422e-01, 2.608636879878455e-01, 6.208633041979510e-01, -3.331782283987970e-02, 9.649562394983474e-01, -1.679675067613664e-02, -2.535368010419467e+00, -2.466744847669028e-01, -2.995186732151858e-01, 1.361671886200164e+00, -7.695506842142940e-01, 8.385252850082586e-02, 1.150103934704413e+00, 2.853996239901567e-01, 4.312954197733821e-02, -4.376502981469919e-02, 1.265668787709255e+00, 6.352938598210568e-02, -3.466320580882665e+00, -1.959883742814036e-01, -3.857675673373407e-01, 1.044063774715359e+00, -8.456215932397811e-01, 1.986520932215712e-01, 4.880879358283846e+00, -6.186250343121256e-01, 5.769542175463832e-01, -3.709754954979777e+00, 1.406608425320258e+00, -5.226880629821361e-01, -7.998701515167451e+00, 2.252104801517516e+00, 3.719513252617519e+00, 9.041777180049751e+00, -7.438772879798061e+00, 1.931458455806193e+00, 5.995262094713791e+00, -8.634087532902923e+00, 2.798489597133412e+00, 1.262429345951245e+00, 1.410902175466626e+01, -3.244146403380872e+00, -4.314851783485470e-01, -8.491029452862611e+00, 5.625792593771248e+00, -6.802024311288413e+00, 2.654588880521463e-01, -1.218044069014074e+00, -3.541025032620712e-02, -1.133375754632552e+00, 1.261726106476443e-01, 6.656996368436123e-02, -1.071952252719038e+00, -1.486137971910041e-01, 5.777730676075593e-02, -2.783958926961087e-01, 3.224232474743755e-01, 5.091086422954041e-02, -2.584099243668959e-01, 1.102647975083791e-02, 6.046783168521213e-02, -1.455203408851167e-01, 7.247557509169665e-01, -4.216566002288760e-02, 3.638129083691866e-02, -1.015419486875330e-02, 1.765492181929621e-03, -1.677425531966735e-02, 4.501050277596724e-01, -3.453946157235390e-01, -6.288471755706079e-02, -1.590650292831561e-02, -1.379618490006485e-02, 5.490740118984133e-03, -5.903942008269699e-02, -5.315365677411901e-02, -2.084897330568201e-01, 1.824076490456023e-02, 3.124330667396585e-04, 2.760620889769056e-04, -2.599677371303735e-01, 2.964689295962230e-01, 2.215361582092562e-01, 9.620337241418850e-02, -1.330065136632563e-02, -7.808525411278379e-03, 7.257571695223684e-01, -1.675953545740452e-02, -1.509575056807194e-01, -7.358086616896692e-02, 1.239253610573840e-03, 1.641564124746891e-03, 3.397026274751058e-01, -2.040114591362464e-01, -4.730270284759053e-02, -3.289981995720068e-02, 2.522458844092735e-02, -7.547411226122994e-04, 1.086153683029567e+00, 1.153265295903011e+00, 3.752442321247494e-01, 1.250402251509598e-01, 1.612708107081840e-02, 1.200024062340280e-02, -1.832169950385285e+00, 5.266494271509958e-03, 8.998805858092782e-01, -2.103648283027394e-02, 2.518769560749341e-04, 4.183235147716240e-02, 3.901095039207784e+00, -4.655836255450921e+00, -2.264424738115733e+00, 1.365652231233546e-01, 1.885401605023209e-02, -3.390292620524187e-02, 8.547819417557015e+00, 4.465787111697382e+00, 3.564808920061956e+00, -5.054719972130028e-02, 1.350340669443003e-03, -8.012542308085623e-02, 5.362605270848034e-02, 2.418898809245712e+00, 5.815901176137035e-02, 7.814706884893744e-01, -7.763101657291735e-02, 6.127528178347093e-03, -7.465783873605629e-02, 2.979753994301996e-01, 3.439000577871979e-01, -3.270831445629659e-01, 3.543819929180244e-03, 4.388638877604911e-03, -4.409260372075426e-02, 2.351753373692140e-01, 5.382190145312340e-02, -3.449135376739971e-02, 2.101655063867657e-02, 4.304274365126359e-03, 6.779815317285111e-03, -6.694313382370437e-02, -2.586800745551244e-02, 6.244948335926787e-02, 9.643155291190931e-03, 2.490796516585000e-03, -2.503070264959219e-03, 2.758277568034488e-02, 6.392532055116718e-02, 8.971187089004542e-03, 3.854298775357321e-04, 2.561150318793614e-03, 2.062863780625401e-04, -2.274265089781597e-02, -2.621617045306656e-02, 1.613376425096337e-02, 7.373624501047251e-03, 8.195389337390917e-04, 5.202574007196056e-04, 4.774891185331770e-03, -4.212290467586997e-03, -3.473222646852515e-02, -8.242794912382580e-04, -1.267329185011205e-03, -3.451871072022904e-03, 3.886837191294654e-03, -2.383905133446557e-03, -3.714733642669334e-03, 1.473031988829931e-02, 1.773075528120232e-03, -7.679487531761560e-04, -2.528866681253889e-02, -5.540486594264633e-03, -1.417597837077125e-03, 5.113161397657474e-03, 3.400585655314895e-03, -7.241492047751814e-04, 5.195416482907145e-02, 4.209397458940661e-02, -2.553766621355048e-02, -2.073442795583779e-02, 4.857473882788543e-03, -1.965187389382289e-03, 3.539385565799950e-02, 5.969650895674367e-02, 1.707176053266143e-02, -4.866256747073533e-02, 4.210545121174366e-03, -7.277855685073218e-03, -6.514226018979827e-02, -5.227214019210182e-02, 1.135815973755282e-01, -6.186538598257215e-02, 7.266903570501230e-03, -2.693657731182135e-03, -2.941377436246642e-01, -1.829255268938670e-01, -1.320595181655198e-01, 1.881407900234564e-01, 1.183345827663753e-03, -1.068258207960190e-04, -6.591732810407643e+00, 1.782824757012724e+02, 5.481202975579341e+00, -9.558472793532852e+01, 5.795470528093708e+01, 3.593240327505116e+01, -3.432032861279620e+00, -2.882366786316940e+01, 2.934203585579219e+01, 7.811332207121958e+00, 1.033280990632772e+00, 6.341279886202856e+00, -5.842345605691255e-01, 4.601573157339002e+00, -4.116837932616103e+00, 5.749647282271331e-01, 9.555695547135290e-01, -1.294602971375719e+00, 4.857748726303178e-01, -6.205377543186722e-01, 1.095012498453820e+00, 2.595483230656072e-02, -1.501962934463406e-01, 1.149372068667810e-01, 3.628552124774432e-01, 3.449386562389401e-02, -4.112494551486865e-01, -1.648531655807809e-01, 4.424403281658597e-03, -4.996130061114178e-02, 9.797814969793385e-02, -7.317666540693661e-02, 3.222113805245579e-02, 6.002929435458380e-02, -4.368276086129504e-03, 8.258456593373631e-02, -6.139413772786094e-02, 3.838501744286212e-02, -1.157785278298774e-01, 7.229125671850660e-03, 4.528827651935249e-02, -7.277755239453448e-02, 3.785970591615820e-01, -5.893144590853119e-02, 1.259599543461994e-01, -1.623706695378120e-02, 2.706187756233050e-02, 3.880817208213490e-02, -9.734485832562173e-02, 4.412624232726672e-02, -9.276282840714213e-02, 8.532488907174356e-02, -2.423082853188668e-02, -3.566090836570642e-02, 2.239070728028553e-01, -3.633546909040661e-02, 1.948809831040576e-01, -7.354912545637414e-02, 7.406955332498208e-02, -5.161501898146627e-02, -5.585235925374954e-02, 6.673359798015295e-02, -6.538346616554037e-02, 2.393669335640209e-01, -5.300171975803507e-02, -4.996377723051362e-02, 2.336353782466954e-01, -9.869980316640331e-02, 1.300153968035172e-01, -5.591961323646777e-01, 2.990848471644697e-01, -3.423588245548685e-01, 4.424496642950469e-01, -2.429675699924051e-01, -6.446864553918583e-01, 4.351008063201878e-01, -1.042188972977547e+00, 3.013105497763052e-01, -1.144090308852331e-01, -3.076119497520103e-03, 2.778375468490116e-02, 5.232796037313800e+00, 1.962535325677403e+02, -5.854577697981933e+01, -6.252395192221918e-01, -3.890354027193325e+01, 1.198090780782908e+01, 3.870541534970719e+00, -2.229809345950700e+01, -1.258898139912860e+01, 8.866941705369136e+00, -3.718657713535872e+00, -9.073199707067376e+00, -2.173063750983095e-01, 1.982169536419508e+00, 6.323984254416548e-01, -2.246693960026978e+00, 2.648366337629815e-01, 1.711248616912251e+00, -4.858844455769477e-01, -4.763484308285958e-01, 3.056093777839443e-02, 3.269852706788503e-01, -2.203841856066027e-01, -3.181347859988344e-01, 4.469250915458807e-01, 1.460979355403496e-01, -7.238127002994588e-02, -6.640307191981540e-02, 6.873740057130485e-02, 1.099568289879922e-01, -1.426285322696607e-01, -9.453559565912481e-02, 1.963248690412856e-02, 8.334690336469561e-03, -9.245413384007685e-02, -3.151259388577217e-02, -1.270482449964172e-01, 8.505120420211650e-02, -6.818131310074635e-02, 4.308024654117534e-02, 6.226379598443977e-03, 2.032188480064624e-03, 6.395024499084649e-02, -2.613102216977824e-02, 1.307799852307799e-01, -4.286881559030071e-02, -5.732826899265935e-02, 3.488447202534012e-02, -1.412137209803096e-01, 3.448722532083304e-02, -2.250432566252381e-02, 4.581055442674231e-02, 1.167814511656345e-02, -3.195878072299808e-02, -8.644385856019153e-02, 1.514279050373525e-02, 1.238816162643337e-01, -3.972558031538512e-02, -1.770830102000354e-02, -4.986731206722442e-02, 1.156603382454376e-01, 3.414281675450384e-03, -1.929232945426128e-01, 1.096838115871656e-01, 1.751328703194049e-01, 8.753590682339452e-02, -4.631074270672427e-01, 1.224096984409928e-01, 6.921169305269485e-02, 2.301830352646937e-01, -1.718883567412841e-01, -5.440787036294333e-03, 4.434397302550426e-01, -2.063497452570160e-01, -2.023744995483024e-01, -2.431870905048944e-01, 2.838140896026520e-01, -3.748553827402560e-01, 9.997616052155968e-02, -2.086463858718102e-02, -4.671251218304111e-02, -3.910345763515729e-03, -4.670749044763391e+00, 2.625640612089916e+01, -1.000125236451071e+01, -8.017179052722238e+01, 3.436150267461524e+01, -2.577749858315299e+01, -1.417886223382604e+00, 7.976712385277870e+00, -8.168500027724974e+00, 1.185089125708852e+01, -1.038754829488012e+01, -4.787608453942233e+00, -5.289870608357328e-04, -9.286284293091801e-01, 2.169374683085710e+00, -1.161368020169920e+00, 2.023835059232585e+00, 8.235350847645715e-01, 5.908385379290128e-02, 1.630579725375301e-01, -2.054120339163617e-01, 3.168414638908727e-01, -2.648948947729752e-01, -1.816572252895219e-01, 7.223117011618332e-02, -5.762044462116532e-02, -3.733224960416651e-02, -1.108910941432164e-01, 3.530116728968664e-02, 3.561983964929975e-02, -5.543743204590732e-03, 1.252887045595747e-02, 1.064522851486818e-02, -3.480719158495256e-02, -3.409440839318360e-02, 8.667299182244095e-03, 2.420453600109555e-02, -2.124604678978752e-02, 6.100405817204567e-03, -4.029046582779595e-02, 2.793907169336671e-02, -1.643701515342133e-02, 3.302086297281269e-03, 1.246093479606084e-02, -4.109497425825970e-02, 3.533204533683451e-03, -1.937072102094859e-03, -1.338400066273931e-02, -4.432197027133678e-02, 1.096787787562438e-02, 3.855015855802924e-02, -3.330314644658410e-02, -8.605004006437040e-04, 2.067528908402440e-02, 5.188715148545040e-02, -2.469801609748955e-02, -5.112058615285195e-02, 3.839119020366030e-02, -1.101697174978262e-02, -1.360893293180705e-02, -4.760607121996613e-02, 4.614923808545909e-02, -1.962718882174862e-02, -7.923269337007920e-02, 3.094512492589285e-02, 3.352976897847212e-02, 6.912690530027693e-02, -5.817365067892089e-02, -2.559303955507436e-02, 1.992989119884870e-01, -1.884460799671406e-02, -2.911029516470839e-02, 3.896490720928925e-02, 2.022690919643127e-03, -4.775872377767004e-02, -8.762517172986956e-02, -2.691179593190832e-01, -9.812080701691007e-02, 3.563110710555849e-02, -8.057169668702058e-03, 1.465216553736476e-02, 6.146714302523396e-02, 1.041460439447775e-02, -2.278636374903216e+00, -3.428769973489834e+01, 1.484840487891913e+01, 2.310497681290108e+01, 1.498846409101571e+01, 3.059003981316766e+01, -1.010547696035599e-01, 3.608371311939693e+00, 3.006425635085304e+00, -2.666557858630234e+00, 3.403340961494258e+00, 2.659521586634074e+00, 1.668065901099839e-01, 1.189180880754946e-03, 3.763941430157819e-02, -4.422363790300899e-02, -5.404382213008996e-01, -4.546026631618392e-01, -1.657822292176909e-03, -8.878771543245387e-03, -8.079613190794724e-02, 8.280930477713330e-02, 6.606586228915566e-02, 7.750367489370658e-02, -4.633111816602074e-02, 3.636819028076829e-02, 9.897577873483408e-02, -4.662062864116082e-02, 8.677552652383003e-03, -5.959933549516430e-03, -1.908300420904378e-04, 9.319836021101010e-03, -2.137792663783144e-02, 3.727334947870121e-02, -2.533075428354371e-02, -8.279024296407467e-03, 6.846682292421190e-02, 2.743130081208927e-03, -9.896691790541082e-04, -1.072361219047106e-02, 4.639416963771159e-04, 1.005700432055209e-02, -5.574803226726908e-03, 4.724630879933017e-03, 3.286591795142101e-02, 1.592540720026715e-02, 2.597895061401016e-03, -3.741396658855195e-03, 1.870406422305210e-02, 8.607042919064821e-03, -2.426641413004367e-02, 5.795614353002248e-03, 1.148065458913610e-02, -6.978276282876407e-04, 6.870198857392215e-02, -3.009852285876861e-03, 1.017437534423449e-02, -2.526837519308190e-02, -2.444777645815588e-02, 1.018730163951360e-02, -2.641154614700125e-02, 1.163707151632573e-02, 1.133144897806204e-02, 4.578837539987458e-02, -1.514363659940611e-03, 1.379382990941410e-03, 2.571928763243896e-02, 4.639151142018171e-03, 9.854473367877717e-02, -4.079087590992429e-02, -3.947133189570013e-02, 1.109376089406773e-01, 5.134250295048113e-02, 1.497259005450508e-02, -3.004000169736815e-01, 9.670163148022534e-03, 5.642965848211749e-02, 9.928112835774926e-02, -5.863485340569088e-02, -6.899446916353136e-04, -8.484906094719434e-03, -5.487301808818389e-03, -2.263536813862994e-03, -2.074530107994660e-03]
