elements:      [Ag]
cutoff:        6.0
pair_type:     gaussian
feature_type:  gtinv
model_type:    4
max_p:         2
max_l:         8

gtinv_order:   4
gtinv_maxl:    [8, 6, 2]
gtinv_sym:     [0, 0, 0]
gtinv_version: 1

electrostatic: 0
mass:          [107.9]

n_pair_params: 6
pair_params:
- [0.5, 0.0]
- [0.5, 1.0]
- [0.5, 2.0]
- [0.5, 3.0]
- [0.5, 4.0]
- [0.0, 0.0]

n_type_pairs: 1
type_pairs:
- atom_type_pair:      [0, 0]
  pair_params_indices: [0, 1, 2, 3, 4, 5]

type_full:    1
type_indices: [0]

n_coeffs: 2148
coeffs: [4.562997266569875e-01, 6.058258954225747e+00, 5.054789341741726e+01, 1.311395518252726e+01, 1.826574822223189e+01, -1.857169900474516e+01, -1.996574291985257e+01, -1.701420873497874e+01, -3.902083016593064e+00, -3.051547526396085e+00, 8.165244265011333e+00, 7.178443461881648e+01, 1.530071920881058e+01, -7.897403265562618e+00, -7.320421517178437e+00, -6.743113019786509e+00, 3.702926128337931e+00, 2.670144332403309e+02, 1.119554306990390e+02, 1.946678742036281e+02, 3.720726320438754e+01, -4.735845583759303e+01, 1.497185823080842e+02, 8.984769280167671e+01, -5.569780873925779e+01, -7.598192816506197e+01, -4.275254754486846e+01, 4.057628797052302e+01, -6.079384074958138e+01, 7.054081636635424e+01, -6.689077911677515e+01, -4.153174787915752e+01, -3.554823243324878e+01, -2.487998431238334e+01, 8.679833447484101e+01, 2.795019412560704e+01, 6.018440120997295e+01, 4.857413954121918e+00, -6.683186775592927e+01, -9.470056712842637e-01, 3.639646321914655e+01, 9.510705645348253e+01, 9.201534055134486e+01, 4.356767260248573e+01, 1.328848296040535e+02, -4.603024284086565e+01, -3.745796106571713e+03, 1.758313750116926e+01, -1.047088174051997e+02, -5.763110172065814e+01, -6.380618267399615e+01, 1.223661770398896e+02, -4.367222252221540e+01, -3.253067019665271e-01, 2.411957139864302e-01, 9.080331239439194e-01, 1.341196766559283e+00, 1.372586779593372e+00, -2.144673051766968e+00, -9.536386993963567e-01, -4.500261545681687e-01, -4.846975742576207e-01, 6.732463059402742e-02, 2.839816640442301e-01, 1.191232278890293e+00, -1.877871715866684e+00, 9.615700156713203e-01, -4.420711420196450e-01, -3.033618457760201e-01, 5.383330130565327e-01, -2.161736240370348e+01, 9.189903199846858e+00, -4.153656109939535e+00, 2.331018354234227e+00, 1.813579117440182e+00, -3.398341562706346e+00, -3.757460322707327e+00, -5.963833269923742e-01, -9.831377290607454e-01, -5.195737846692713e-01, 2.466697887998943e-01, 1.642783471671418e+00, -7.573689028475005e-01, 3.233893051926410e+00, -1.661177629806448e-01, 7.881526727352635e-01, -7.252795475395958e-02, 9.533297108648059e-02, -2.324509132017502e-01, -2.835067314340053e-01, -8.915153675682548e-02, 1.214043707432315e-01, -3.533624827735458e-02, 3.072752614491898e-01, -2.108357556150853e+00, -2.992394667396797e+00, 2.873140039680615e+01, 7.395727641933665e+00, -1.067861186535158e+00, -8.689917882714315e+01, -1.013353170538703e+01, 3.285960948093808e+00, 2.880971010602419e+00, 3.189662242262084e+00, -6.117067826252563e+00, 2.183169206919348e+00, -1.765214225315498e-01, 1.717753172787891e-02, -2.971759210192193e+00, 9.223584053470687e-01, -2.026522020379352e-01, 1.422376954536715e-01, -3.961907198177918e-02, 4.050198386881176e-02, 1.571667332814921e-02, -2.224404886562063e-02, -1.425602068201859e-02, 1.809551593608041e+00, 3.421829683249326e-01, 9.020423554858423e-02, -5.120240772695029e-02, 7.342933942074865e-03, -8.966898506463842e-04, 1.662019909582801e+00, -1.686998044434660e+00, -1.970179262615227e-01, -3.012833559791979e-01, -7.572089127096718e-02, 1.672696856753969e+00, 8.907622365008135e-01, 3.653817922666309e-01, 3.103057651636361e-01, -4.048693122221967e-01, 4.200912723579935e-03, -9.637327283028041e-02, 2.370066942149808e-02, 8.957304760593073e-02, 7.452395358975336e-02, 1.246772735285975e-01, 2.291062712458024e-02, -8.057029128294708e-02, -7.149963281100601e-03, -1.864695501769055e-02, 1.470437781213916e-02, -3.231017051522971e-03, -1.506826115996100e-03, -3.302321608427689e-02, -8.426758991788726e-01, 3.618493705444668e-01, -1.475356089803410e+00, -1.034279044872956e+00, -2.823784447339634e-02, -2.297821452206905e+00, 5.377792251374856e-01, -1.326510358232613e+00, -7.745343216784049e-03, -8.573859074415338e-03, 1.644477069637589e-02, -5.870152178080714e-03, -1.199603256421486e-01, 1.431537226382318e-02, -6.694294298505412e-01, -1.465042550192152e+00, 1.077063123310833e-01, 4.258928278389882e-01, 3.158242338175939e-01, 4.869214471927458e-02, -2.147308532179219e-02, -3.197445408408375e-03, 2.922416545359961e-03, 2.808019408537230e-01, -4.148468662370967e-01, 7.008741664903820e-02, -7.832282983731927e-02, -5.208190903512646e-02, 1.447683704843927e-02, 1.231247451657393e+00, 2.679593437520398e-01, 3.951222365816855e-02, 4.131800745350453e-02, 2.210250032039190e-02, -2.674490947587153e-01, 3.787006912596055e-03, 3.012690359126959e-02, 8.730432958138671e-03, -1.535886894942288e-02, -1.417826839861816e-02, 1.258580264378276e-02, -6.572660960893797e-03, 4.120884277364976e-02, 1.932786847047741e-03, -4.621639852903924e-03, -9.098866730875768e-03, -3.205827484079731e-03, 8.082487476417494e-04, 3.781780443786674e-03, -5.591173684208957e-03, -3.301876181286063e-03, -2.190507442218355e-03, -9.637730332174566e-04, -2.001949822068370e-01, 1.208494493975895e-01, -6.481147700923641e-01, 7.330382381859567e-02, -2.112804469075082e-02, -1.719400490508365e+00, 4.141407983708987e-01, -2.043120172100132e-01, 1.164926759158607e-01, 1.289753396595579e-01, -2.473451182776506e-01, 8.827696436707477e-02, -1.872009430764059e-01, 6.784684095505020e-03, 8.469828266186763e-01, 1.562800034980591e-01, -8.138503928270122e-02, 1.476840406068662e-01, 2.730280492918110e-01, 1.527181999779156e-01, 3.509687424290216e-02, 6.098661197737919e-03, 1.044611663374628e-02, -8.450833640191784e-02, -4.773179835374128e-01, 1.768698610922628e-01, -6.518727776859162e-02, -8.711143484402468e-02, 3.962109456693805e-02, -3.208131300972697e-01, -2.105414640079029e-01, -8.275903091405659e-02, -1.793602125575776e-02, -2.546642525308876e-04, -5.009559798154811e-01, 8.758083821627964e-02, -7.745083362474249e-02, 1.349407167564641e-02, -4.466457349891751e-02, -7.753453637162756e-03, 1.316241700416255e-02, 6.500696805984537e-05, 5.152059657569796e-03, 5.248452587895845e-03, -1.030090322626821e-02, -4.622831103337174e-03, -1.528341744772144e-02, 6.981372231306016e-03, 1.329273051020604e-02, 1.425191920333610e-03, -5.595656653298348e-03, -1.022423081496952e-03, -3.163679590659384e-03, 1.336202611902261e-02, 8.460939608188062e-02, 1.904055454327265e-01, 4.390857476110558e-01, -4.681259106823109e-02, -3.809505057313556e+00, 1.280030783756125e-01, 1.214361123941475e-01, -4.030169436823314e-02, -4.462105268688202e-02, 8.557160971277918e-02, -3.054128976397777e-02, -9.124649677535739e-02, 1.099519229684867e-03, 1.223061078520611e+00, -5.474986008983540e-01, -4.146930697492183e-01, -2.105848458071389e-02, -7.242697129777717e-03, 5.728529794462053e-02, 6.598945413822074e-02, 2.205669535018367e-02, 4.858042437235013e-04, -1.035794759252028e-01, -1.337077918264004e-01, -9.666236326424139e-03, -1.126803101407618e-02, 1.232210554358694e-02, -2.843010224747220e-04, 9.888688970933861e-01, 2.447503826666347e-01, 3.718311428474518e-02, -3.882026484934682e-02, -1.505213897702274e-02, -8.378494491345302e-02, -1.399272723364417e-01, -7.142001066256869e-02, -4.189382076912122e-02, 3.594056951668616e-02, 2.962571392104369e-03, -4.728600421991551e-03, -1.167676737201506e-03, -3.219678815105646e-02, -1.525344075647007e-02, 1.274337944194355e-02, 6.817640605568669e-03, 2.458609938380298e-03, -2.903313894149283e-03, -8.200914502452424e-03, 1.919697391983958e-04, 4.451018818893461e-03, 1.788615169925015e-03, -5.703211111372741e-04, 2.061044234454672e-02, -4.072662235777703e-03, -5.459314782291717e-01, 5.056258464452884e-03, 2.418424834640563e-02, 1.968024836899745e+00, 1.833282567175221e-01, -9.223885967499119e-02, -1.879902205141297e-03, -2.081184684181388e-03, 3.991163269196065e-03, -1.424562604920066e-03, 6.058259152248667e+00, 8.165259210889422e+00, 3.639647507489025e+01, 7.178443569782173e+01, 9.510705948394831e+01, 6.117764027549742e+01, -1.530071855295552e+01, -9.201533358731029e+01, -3.816912865259292e+01, -3.715147556143476e+01, -7.897403882571884e+00, -4.729047523382996e+01, -9.856506475930384e+00, -5.167675360316935e+01, -6.206148049930063e+01, -7.320419708484484e+00, 9.766665156239792e+00, -8.807765580110111e+00, 3.278167318382449e+01, 3.978285939702166e+01, -2.055454007936689e+01, -6.743110679322426e+00, 1.259554135802712e+02, -4.682819378788862e+01, 1.630456393702321e+01, 3.049140660501511e+01, 1.989459356885816e+00, -2.415325825342207e+01, -3.702919099707738e+00, -2.391476511409891e+01, 5.538094781226312e+01, 2.545077243052679e+01, 2.792868310952176e+01, -5.643731871286531e+01, 1.588417960978550e+01, -1.769944499076910e+01, -2.649809720162608e+00, -5.426255619951743e+01, 3.590397791873342e+01, 2.998218982943792e+01, -1.011598621104441e+01, 2.243462378371979e+01, 2.288047860067833e+00, -1.151455147084211e+01, -7.406551730878728e+00, -4.470244898308336e+00, -7.418603218461638e+01, 3.387514080465964e+01, 2.497532720240206e+01, -6.284186453064396e+00, -1.203268645203349e+01, -2.059917945462991e+01, -2.256748350044662e+01, 3.223392930908732e+01, -5.708274974506290e+00, 1.614084510624626e+00, 3.539520589149050e+00, 4.241858633916773e+01, -1.067045368678032e+01, 2.380362037077125e+00, -6.113942059536305e+00, -5.786763359518121e+00, -3.215493667679839e+00, -1.497424167258721e+00, -1.032137252583347e+00, 2.411956987976626e-01, 1.412892992379826e+00, 4.962669489812966e+00, 5.325122341303756e+01, -3.384939480590182e+01, -5.731279055724537e+00, -4.858032820119361e+00, 2.118294862817727e+01, -5.167043709771066e+00, -2.920147936195577e+00, -1.349585426972323e+01, 2.839810096219014e-01, 3.072737834008806e-01, 4.658953247910560e+00, -8.691868546713263e-01, 7.325317358186425e+01, -1.826691359421197e+01, -1.552573460982848e+01, -5.701072263394388e+00, 1.716487501972207e+01, 4.206717683089669e+00, 1.422678892293044e+01, 1.729668253012448e+01, 1.191231951956888e+00, -2.108359372102884e+00, 1.419268293490635e+00, 2.938322194760277e+00, 1.345619887306975e+01, 6.593104809379366e-01, -1.061046862397763e+01, -1.741039648215427e+01, 8.346240813983329e+00, 5.129993920120562e-02, 8.110155509393193e+00, 1.240305331546655e+01, 4.931478987755851e+00, 1.877873684231703e+00, 2.992394516022753e+00, 4.147784023505111e+00, 1.857196565335629e+00, 7.710058685097410e-01, -1.199158981570577e+01, 2.172740775193000e+01, -2.449130271067822e+01, -3.339664831615073e+01, 1.754009408430321e+01, 1.929087245726562e+00, 9.099574078916131e+00, 1.711852493036276e+00, -6.153126746791054e+00, 9.615709246071973e-01, -1.826920814522701e+00, -4.910221676555100e+00, -5.743492985731054e+00, 1.310115907051063e+00, -2.095596605911152e+00, -2.557460348807618e-01, -5.734941572885408e+01, 3.180255805604108e+00, 4.853729503157967e+00, 3.237167890376869e+00, -3.097528122961200e+00, -3.381354776305853e+00, 9.950691144236158e+00, 6.584098723545870e+00, -4.420724377676541e-01, 2.270140756459628e-01, -3.250176734100536e+00, -6.773731845365563e-01, 2.729120115549721e+00, 8.568850318041226e-01, -3.327884649083898e+00, 2.613944811692432e+01, -4.924713113096700e+01, 9.971844827985555e+00, 1.227185852203266e+01, 1.849407858077188e+01, -4.443719588292763e+00, 6.543429264265987e+00, 1.165939911967138e+01, 2.133670501118853e+00, -3.033614155566823e-01, -1.842173525449417e-01, 4.603234048359621e+00, 1.686941356841984e+00, -8.628379504864074e-01, -1.934017762606876e-01, 7.649860285389875e-01, -1.876021307543209e+00, -6.814275079624849e-01, -8.053491078395725e-01, -1.094360624158389e+01, 2.692861768658155e-02, -2.021461438043696e+01, 3.105449490174707e+00, 1.581761190596973e+00, 2.529676831828847e-01, 5.522978751250903e+00, -5.383354485344165e-01, -1.011381339228644e+00, -1.374111675528943e-01, -4.228351478253623e-01, -9.051198817818897e-01, 1.890102749748513e+00, -8.738455064238330e-01, -1.109839941571332e+00, 6.184484802226428e-01, -6.389167228590485e+00, 2.381934146338810e+01, 9.752480695750647e+00, -5.904357046002238e+00, 5.160733585422065e+00, -8.817836550651672e+00, -1.624122239680006e+00, -9.798963050154823e-01, 8.107060067980496e+00, -2.216514968716745e-02, 1.310292144945310e+00, 2.214579237638738e+00, -4.012697538212596e-01, 6.934353012299136e-01, 8.823137425659189e-01, 1.044950017479116e+00, -5.268025210112256e-01, 7.826450139065132e-01, 4.873619543810824e-01, -2.274560085894215e+01, 9.856658706455418e-01, 3.989491559058566e+00, -2.443592746311587e-01, -3.382913229546039e+00, -1.654774224691543e+00, -6.843967534611124e+00, 4.245597722325781e+00, -4.154549590607608e-02, 8.758660918136814e-02, 1.091398658261303e+00, 3.321194092701869e+00, 3.882527137044657e-01, 5.144062399062700e-01, 1.520960433262797e+00, 1.316490655022136e+00, 7.604342691969440e-02, -6.079883150031038e-01, 1.966338076520016e-01, 5.561985760273788e-01, -6.870542855904662e-01, 2.857084485100604e+01, -9.642210542678406e+00, 4.717722354263439e+00, -4.905521930964969e+00, -4.245760690935646e+00, -1.403607043928955e+00, -1.218080742545647e+00, -1.345453130760638e-01, 6.179438736182215e-02, -4.207223727746828e-02, 4.601131858481988e-01, 1.297315354966948e+00, 5.104947664627643e-01, -1.322323858533724e-01, 8.801430085575643e-02, -1.038119853662294e-01, -4.096076304221038e-02, 2.289686588529340e-03, 1.717753209225642e-02, -2.415155336210734e-01, 6.644734638590898e-01, 2.404384173210283e+01, -2.539191263695422e+01, 1.695263214799555e+00, -2.419719025473264e+00, 2.089699816757187e+00, 3.276279616969120e+00, -2.435764580971624e+00, -1.733523596287419e+00, -4.624097685089970e-02, -1.798196295147413e-01, -1.670414611526270e+00, 1.449403294553648e+00, -4.542620059335972e-01, 5.381342092659022e-01, -4.630893075423857e-02, 2.957291121207548e-01, 1.604045099230360e-02, -1.805080453097099e-03, -1.425592414450827e-02, -3.302319667652469e-02, 6.725441682876190e+00, -9.464352573791382e+01, 9.322614599903036e+01, -5.241155334907488e+01, -2.069004164982404e+00, -4.241736235655258e+00, 2.224713537620888e+00, -2.709620681438027e+01, -1.824570759994831e+00, -8.966461113666863e+00, 3.078840261557640e+00, -5.965341414904757e+00, -6.939704157535985e+00, 1.710338375909990e+00, 3.378467183041912e+00, -2.291063984338009e+00, 2.813445273170901e-02, 9.136467447568455e-01, -1.714344064676335e+00, -6.998715009579559e-01, 1.809551321872609e+00, -8.426747914249693e-01, 3.752783753262738e-02, -3.600205234770605e+00, 2.849627277816306e+01, -1.523329461018339e+01, -3.794759035270721e+01, 9.348791478841703e+00, 1.787562707069793e+01, -1.955433766766912e+01, 1.222948245341885e+01, 3.045001634085327e+00, 1.578103638043929e+01, -1.233324206142636e+00, 1.388997255772985e-01, 5.140967400940894e+00, -1.066863569904375e+00, 2.673326231978854e+00, 1.039625627835522e+00, 1.102477643223992e+00, -1.003164343812213e-01, -2.726539834520758e-01, -1.151171309583579e+00, -3.421834081337230e-01, -3.618492731915467e-01, -6.910052779195431e-01, -4.992712944517906e-03, 1.690521435303764e+00, 8.689460622335703e+00, 5.934100646047678e+01, -1.307291594427525e+01, -1.745776616689680e+01, -1.623592245798456e+00, -1.157186616593942e+01, -9.955455499430804e-01, -2.616457972785319e+00, 1.427271155156253e+00, 2.973754892561891e-01, -1.923823634969057e-02, 1.812602677290668e+00, -2.021757433885781e+00, 2.257196793980103e+00, -1.579666942127953e+00, 5.323990078260484e-01, 4.055930447654328e-01, 1.571731646560689e-01, 1.920682276410067e-01, 9.020432048668763e-02, -1.615154761166702e-01, -1.768663507812567e-01, -2.159838134310588e-01, -2.690695581738606e-01, -1.009543689299320e+00, 4.946292726593311e+00, -5.530873078493158e+01, 1.452397194737372e+01, -7.678461758171307e+00, -4.403332586686798e+00, 8.105939893218505e+00, -4.271718983013152e+00, -2.249754627171166e+00, -5.249882024415446e+00, -1.590343536977646e-01, -9.200984710044664e-02, 4.201066314892704e+00, -1.235518041929304e-01, -1.112775788469284e-01, 9.623399861174173e-03, -3.742789684065599e-01, -4.357482536340865e-01, -4.198996202414040e-02, -1.432856651790315e-01, -5.120229636764752e-02, 9.299533462433136e-02, 3.082822434706201e-01, -6.427954653120044e-02, 3.266109991542702e-01, -3.292194468757074e-02, -1.943917713951267e+00, 6.977334248157514e+00, -2.632509548451396e+01, 1.310548262667518e+01, 8.771992747597682e+00, 6.340020952270896e-01, 5.601989534942862e+00, -1.359881445544493e+00, -7.364745153019577e+00, 1.567253535523752e+00, -2.948927896733140e-02, -4.658479845927918e-01, -6.311315001895455e-02, -6.709610435420080e-01, -2.921518881566880e-01, -1.095387164230291e-01, -4.474153691828766e-01, -1.073468142263605e-01, 1.482746293780327e-02, -3.816838917019368e-01, 7.342951062133386e-03, 2.489543484944479e-02, 2.455073287780538e-01, 1.380022063659308e-01, 9.162307476936375e-02, -1.056253805142671e-01, 7.264932367926041e-04, -3.370785788624333e-01, 8.209907283719799e+00, -3.216583670140137e+01, 8.368027313391437e+00, 4.179803816582870e+00, 2.034714431202620e+00, -3.202479655703073e+00, 3.569620041399228e-01, 1.063821755126880e+00, -2.610908531035183e+00, -5.974852162160024e-03, -4.695924309064443e-01, 1.079553289244827e+00, -3.100260134939121e-01, -2.066782145736852e-02, -1.032267473101387e-01, 2.169780787477890e-01, 1.735732192565690e-01, -5.373989940810855e-02, -4.142113994227769e-02, 8.966462202288463e-04, 2.115995056648746e-02, -2.836567891279567e-02, 1.497575833702193e-01, 1.935120097986639e-02, -1.390690597237145e-02, -2.097807511120603e-02, -8.462185752744942e-03, 1.623984810769825e-01, 1.210687713155610e-02, -1.127221777586907e+01, 1.768451011995337e+00, -6.063341767838260e+00, -5.530355868322774e+00, 3.237688100635233e+00, 1.173762374551404e+00, 1.459517829480462e+00, -6.043386404812623e+00, -2.574419657637896e-02, -2.428200009238870e-01, -4.810895483062113e-01, -9.477205401351736e-02, 2.000863791227959e-01, 1.449478531501625e-01, -3.065774093013547e-01, -4.355449216805697e-02, -4.344935456386824e-01, 4.172910161749525e-01, -1.897564422061111e-02, -1.501311746741833e-03, 3.748576208364498e-01, 1.464894625035855e-01, 5.318076467809871e-03, -7.420500285668427e-02, 2.218317789835435e-02, 4.554074571241797e-02, 6.304037536392743e-02, -1.070925213857368e-02, -1.819106395600738e-01, -4.881455639307621e+00, -1.245614415694568e+01, -1.348458744372414e+00, -4.905002370793614e+00, -1.958135064086333e+00, -1.147920630696448e+00, -1.178255078114631e+00, -2.905194956499135e+00, -6.942774754146600e-02, 2.386613661488221e-01, -5.871678246004126e-01, 5.279363231207400e-01, -2.916549548049416e-01, 1.377121418304688e-01, -1.233832996324585e-01, 2.138142704488580e-02, -1.173704469475211e-02, 4.285615585389568e-02, -7.652819839893929e-03, -2.278836721776209e-02, 1.844471705379597e-01, 1.611648978974216e-01, 4.452606717841515e-02, -3.666453693849845e-02, 5.740877187612285e-02, 2.257854481001866e-02, -1.571846860634311e-02, 2.614197130390498e-03, 2.151258002338212e-01, -3.722166606606184e+00, 2.095799641803401e+01, -8.727499731131374e+00, 3.488703165451274e+00, -3.667356733869163e+00, -3.211805714225174e+00, 4.628492767550947e-01, -5.044115539015673e-01, -3.667175717710646e-01, 3.319786130999559e-02, -1.559813900829208e-01, -1.843399073165690e-01, 6.786259351145668e-01, 2.953815488784958e-03, -2.004355585490342e-02, 3.138071753391326e-02, 1.161583968490278e-01, 2.584972283730009e-01, -8.330731165422657e-02, 1.418015326252831e-02, -8.744025332949986e-03, 6.966696425678897e-01, 1.751251653401048e-01, -4.325860979740206e-02, -3.092793550960971e-02, -4.025230615736052e-02, -1.079491731256859e-02, 2.232959080509906e-02, -4.941438046159738e-03, 1.431537235858812e-02, 7.474119309140556e-02, 4.220235387958502e+00, 9.397293220382913e+00, -1.556135669552843e+01, 2.173757954436989e-03, 6.451299922501070e-01, 7.934032547530794e-01, 4.877476186761335e-01, -1.360066769337643e+00, -8.325076202224384e-02, -6.417749004162390e-05, 5.175048352541090e-02, -1.423396473889866e+00, 9.205935319092902e-01, 2.846322700483125e-02, 1.466283931579338e-01, 1.224545183785375e-01, -4.644929590040090e-02, -5.215846231199239e-02, 2.203413822872075e-02, 1.155115008824205e-04, -6.161057473838193e-03, -4.414859303151277e-01, -3.501954319853882e-01, -8.785562324896736e-03, 1.891852507345886e-02, 3.444470354194353e-02, 1.663962386491924e-02, 1.038612060900050e-02, 9.633549252449200e-03, 2.922416498118132e-03, -9.637672382331776e-04, -4.231468732781514e+00, -8.312432303568620e+01, 1.113347854385859e+01, 3.881619006121841e+01, 2.677114353168639e+00, -1.068144022833042e+01, -2.313655890847264e+00, 3.950989817727688e+00, 3.091320010823220e+01, 9.053145657363132e+00, -1.133642157202370e+00, 3.951962575345181e+00, 5.201959880966217e-01, -8.845729849932902e-01, -2.022082567039263e+00, -1.128341642859599e+00, 6.166564257602927e-01, -4.233489379140303e-01, -1.410786925853393e+00, -5.357003329132040e-01, 1.183454763342115e-02, -4.562715259795192e-01, -9.548585185004957e-01, -5.434664824466973e-03, -2.820077836060451e-01, 4.499369344413911e-01, -4.205959823894889e-02, 1.035638724046325e-01, 1.533124350800215e-01, 4.902223785107585e-02, 2.808023617905325e-01, -2.001949996021857e-01, 2.808069989370611e-02, -1.222217506157477e+00, -3.286821631275589e+01, 4.529097202603508e+01, 6.965981646361445e+00, -2.411254706253432e+01, -4.381891576238735e+00, -1.018045463855894e+01, -3.020264505129689e+00, 1.105434303102075e+01, 1.039384470835755e+01, -5.342851543222975e-01, 1.375087473504223e+00, -4.144391766699244e+00, 4.779821351569458e-01, 3.288103888173380e+00, -1.423463729540231e+00, 5.887061835237095e-01, 1.114744679990717e-01, -5.808783123425292e-01, -2.868782640887572e-01, -1.142770350782147e-02, 4.201358392107435e-01, 1.105789254341989e+00, -3.007460530477468e-01, -4.954471317151330e-01, 2.665864476508860e-01, 1.119137573270489e-02, -2.265467573638802e-02, 3.664543258354948e-02, 1.657209186931271e-02, 4.148468025578977e-01, -1.208492558345609e-01, -1.603397090239533e-01, 7.509634953680279e-02, -1.300227728101482e-01, -2.450407139204441e+01, -1.120637945977699e+01, 1.088617010631025e+01, 1.486790009538662e+00, 2.120685318472977e+01, -2.197192219253401e+00, -1.459193244343193e+01, 1.797830877817306e+00, 5.408647309944946e+00, 1.048870970046480e-02, -7.321087134326860e-01, 2.313555543455212e-01, 1.218436060006975e+00, -2.042803361430145e-01, -1.008793083353831e+00, 2.719205159797908e-01, 6.945476173965380e-01, -2.185270827660611e-01, -5.200338839706065e-01, 5.644924408871958e-02, -1.394589893815898e-01, -2.243026151772334e-01, -1.604619135887169e-01, -2.403629756357083e-02, 1.716978888862061e-01, 5.684608700076060e-02, -6.606830016087879e-02, 5.825991500605181e-02, 5.468435171124039e-02, 7.008741716974658e-02, -1.286639658069301e-01, 2.015961490640479e-01, 6.579004687247200e-02, 7.923569142739161e-03, -4.887935478672014e-02, 2.215843367843298e+01, -9.008193970714120e-01, 3.068238497528116e+00, -3.105983302144319e+00, -5.513795187236683e+00, -4.973402130286645e-01, 9.242981693807080e+00, 2.711215229584613e+00, -1.520998365413682e+00, -3.130120203645706e-02, 2.743860583927918e-01, -6.114978104104164e-01, 1.458126335959201e-01, 6.680776423754987e-02, 2.692235999223535e-01, 1.442171809121334e-01, -1.766189363291734e-01, 1.225774736015024e-01, 3.230586904361590e-01, -4.025938694330525e-02, 9.269650209829504e-02, -2.977133110609587e-01, -9.294488084432968e-02, -1.339398211364671e-01, -1.245112526016456e-01, -7.193365250402672e-02, 3.993704675124521e-03, 3.436689348859004e-03, -2.783097860298740e-02, -7.832284166294139e-02, 7.857227869161164e-02, -8.067273666465082e-02, -6.710982691420592e-02, 2.883584572211014e-02, 6.209320128383961e-02, -1.675717909800635e+00, 1.018285015270190e+01, -1.765070858516398e+01, 9.034530130708118e+00, 1.821913968239600e+00, 1.727277301237935e+00, 2.620177006930808e+00, -1.165086206578934e+00, 1.132831472438974e-01, -1.857280791962323e+00, 1.226638729494181e-02, 1.053809366176244e-01, 1.305838130595337e+00, -9.400574741737840e-02, -1.671026056000081e-01, 5.517472982132649e-02, -1.167743909723788e-01, 5.748262224736671e-02, -3.125281585111483e-02, 8.940342528794881e-02, -1.029958178982207e-02, 5.803811853724877e-02, -2.525607376477906e-01, -5.717414078060994e-02, 3.661165015659050e-02, -4.016585376061362e-02, -3.132062336770501e-04, 9.232514967698183e-03, -3.218787488260657e-03, -2.085203449452742e-02, -5.208195050554668e-02, 1.212837494638794e-02, 1.191520509330796e-01, -2.457561284962104e-02, -4.793408290497331e-02, 4.482845149148253e-02, -4.232486155546820e-03, 1.315398088753831e-01, 3.645380597577669e+00, -9.249781649760330e+00, 4.270505655039812e+00, 2.684474841366802e+00, 7.240227609650711e+00, 1.991012273489768e+00, -4.256032228617892e+00, -2.903981637274482e+00, -1.392480961624571e+00, 2.139647816153610e-02, 3.458149213335032e-02, 4.554001880904055e-01, -2.996398001089758e-01, -3.553672173879945e-01, -2.065495946816886e-01, -9.949753967283233e-02, 1.369147703056488e-01, 8.840117061949852e-02, 4.907796410608653e-02, 1.246721740516587e-03, 6.849447400339324e-03, -1.161997182040988e-01, -4.447154270513527e-03, 5.742538091679376e-02, -1.623590136660002e-03, 8.779303915852354e-03, -2.374317463448896e-03, -9.500541028457876e-03, -1.074420720081055e-02, -1.447684076254103e-02, 7.761482494966387e-03, -7.845856520708638e-03, -6.765044702006469e-02, -1.011872891207751e-02, -6.063954157838132e-03, -1.049482819802501e-02, -2.686439061750235e-05, 1.947332761469132e-01, 4.392962403330051e+00, -9.564627157399437e+00, 8.443066028720649e+00, 2.271525476753350e+00, 1.973766584904179e+00, 4.313168820007311e-01, -2.831598391511310e+00, 3.261620971778335e-01, 2.109290968399118e+00, 4.806163453526777e-02, -1.219660425360393e-01, 7.854684058319467e-01, -5.827235267773451e-01, -1.399069185497338e-01, 7.014069217304565e-02, 9.990564578703756e-02, 1.179261002583006e-01, 4.931715680977949e-02, -1.472302070646291e-01, 2.602148054126225e-03, 1.741897400945494e-03, -1.812791191040703e-01, 2.204514153543463e-02, 1.474720234240738e-02, 1.443517207055372e-02, -5.527590285866808e-03, -9.243545876554090e-03, -2.300255291602030e-02, 2.073469390289336e-03, -5.553786987550204e-03, -1.460782049698890e-03, -2.333920461165252e-02, -8.939730789498371e-02, -2.715114804489746e-02, -3.073575489865791e-03, -1.971621609071874e-03, -6.623785031041639e-04, 2.658830428923612e-03, -4.154359936049792e-02, -1.024923117457049e+00, -8.347485940599553e+00, 7.600959120212482e+00, 3.810480938741844e-01, 3.948110228260262e+00, 1.110174465137433e+00, -8.897859909133543e-01, -1.637228093211184e+00, -1.463362408292872e+00, -1.488411431413388e-02, -1.409295712723132e-01, 7.587229771475055e-01, -4.152903864862714e-01, 1.189151679991332e-01, -1.512516985288035e-01, -1.623709915147421e-02, 4.609851869207659e-02, 1.091356603344304e-01, 8.771218671969101e-02, -1.198792140963433e-03, 1.592324381308041e-02, -9.038608158859449e-02, 8.564061893375389e-03, -2.232970044976789e-03, 6.944275915588366e-03, -9.038783617917590e-03, -8.585428043968269e-03, -2.037182472956785e-03, -6.696199775397099e-03, -3.314588759467764e-03, -2.218545422991598e-03, -2.003539425124798e-02, -5.717645577768977e-02, -2.736318000059495e-02, 4.476683157755801e-03, -2.915464735342964e-04, 4.305691470727502e-03, 3.236976111410403e-03, 1.420147610986050e-03, -2.265159177603097e-01, -3.739071433054052e+00, 2.164717093015110e+01, -1.146469479526977e+01, 1.333480761733318e+00, -2.547427383097049e+00, -1.208447232487677e+00, 6.971404074672416e-01, -1.284653204449486e+00, 2.368294605658256e-01, -2.813376945632830e-02, -9.033611804826415e-02, -4.019141968718131e-01, -6.588009409802497e-01, -4.785838185294115e-01, 2.074262865152288e-01, 4.210750217120902e-01, 4.888133143863180e-01, -9.606494054138231e-03, -1.252275586046090e-01, 5.114879144815278e-03, -1.888404811768985e-03, 2.559179827940338e-01, 1.396810045947488e-01, -2.463500990325726e-01, -8.123189494164997e-04, 1.857574189719023e-02, -1.903704842617416e-02, -5.856870961754957e-03, -6.383900916777740e-04, 1.422126708266996e-02, 5.510137743277025e-03, 9.960674000968994e-01, 2.834005118312293e-01, -1.663438982668262e-03, -1.998341215112663e-01, -1.072355969249333e-01, -5.138865693927854e-02, -1.673074296820136e-02, -2.415801526878598e-03, 6.784681718058418e-03, 4.231706015551017e-01, 5.489202068330923e+00, 1.713160902392747e+01, -1.009803613585682e+01, -4.961891553198257e+00, 1.790711673123819e+00, -5.493639337005353e-01, -5.117045692196287e-01, -7.636523543099226e-01, 5.164788127617926e-01, 2.488791513051467e-02, 3.344734817559735e-01, 2.862476480625368e-01, 5.024649663693583e-01, -2.421887942104255e-01, 6.344114558065955e-02, -1.111267043064484e-01, -8.982118489194986e-02, -2.905237642098984e-02, 6.832992684502695e-03, 3.858170746333903e-04, 4.730102760408791e-03, -8.879490585336654e-02, 1.167272688446508e-02, 1.145659854113052e-01, 7.656769379300974e-03, 4.037317728516825e-02, 2.231558354808912e-02, 7.454053579496123e-03, 4.343990018779105e-03, 5.582651887165597e-03, -1.006702122854973e-03, -3.842469855290303e-01, 1.414094257797381e-01, 3.729179730730001e-02, 1.778485691581347e-02, 2.253877659416559e-02, 7.745612616715439e-03, -7.143013114312889e-03, -6.946347737916245e-03, 1.044614357287295e-02, -3.163694610836032e-03, 1.631170571423428e+01, -8.611314929516748e-01, 2.674321125126230e+01, -1.113630136609531e+02, 2.216098365277702e+02, -3.138781491289533e+01, -1.810192914111799e+01, 8.667445780498278e+00, 3.274617478748745e+01, 4.107508912304268e+01, -3.079621279859952e-01, 5.183909984824638e-01, -7.298836122657524e+00, -4.541364239138620e-01, -1.401974737466135e+01, -5.676800129959559e-01, 1.239493202857668e+00, -8.528961789237319e-01, -1.701554967969158e+00, -1.657227728813485e+00, -1.361767231363918e+00, 2.681334270055224e-01, 6.726851793029976e-01, -6.922195441991064e-01, 1.668944420803935e+00, 3.800939008594765e-01, 3.839868677884284e-02, 2.340741146943576e-01, 2.488656591958709e-01, 1.753281444532360e-01, -8.453583897334319e-01, 3.957840201368114e-01, -4.724157267603744e-01, -2.045763070575732e-01, -6.716824441752000e-01, -2.846743044479929e-01, -9.610633405216069e-02, -9.761929309686324e-02, -8.274238545107805e-02, -6.365521933825101e-02, -8.450880070201833e-02, 1.336192930883996e-02, 6.221125539215488e-02, 5.536922691450826e+00, -2.926282471796862e+01, 9.932603596229534e+01, -6.070478654045561e+01, 2.760713387667969e+01, 4.527646091903088e+01, -1.009685136462253e+01, 1.954262942836537e+01, 1.782947659963078e+00, -1.081232707201677e+01, 3.668878036184965e-01, -3.061816278970434e-01, -1.671742776722156e+00, 8.436433501654299e-01, -8.423544849027480e-02, -1.876565343868888e+00, 4.055608367030772e-01, -5.429562441981052e-01, 3.297890008848512e-01, 1.997469215276581e-01, -3.333176938453790e-01, 1.003460804165499e-01, -5.068764777893685e-01, -8.852534674810920e-01, -2.358896060219696e-01, 4.872873915564209e-01, 2.266607303895075e-01, 9.148212550832241e-02, -8.071220772044745e-03, 2.813958869503248e-02, -4.299665953531610e-01, -6.139279687044726e-02, 2.281550360455918e-01, 3.355097694279242e-01, -1.492737500995137e-01, -2.807993425705544e-01, -1.682594607729494e-01, -6.624721721800735e-02, -1.531838387575062e-02, -2.540215303004700e-02, 4.773177520394856e-01, -8.460945169248575e-02, 3.337929576709671e-02, -2.598061794348069e-02, -5.538213293800278e-01, 2.517786151564683e+01, 5.186844394800191e+01, -4.257099256591600e+01, -2.655814369513432e+00, -9.086363559471257e+00, 1.143375799711783e+00, 4.181767067633667e+00, 9.288165780465697e+00, 1.091069506781826e+01, -3.589627996249027e-01, 1.280286504316301e+00, -1.086156218124733e+00, 1.393632432944326e+00, -2.865955255118594e-01, -2.878476731449319e-01, 1.870868467445312e-01, 2.874287146045827e-01, 9.979819161160572e-02, -2.544287617787011e-01, -2.430076299966656e-01, 2.965366494753540e-01, -3.946002091230654e-01, -4.137804329176885e-01, 1.505236398664859e-01, 2.811890123691594e-01, 1.514878436266514e-01, 1.648739189419727e-02, -1.237958566988164e-02, 4.436151294798941e-02, -1.046268454152949e-01, 3.959067049031993e-02, 5.178830535892417e-01, 1.416414399016981e-01, -2.918071274397008e-01, -1.213469082922951e-01, -6.335477832859569e-02, -1.344661360808754e-02, -2.192373487531839e-03, -1.974412365148468e-02, 1.768696009325471e-01, 2.106429081917528e-02, 2.596520875602297e-01, -2.403467038240500e-02, 8.807048466280577e-02, -1.097575308025856e+00, -2.063107061017067e+00, -5.167137451873444e+01, 2.745327268635663e+01, 2.381417264237165e+00, -2.143633297331228e+01, -7.281202143187166e+00, 1.181800820932830e+01, -1.072239401415384e+01, 3.573901479911227e+00, -3.211689897366989e-01, -1.696661405993664e+00, -1.415232882799812e+00, -1.859586746772826e+00, -1.561908457453617e+00, -4.711081786817683e-01, -6.283748141646137e-01, -1.277723149452777e+00, 3.515511116726835e-02, -5.017878541562404e-01, -1.200597852697525e-01, 2.556841103928666e-01, 9.912354375602893e-01, 5.008579549665684e-01, 5.182559000263128e-01, -8.747513178952122e-02, -7.137403484554963e-02, 1.090545533423609e-01, -1.983672345156974e-02, 4.844244453968228e-02, -9.497974631938862e-02, 4.241340280787471e-02, -8.436886038168219e-01, -3.578420476229667e-01, 4.031389062494604e-02, -4.689139296328268e-02, 5.195407274444400e-03, -2.256457232403331e-02, 1.713233039772547e-02, -7.352469581786778e-03, -6.518752306213491e-02, 2.841768870822130e-02, 3.539296396532785e-01, 3.136476418205633e-01, -4.954481327356750e-02, 7.268814452583397e-02, -1.018680147284691e+00, 3.925680962559376e+00, 2.299257112058952e+01, -9.472644809393735e+00, 8.272169663258554e+00, 5.942939245376565e+00, -3.740135021830155e+00, 8.138572574099854e+00, -6.911506920175694e+00, 3.013172489885776e+00, -2.927252084381868e-01, -1.197846759194031e-01, -2.288140538214050e+00, 9.385135233503169e-01, -8.544733122371534e-01, -3.625637680945794e-01, 2.251511906019957e-01, -5.541844831990707e-01, -6.079474707540915e-02, -3.312356452890319e-01, -1.929659043457369e-01, 4.836706204517507e-02, 6.023483894925457e-01, 5.985966284854243e-02, 3.267285576830914e-01, -1.250993902809684e-01, -1.248881781511767e-01, 4.604073080174603e-02, 2.608126955351791e-02, 4.953131995612703e-02, -1.973548031920722e-02, 7.067369882514270e-02, -3.658983614375046e-01, -7.468645478346691e-03, -3.948638545457986e-03, -1.714606903426112e-02, 1.336288322720654e-02, -2.425306223358343e-02, -1.088960868851031e-02, -1.481490017071017e-02, -8.711151643126866e-02, 3.375814260709799e-02, 1.575192429532536e-01, 4.069656829164471e-02, 5.338185405245452e-02, 1.086407180196536e-02, -4.055821177712229e-03, -3.036704083913038e+00, 1.431746710035590e+01, 7.990488970195991e+00, 6.478484383880674e-01, -3.203955156453271e+00, -6.724386157997851e+00, 1.169659011325358e+00, 5.052175955612983e+00, 1.169505903582510e+00, 2.335166185287246e+00, -2.335185938785757e-01, -2.323278481514155e-01, -2.857690374292636e-01, 9.493635263739619e-01, 3.044676731294406e-01, 3.494668393708112e-01, -5.666412217018051e-02, -1.406469870969951e-01, -2.141101992795023e-01, -2.853305533149134e-01, 1.544908965204199e-02, 5.930459742378722e-02, 1.912866212982067e-01, 1.515300715090295e-02, 1.267009524246484e-01, -1.836949163829344e-01, -5.289542578232328e-02, -1.211900650741093e-02, 4.527402860600935e-02, 4.640081450442595e-02, 1.636159895479937e-02, 1.068998929292459e-02, -1.384569931470488e-01, -1.603874443290534e-02, -4.069009409308812e-02, 7.140829046312416e-02, 2.093738463598848e-02, 5.454058776122942e-03, -1.601011101723617e-02, -1.267151330239173e-02, -3.962137363168568e-02, 9.364334711727583e-03, 1.337208852751786e-01, -3.803504946611811e-02, 1.058588106034582e-03, -1.417173831163853e-03, 5.093411625661931e-02, 1.685879125166207e-02, -2.034904823323454e+00, 8.926707703737947e+00, 2.047776286879688e+01, 3.369362303791845e+00, -8.544374298807515e+00, 1.549402615453608e+00, 5.893476175080269e+00, 3.042870185530969e+00, -9.564359044299188e-01, -1.208314626908921e+00, -3.238868004946288e-02, 1.957547022608407e-02, -1.140637108780805e+00, 5.420955385942717e-01, 5.842558788291309e-01, -1.418983182704742e-01, -3.421467254866724e-01, -2.710171525546870e-02, -1.111087341055628e-01, 9.152930292208190e-02, 5.034146762565830e-02, -2.100646042677335e-02, 2.519340865625446e-01, 1.672376836225752e-02, 2.012624598537178e-02, -7.677956527073952e-02, -5.906276006595974e-03, -1.482121855549152e-02, 3.882527157991751e-02, 8.985756364114640e-03, 1.204475173324879e-02, 1.843288564479862e-02, -6.076091803606124e-02, -1.266215879291174e-03, 3.577018176107544e-02, 3.247152468831470e-02, 3.532298766318098e-04, 6.324566999692222e-03, -1.423778163748650e-02, -2.342401962747600e-03, -7.730969311327442e-02, 1.007504336722233e-02, 1.021941819288945e-01, -1.767531953948326e-02, -2.117022379379191e-02, -1.554312786775761e-02, 2.928846191203707e-02, 1.824285414718386e-02, 1.571267578119160e-02, -9.382495107358224e-01, 1.340818232494941e+01, 1.379580905893486e+01, -2.864217555328147e+00, -7.648659254553549e-01, 3.391446417339691e+00, 6.630058307948567e+00, 9.092889888200325e-01, -2.199277042680799e+00, -8.387524516138652e-01, -1.797577636572893e-02, -2.301235964024169e-01, -9.644423834730087e-01, 5.115052680012070e-01, -1.406072781805729e-01, -1.594846069999890e-01, -3.751582781288431e-01, -8.962260483165200e-03, 1.482639877585507e-02, -3.237623208394901e-02, 2.636718782657309e-02, 1.252122957616160e-02, 1.915827869742524e-01, 7.803417802680367e-03, 7.969758606718871e-02, -2.391307436903240e-02, 3.915838663834154e-02, -4.111678799475465e-05, 8.099949460817005e-03, 1.558687427055530e-02, 1.093908231926946e-02, -1.579006819939963e-04, -8.078504280090749e-02, 4.195802427692763e-03, -3.066988268698022e-03, -3.721768334879800e-03, -1.438723770046784e-02, -2.693099858439000e-03, -7.637199812934651e-03, -3.002718373377146e-03, -2.805869093928710e-02, 9.387006167649644e-03, 6.154583987668276e-02, 3.603687495096991e-03, 1.331611004235489e-02, 8.122789335997084e-03, 2.222577198284707e-02, 1.683887306179865e-02, 1.464261790582956e-02, 6.212942839189502e-03, 1.008215679815532e-01, -1.545754107106000e+00, 1.214579435422158e+01, -6.011549137801942e+00, 1.452961052531540e+00, -2.182348531631431e+00, -5.799019554461246e-01, -1.163019053362721e+00, 1.772412282692289e-01, 7.027925555326604e-01, 8.472491327191021e-03, 7.962014553041054e-03, -3.476053672123637e-01, 3.015077496721618e-02, 7.426762741686273e-03, -8.837183629694793e-02, 1.452673262552574e-01, 2.024265827536759e-02, -5.689300738573440e-03, 8.390551183422572e-02, 4.377533609175115e-03, 1.897663844977238e-03, 2.148060938751469e-01, -4.005256107018908e-02, -5.032647360736556e-02, -4.219816863666091e-02, -8.033128031515417e-02, -7.427426766690967e-03, 1.415846840478002e-02, 2.163790216056309e-02, 6.681044812314399e-03, 2.553808471057561e-03, 3.358462141871442e-01, -1.464946249515158e-01, 4.908410840967968e-02, -1.320666116400729e-01, -1.189643296652887e-01, -1.620049049681505e-02, 1.440507076432536e-02, 9.260072122989359e-03, 2.302978820148652e-03, 3.032562285196983e-03, 3.686737445174035e-01, 1.730960941346548e-01, 2.560584611324502e-02, 4.096639311894274e-02, -6.588503113450576e-02, -6.615955913001452e-02, 9.354700648096518e-03, -3.468719320999836e-03, 1.099519299036189e-03, 8.821934512155336e-02, 3.958898660569789e-01, 3.777263282331829e+00, -5.330223374203075e+00, -1.317908284536094e+00, 4.995806558626139e-01, 1.496114507631549e-01, 5.949829155127936e-02, 1.265640450880171e+00, 3.959813746843616e-01, 8.584786174372564e-03, 5.203724715118176e-02, -2.462695775975877e-01, 1.989127793746976e-01, -8.572594507973423e-02, 3.769583417268167e-02, -2.028284388952618e-02, -2.831951393232062e-02, 8.520030101758296e-03, -3.202628522849373e-02, 1.322498049224382e-03, 9.587928256279127e-04, 2.564434688577082e-02, -3.056744937980959e-02, 2.300599796951189e-02, 1.380894007410092e-02, 1.133198496306074e-05, 1.040764545291829e-03, -2.986506821571679e-03, -3.272251957574778e-03, 1.688920257039652e-03, -7.692617913361718e-05, 7.721309860834497e-02, -1.155531234676956e-02, 1.386432703037615e-02, 2.315901023121408e-02, 2.462977330797022e-02, -2.260974789972200e-03, 2.240281210126964e-04, 1.832112895702295e-03, 4.411487411108303e-04, -1.929205149463420e-03, -5.570513139001287e-02, -9.592540836177806e-02, -9.131550939707365e-02, -1.265966317684441e-02, 4.425871662868815e-03, 8.150332535434218e-03, -9.155161456875888e-03, -4.086321109204423e-03, 4.858036847876400e-04, -5.703170931379952e-04, -3.525544969494682e+00, 9.627231125006729e+00, 4.109469422584049e+01, 1.922526027969217e+01, -8.406183845745589e+01, -1.169863829068612e+00, -1.852604795226279e+01, 3.026585301459735e+01, -2.736333995430287e+01, -7.678411399665044e+00, -1.674782473896891e+00, 2.156240167018041e+00, -1.469921026340639e+00, 1.360583132861860e+00, 5.571704286433872e+00, 1.575233111990803e+00, 5.298329671546022e-01, -9.876815106394651e-01, 1.697623686745257e+00, 4.223106174589320e-01, -1.081981299682638e+00, 4.941179237365143e-01, 1.080740525330077e+00, 1.808508155859303e-01, -1.930804722406939e-01, -7.600059770964642e-01, -2.173775472590171e-01, 7.040446428394756e-02, -1.681802759280775e-01, -3.105728259861276e-02, -1.088681173251072e+00, 4.675646617813811e-01, -2.289099965109030e-01, 2.470971265860923e-01, 5.943264211238532e-02, 2.019223304243976e-01, 3.842006067785832e-03, -2.321887274048150e-02, 4.103326129318291e-02, 2.100794099903544e-02, 3.489463306666095e-01, -1.773934318177409e-01, 5.824728831829337e-01, 1.714868389719193e-01, 6.384577329099137e-03, 1.464063493545871e-02, 7.142414729756252e-02, 1.280706268465259e-01, 1.871303521347921e-02, 2.650083093299527e-02, -1.035796277858080e-01, 2.061047564915512e-02, -3.214253287918913e-02, -1.140020170617619e+00, 3.067258724287974e+01, 6.803028132812402e-01, 8.447141420937418e+00, 3.557315420172535e+00, -9.437186310481713e-01, 5.023281247102712e+00, 8.216345133973560e-01, -4.868309455591298e+00, -8.199397221931291e+00, -7.073674827081763e-01, 2.232315636382639e-01, -5.970234700782877e-01, 7.514297234285472e-01, -1.671916092730490e+00, 3.922908104189092e-01, 2.473546803774923e-01, -1.751842004684999e-01, 1.648899743409026e-01, 3.575751313669730e-01, -3.977439777039096e-01, 2.424609549485005e-01, 1.750368765829997e-01, 1.898907286893328e-01, 3.714600748760313e-01, -2.952628596509602e-01, -2.011302721468033e-01, 3.378090838924584e-02, -1.798653868547250e-02, -6.049110533391785e-02, -9.827790537619251e-02, 1.527103301008527e-01, 1.982967559820005e-01, -3.205065946207765e-01, -1.492345709149032e-01, 1.367491049878150e-01, 1.067217153122548e-01, 5.011022313787915e-02, 7.021170809468838e-02, 5.224289014186044e-02, 7.477308198090655e-01, -4.372282675172939e-01, 4.665468683963423e-01, 1.853904450036267e-01, 6.279535544626917e-02, 5.190513014778223e-02, -1.387697252700876e-02, 3.441763254128600e-02, 2.636439068385998e-03, -1.590322615990290e-02, 1.337077901985092e-01, 4.072680089081954e-03, -7.229071103751049e-02, -1.211858874827764e-03, 9.657184397223217e-01, 1.863899924693361e+00, -1.305572103158239e+01, 8.291875561573242e+00, -3.942513738109457e+00, 7.032539462197414e+00, -1.090232686080618e+01, -1.295004478721977e+00, -2.144878820052492e+00, -1.539259645059731e+00, 2.646086630376982e-01, -9.122070848051845e-01, -1.157174233588934e+00, -2.051442564575962e-01, 7.199537352796617e-02, -3.688796514942985e-01, 3.016896283012884e-01, -2.117448075723593e-01, -1.943519229439621e-01, -6.839668088842524e-02, 1.531194707633708e-01, 1.363717765524992e-01, 4.051258858422647e-01, -1.295731572765864e-02, 1.007432900595408e-02, -7.871115498476974e-02, -8.603593052636802e-02, 3.957101022753915e-02, 2.890246718667247e-02, 1.102552801883860e-02, 1.867165777373122e-01, -8.138851790505906e-02, -1.001550467105601e-01, 7.921623050407574e-02, 2.185937694297991e-02, 6.092123507884259e-04, 2.454430216966670e-02, -8.003839191229521e-03, -7.680856262392290e-03, 6.712708160482602e-03, 1.295198088238696e-01, -1.018159986273533e-02, -4.927612648077691e-02, 1.537849487491553e-01, 1.090798619464689e-01, -1.079585591411363e-01, -5.618992810808829e-02, 9.475515393146249e-03, -1.096030556734046e-02, -4.988523459347309e-03, -9.666237752139848e-03, -2.303856982421846e-02, -9.187579229479549e-02, -5.697952882836495e-02, -3.197900959874194e-02, -4.647927549357089e-01, -1.647824337569419e-01, -7.151571641685396e+00, 2.251368298158196e+00, -4.575454745110015e-01, -3.411005655396245e+00, -1.397245555980119e+00, -6.782247396505364e-01, -2.154628124518930e+00, 5.063240920626652e+00, -6.637087588496460e-02, -2.394146611219667e-01, 1.516458460482007e+00, -6.473289879455169e-01, 3.160577765770851e-01, 3.174867630071997e-01, -2.219606369730029e-01, 1.777154667479086e-02, 2.814933143584566e-03, -2.963736568131236e-01, 2.091773287057721e-02, 1.385644324537393e-02, -2.865328533510447e-01, 1.090752496476936e-01, -1.267485728316452e-02, 7.189738106722821e-02, 1.215553128267140e-01, 5.780661288365271e-03, -6.450798322675668e-03, 3.256734858348448e-02, 5.307636939775297e-02, -4.746223097634351e-02, 1.981366552968351e-01, 1.578302422334332e-03, -9.323639608988765e-02, -4.500756854313859e-02, -2.616689571826815e-02, 1.071686613435068e-02, 1.865839704548034e-04, -5.756951201890960e-03, 5.144268982479695e-02, 1.607518634760386e-03, 6.876706635387612e-02, 5.778359274442890e-02, 3.778810708072453e-02, 5.189867719217559e-02, 2.424592803423767e-02, -1.434796983415012e-02, -8.591465129139412e-03, 8.839744280344836e-03, -1.126802572874484e-02, 9.510436094244417e-03, 1.371774943878675e-02, -1.891448060707810e-03, 4.940749154122560e-02, -8.239900806317377e-03, -2.637627256082241e-01, -9.238031083754832e+00, 6.684778744655127e+00, 4.462505430137244e+00, -2.658060680512456e+00, -7.482465838420581e-01, 8.254572169198559e-01, 2.902784684518358e+00, 3.526941668201132e+00, -2.085183078371755e+00, 7.140276557983410e-02, 3.184766451870597e-01, 4.356164698431876e-01, -4.141187831256930e-01, 5.496684285987878e-01, -1.787604563643247e-01, -1.373457787240163e-01, -9.966968131783317e-02, 2.707685656384497e-02, 1.938221330351859e-01, -1.660210611955082e-02, 3.628015918640853e-02, -2.152177177253934e-01, 1.616638666297145e-02, -1.420908204030784e-01, 1.167368317131579e-01, 5.798264251838904e-02, 1.948360274959061e-03, -1.199162541089324e-02, -2.373783487753557e-02, -4.036038265095650e-02, -1.389343465255993e-02, 5.827636472075484e-02, -1.200677933796014e-02, 2.833928985070710e-02, -1.934817243924281e-02, -1.136542965732106e-02, 6.560709218892641e-03, 5.227137160974732e-03, 8.600602980036674e-03, 6.579207477393957e-02, -1.021804746577546e-02, -1.427614193873005e-03, 6.378094423049056e-02, -5.270642761768323e-03, 1.794949821312133e-02, 8.081404915616812e-03, -3.171744321387261e-02, -8.587047509199466e-03, -7.454100983312566e-03, 1.232211961982974e-02, -4.563847511456418e-04, 1.415490992504915e-02, -2.416442786898388e-02, 2.318010967997771e-03, -1.442910017524533e-02, 4.284774049036951e-03, -5.169675777094285e-01, -5.203763868283473e+00, 8.192680448291675e+00, 3.859800449207953e+00, -2.111748547863896e-01, -1.652506335066555e+00, 1.993725284719087e+00, 2.498772948113329e+00, 1.054107314497072e+00, 9.969813817625265e-01, -9.050816857158121e-02, 3.760850741321390e-01, 1.202281319610950e-01, -2.201854592790199e-01, 3.245042768115152e-01, -1.699825671410880e-01, -7.819384615628655e-02, -1.085544230533636e-01, 7.732209806853742e-02, 8.797748881268795e-02, -3.517702128544414e-02, 2.131871546215068e-02, -7.793286824031315e-02, -5.661043793028201e-03, -8.944584019330677e-02, 7.187034970455301e-02, 7.276771284795323e-03, -9.855019027371135e-04, -3.146839061048206e-02, -1.656239105198044e-02, -2.735361814240326e-02, -4.257481448722441e-03, 5.662572154059865e-02, 3.792724338259377e-02, 2.729516748705197e-02, -1.593350346915224e-02, 1.855074815943864e-03, 2.898329533016286e-04, 1.083149344081650e-02, 3.307866391062800e-03, 1.552214781770481e-02, 4.498896616116175e-03, -4.398460035617664e-02, 5.130144825519066e-02, 1.821934977637756e-03, 6.118800761476665e-03, -1.373331081369337e-02, -1.812739010919664e-02, -6.983647616592285e-03, -1.727024221556916e-03, 2.843158829282420e-04, 3.086426514074774e-03, -5.180039075078878e-02, -5.245557319509651e-02, -5.905983135339119e-03, -6.065465910916808e-03, 9.716115235804642e-03, 4.819336235544068e-03, -3.878791304237266e-01, -1.001766074478628e+00, -3.668613313206096e+00, -2.208534750532506e+00, 3.955915270276554e+00, 9.072176114822199e-01, -1.925218020004703e+00, 1.219049319291838e+00, -4.868819865903712e-01, -3.486749414712755e-01, -6.128860470760394e-02, 5.343977274338790e-02, 3.763387875890800e-01, 4.361660078722013e-02, -1.270785319887909e-01, -1.802110790006595e-01, 4.793545932038129e-02, -7.155161925888405e-02, 9.008375262957258e-02, -1.388773586515024e-02, -3.239353520152935e-02, 5.162034315432975e-02, -9.431797218279724e-02, -3.646082736464459e-02, -2.082254067430175e-02, 4.408616489225495e-02, -2.682608992116414e-03, -6.856531807430888e-03, -2.402189274977228e-02, -2.579618854443323e-03, -2.253295369620867e-02, -9.313924610144604e-03, 2.960570904851558e-02, 4.836327888163313e-02, -1.371067100269794e-02, -1.207193413697428e-02, 9.268518242415003e-03, 5.629427836625246e-03, 8.554810942019202e-03, -1.493147588711346e-03, -4.896996261647493e-03, 1.902095107361297e-02, -4.003651319053982e-02, 1.482227702099127e-02, 8.034550113136526e-03, 3.003394153852400e-03, -1.480338391959847e-02, -1.075651981611617e-02, -9.289030585607840e-03, -1.703823320595592e-03, -5.129194711625581e-03, -1.209379234197310e-03, -2.082356780234886e-02, -4.389864684338463e-02, 1.017704711145507e-02, 3.777682574026790e-03, 1.958853214048500e-03, 2.532218729486934e-03, 7.661835557605565e-04, -1.038931606552405e-01, -2.236146592691415e+00, 2.231120700888949e-01, 1.036612766267437e+00, 1.153066563814047e+00, -1.818514430636397e+00, -2.083153801413548e+00, 1.224752572241089e+00, 2.351934791112270e+00, 1.237809973841458e+00, -2.998075411782647e-02, 1.216322600700846e-01, 9.595369852935001e-02, -8.095592725865984e-02, 7.223554848806206e-02, 2.073762589566201e-02, 1.288553290077039e-01, -6.320210715133770e-02, -9.047841745717666e-02, -3.048639619245279e-02, -4.888460497417538e-03, 5.169656293609231e-03, -5.800817560720895e-02, -2.446327573807447e-02, -3.623977319921755e-02, 1.754024848048324e-02, -2.263173666405800e-02, -1.286399559066990e-03, -2.392993525364601e-03, -8.024900113409441e-03, -4.440630888692199e-03, -1.454689852932038e-03, 4.106037785231596e-02, 3.048451323578544e-02, 1.087063809209971e-02, 5.667724683824842e-04, 1.232804906802364e-02, 1.650391336456736e-03, 8.900109940413377e-04, 7.722224959126277e-04, -4.954207335796745e-03, 6.842894925236295e-03, -1.304168533510672e-02, 8.628819928701114e-03, -9.026832422834274e-04, 2.313454424656165e-04, -8.585389594879315e-03, -8.026295279969935e-03, -7.282737557805650e-03, -7.063099860282336e-03, -1.294719416563360e-03, -1.026808445694308e-03, -2.323989948557430e-02, -1.435624605501548e-02, -3.121428248506127e-03, -4.999643815828548e-03, 8.420111305539188e-04, 1.549147266701095e-03, 3.944650899009462e-03, 2.703272613207144e-03]
